-6.439428115937113938e-04
7.217237928870647544e-03
6.873581737699914311e-03
1.456197954649526101e-03
6.288519919271408354e-03
1.393891084239268739e-02
8.428285534996525150e-03
-8.911317266760511446e-03
2.449892305344029530e-03
2.030544578803656925e-03
5.681393416210165801e-04
3.932211725997660119e-03
-3.761172260570188382e-03
1.881281481607109500e-03
1.270232179502399968e-03
-3.540949408951376502e-03
-1.671787392093346952e-02
-1.145055373708936224e-02
1.630771839967437228e-03
-8.466750334955820342e-03
-4.690416023608025460e-03
5.669962518867764471e-03
-8.010006275121687655e-03
-1.736173532554313725e-02
-1.656920441632888513e-02
-9.467717042891305584e-03
8.904109356715228865e-03
3.277122941505690185e-03
-2.874463646693689589e-02
3.038380001017587304e-02
4.394671234502993407e-02
-6.693672302969660114e-03
-2.991028271967165978e-03
-3.438359649271577681e-03
2.061767549140986963e-03
-1.424513678069297754e-02
-1.317344775537201453e-02
-6.988111188372368894e-03
-1.590817970591727054e-02
-2.504791140206570274e-02
-1.475214965317233132e-02
-6.952597391584553442e-03
-2.209656903481844667e-02
-3.982684056102980125e-02
-4.763071756864474537e-02
-2.524277937011346409e-02
-1.474768922883842696e-02
-2.195122364872886811e-02
-3.182555161711581732e-02
-2.091871173447755472e-02
-2.462764784695486986e-02
-1.444029306514254749e-02
1.341632888421552539e-02
-5.340840866305989094e-03
-2.480199447110900332e-02
-4.811084917660227514e-03
1.557605617081899048e-02
-3.398860302223428650e-03
1.137659210013059093e-02
8.818513304953954496e-03
-2.849142682699320073e-03
-1.261039974221121740e-02
6.676848192934552867e-03
-1.267486389769855760e-02
-6.339653681122059403e-02
-2.603632786662822378e-03
-5.826569204416329889e-02
-4.500686871427844737e-02
2.538880314773672014e-02
-2.309583976391974686e-02
-3.517290504214507646e-02
-2.120634974475518741e-02
5.297440767939216866e-02
4.055153231687668586e-02
2.032342316367892129e-02
3.606668588776012346e-02
-1.943388226514933259e-02
-2.256398080151959893e-03
2.029594830656513554e-02
-5.624866441666807881e-02
-5.270084629343826238e-02
-2.412309414378508918e-02
-6.765598765327408837e-02
-4.768091854213659525e-02
-3.761121381205163178e-02
-6.587096993029528148e-03
3.226311415633532909e-02
1.513728948662720897e-02
4.434645455624714253e-03
-1.882349948272645651e-02
-3.971863711140885544e-02
-5.456421823855638759e-02
-7.896409612808032163e-02
-1.059204925122534530e-01
-1.037369197632413698e-01
-1.036497464511643013e-01
-6.831606261553857529e-02
-8.158099146922647912e-03
9.046469820056645544e-03
2.598646608890321091e-02
-5.730441124094771965e-03
-3.965062836015806162e-03
5.948679680477587939e-02
6.913708596916710858e-02
8.206400624120210874e-02
4.780099384359683123e-02
-4.559164221630514213e-02
-5.029577870868171680e-02
-3.077268795685430408e-02
-6.489018537048658886e-02
-2.998473619049234207e-02
3.967437206383664372e-02
3.939555314349677678e-02
6.924308464630361815e-02
5.738954937842376952e-02
3.654240795074877729e-02
8.042280752336211647e-02
2.955853670946186756e-02
8.261689534114614528e-03
8.280124824042196796e-02
4.134440242185778019e-02
-3.689194918847413240e-02
-3.909909604328138527e-02
-5.002662686769669513e-03
-1.369862456116547819e-02
-1.607867645811780419e-02
6.381866594304903828e-02
6.765598765327408837e-02
1.724199921984974002e-02
1.202857724335600412e-02
9.045011278259247611e-03
9.130335973407052719e-03
-5.114732968132558455e-02
-1.478567915472415173e-01
-1.833624476366535194e-01
-2.076336007326628763e-01
-2.420602750877669240e-01
-2.509472041788918251e-01
-2.492461374082051706e-01
-2.690721299798178312e-01
-2.790343096518155819e-01
-2.469752217492325874e-01
-2.370656174210945821e-01
-1.712107592897240682e-01
1.612066889405220360e-01
3.425097094788256968e-01
4.692281600325628466e-01
7.236877363770500837e-01
9.935264487899192476e-01
8.002476129097909618e-01
2.710462493428081876e-01
2.950969251903736712e-01
4.371639841934773507e-01
4.408595220731645892e-01
5.084256228482268991e-01
5.127775045367434226e-01
3.189067720434849429e-01
2.465156114851687064e-01
2.475806861930363312e-01
2.257263029357393647e-01
2.224191442090803217e-01
1.486092973559690056e-01
-3.237589674880857887e-02
-3.570629038549599232e-01
-4.315604701253328845e-01
-1.957787086817156519e-01
-1.020880891406475421e-01
-2.837508267896817205e-01
-4.844054746196767569e-01
-5.919067890032732038e-01
-7.811084917660228166e-01
-1.000000000000000000e+00
-9.813137052049591968e-01
-6.078184624255889013e-01
-3.204874243169445469e-01
-2.864966165222257999e-01
-3.176364838966810322e-01
-2.326306327697030829e-01
-8.062683377711446497e-02
1.219018706646541050e-01
3.235876736258331832e-01
5.128046401980903557e-01
6.207723487610875557e-01
1.444012346725913054e-01
1.305042145074029603e-01
4.983973000016960753e-01
5.990434679375201688e-01
7.654376473381612200e-01
5.843986907043401402e-01
3.224377999762563229e-01
4.352119125553313705e-01
5.338975289588386852e-01
4.566355171887455100e-01
2.948442243440801969e-01
9.552091989891967061e-02
-4.709037871207367304e-02
-2.876430982141343073e-01
-4.894662754608823385e-01
-6.637789800383292471e-01
-2.180672625205637705e-01
2.742160337838984163e-01
-1.128170208435798905e-01
-2.182453402981530954e-01
-2.238318945779557007e-02
-2.566643488289266362e-02
-1.245559079422688953e-01
-2.661940538982073834e-01
-3.170021878126961234e-01
-3.222614181775011466e-01
-3.451571324389872131e-01
-2.926241880501331827e-01
-3.029018197852891281e-01
-3.392686939266998380e-01
-2.555042993063447176e-01
-2.682563641605753002e-01
-2.937350541865237363e-01
-9.014822855010770630e-02
1.468059630615809949e-02
4.938368129165748681e-03
1.038909146413852791e-01
1.313847667181113898e-01
3.376541220765564844e-01
4.986856164035073924e-01
7.220952122517512173e-01
5.588979529535471613e-01
-2.099028204128012554e-01
-2.179502399810050520e-02
1.526765937961094277e-01
-3.914234350355307729e-02
-8.527788613198107603e-02
-1.439913165883689727e-01
-1.295232603497108448e-01
3.720892763258314834e-02
1.961959194749249569e-01
1.841782134558960782e-01
2.122144395637942382e-01
1.434723470651086408e-01
-4.140579685565524970e-02
-2.590471990909553601e-01
-3.049302104709733507e-01
-2.106236114173295204e-01
-2.669759001407662757e-01
-2.797601885928463483e-01
-2.270440784899004361e-01
-3.204077133117378962e-01
-3.898393908044028300e-01
-3.864118175805166255e-01
-4.392636059901972728e-02
1.175594864576090248e-01
3.880772687956854892e-03
1.207889693536624842e-01
2.350117870528976027e-01
1.400166205925750251e-01
1.099733731323033203e-01
1.844173464715160582e-01
1.479758492614012266e-01
1.647543374658684279e-01
2.111290131099164136e-01
2.759476281736004122e-01
2.480708240761155814e-01
1.420775740718756008e-01
1.183557485202584858e-01
1.994895103709105888e-02
1.556569374014212491e-02
-1.467952783949256525e-02
-1.903532723911605939e-01
-1.258472262266167041e-01
-4.185336566999643682e-02
-1.420814748231942204e-01
-2.017231144955311251e-01
-2.147601037939046442e-01
-2.253294438885402873e-01
-4.885877584247749067e-02
-4.733680443668062884e-03
-2.174668860132625975e-02
7.882519546156063761e-02
1.517911232467819005e-01
1.884910876312263783e-01
2.089802079270050850e-01
1.847887658362023788e-01
1.396813255770568141e-01
4.087529467632244028e-03
-1.420239811407153774e-01
-1.439365364720248397e-01
7.421891694791650333e-03
9.392805657785392726e-02
-7.185930159591609467e-02
-1.230234214677000948e-01
-1.190575445618438644e-01
-8.228753625154758278e-02
-4.988026389430660207e-02
-6.521309974051524294e-02
2.269813272730356393e-02
5.109712870783372773e-02
1.794142089106727858e-02
7.168885572308057730e-02
1.903821040313417035e-01
1.824008276376710980e-01
1.859895188508047525e-01
1.306400624120211129e-01
-1.126238488543663124e-01
-1.594818784661567457e-01
-1.116160982310940852e-01
8.629445584519106205e-02
3.129674541661720544e-01
2.418279259874836773e-01
7.553007818462426082e-02
-4.417651747706189124e-05
1.546776792225633135e-01
2.302817020843580254e-01
9.560995878771433309e-02
1.178149008700371675e-01
1.977697878330478831e-01
1.998948493122806036e-01
1.777758933568509281e-01
1.247860522700676850e-01
1.220735037226735598e-01
1.130763360073266388e-01
-3.304631718196157641e-02
-1.482107423299357241e-01
-1.939283957736207542e-01
-2.802469345182572180e-01
-3.876176585316215562e-01
-4.359920628190561143e-01
-3.977341722775299959e-01
-2.658989535810593607e-01
-2.037548971388837282e-01
-1.611091701575564639e-01
1.758373895493784145e-01
2.617794209928260285e-01
2.897732476298696125e-01
4.887030849854994696e-01
5.626816817326120157e-01
3.936621270966538244e-01
1.221121720400929478e-01
2.850092430846463271e-02
-9.661177348506691520e-02
-1.290572053660770380e-01
-2.326882960500653019e-01
-3.170581551142241938e-01
-2.062649458134762637e-01
-1.590066651968183586e-01
-8.813204891202958136e-02
3.281091531977681219e-02
1.537367501653579549e-01
2.012957278293167063e-01
9.856995064701593035e-02
2.415209538184963714e-02
8.692383359055678993e-02
-2.878483116530705654e-02
-1.874955480555602905e-01
-2.154164476027339292e-01
-1.343149093499313440e-01
1.496713193019351129e-01
1.634024727371402586e-01
8.003425877245053111e-02
-3.879161508064379871e-02
-1.424583213201499332e-01
-1.604811491952580493e-01
-2.206010548988348585e-01
-2.441582009056527391e-01
-2.626732018384410616e-01
-2.460746569882807933e-01
-2.077794549124027113e-01
-1.328935094890015822e-01
-1.169531740243881790e-01
-1.413055645065549870e-01
-2.124196530027305518e-01
-2.559757814222478611e-01
-2.437511659854484924e-01
-1.168575208181402009e-01
-6.760256431999729643e-02
-6.644929871275206956e-02
1.794701762122008840e-03
1.219892135746146050e-01
1.626916880077336758e-01
1.921374421247223074e-01
2.273069552091990242e-01
3.516646032257517707e-01
1.746349405559418921e-01
-2.169309567016603768e-01
-1.017463494055594331e-01
-1.033571901022675293e-01
-1.694742465614029470e-01
-1.654335769889591912e-01
-1.905245662534131579e-01
-1.384873564777911736e-01
-4.318233468446314172e-02
5.249817682275325498e-02
-6.852398962060952947e-02
-2.537744008954768149e-01
-2.097654461272323578e-01
-1.980920238115428389e-01
-5.351423774231298114e-02
4.091209741702423602e-02
2.830978749385208021e-02
7.404304394281160939e-02
5.066329732204942482e-02
5.475111510608348525e-02
1.174080355477163801e-01
1.594859488153587967e-01
2.222732900293404590e-01
1.444343062598578697e-01
-3.424859657751471581e-02
8.862947950409580389e-02
2.090921425300612257e-01
2.359547512847039730e-01
2.483642284144293999e-01
2.960551532316876844e-01
3.308430710784729389e-01
2.923121279446432852e-01
2.851550972643862036e-01
2.330681953089225600e-01
1.545954242491053843e-01
9.414259790037821096e-02
1.588565710699930619e-02
-1.319885351830809260e-02
-4.879500703831216556e-03
-1.355638281634245421e-02
-6.261078981734308213e-02
-1.556738971897630719e-01
-2.357902413377881423e-01
-3.086647558638468403e-01
-9.914132591625257618e-02
3.180723504570663347e-03
-2.000067839153367444e-01
-2.500211997354273019e-01
-2.440903617522853508e-01
-2.706426063802723769e-01
-3.468446313790004010e-01
-2.781473127215372543e-01
3.054050845445448886e-02
8.484931228058274766e-02
-1.992317215881145992e-02
-2.801858792802265977e-02
-5.638145955938470705e-02
-1.884028967318487902e-02
2.200312060105490131e-02
6.599155402540576865e-02
8.995471736512727912e-02
1.984719230704000970e-01
3.114766887709242149e-01
4.672879602462561843e-01
2.194664450587656690e-01
-1.757797262690161677e-01
-3.176924511982091165e-02
4.633295456472703855e-02
-1.973118735478181229e-02
-6.857588657293557655e-02
-5.075708495157980893e-02
-6.846887030849854727e-02
-8.557162966606178534e-02
-1.088223122975425367e-01
-1.214481963265098691e-01
8.511982090463512951e-02
2.518562488340145844e-01
2.959771382053152378e-01
4.240879873819175527e-01
3.842172209690823403e-01
9.666926716754575821e-02
2.116530705696793163e-02
6.821854383257297018e-03
1.055933381951393302e-02
9.609331275545682227e-02
3.804928514492139646e-02
-7.621661041670201031e-02
-6.710072418296220143e-02
-9.371605922358090812e-02
-1.424532333836474041e-01
-1.844173464715160582e-01
-2.112222919457965309e-01
-2.499143530688736903e-01
-2.873412139816495237e-01
-4.076912640130251342e-01
-3.302732221901870657e-01
1.951342367247257126e-01
9.897596797991961570e-02
5.618981395112189470e-02
1.213250682631480809e-01
-2.232976612451876841e-01
-1.894951071010634036e-01
-2.459033631260281946e-02
4.990706035988671380e-02
9.047996201007411227e-03
3.134067126842256940e-02
1.181359496633481998e-01
2.227193324627308735e-01
6.900395163068365201e-02
-5.553720129572783937e-02
7.675287892407103851e-02
7.545664230110409043e-02
7.946780184183302800e-03
-6.341892373183183329e-02
-4.911317266760511363e-02
-1.370959754422264830e-02
-1.553340230313925846e-02
-1.083447246578362888e-01
-1.513106524430575250e-01
-1.551013347353425165e-01
-1.798721231959025391e-01
-5.782304156844123022e-02
3.490256601597612612e-02
1.653060393806285444e-02
5.876397062564659574e-02
1.032028560283567847e-01
9.634516561233316678e-02
9.747621389685058590e-02
6.960025778878280167e-02
1.037847463663653554e-02
3.750114478571307808e-02
1.010798297237250482e-01
9.973186574631549839e-02
1.055682377083934087e-01
1.574735003307158876e-01
1.936909587368349783e-01
1.483442158641860298e-01
5.085884368163085673e-02
5.882129471024202111e-02
8.048979868731238885e-02
3.130335973407052247e-02
1.708155962213591880e-02
3.308278072689652821e-02
3.179214083408239688e-02
-1.449332632328748614e-02
-6.105557722639622792e-02
-1.308484982107423478e-01
-1.795498872174075555e-01
-2.179231043196581119e-01
-1.219678442413038855e-01
6.290622933025795394e-02
1.789579906042772575e-02
1.812730017129386261e-03
4.820328002306531467e-02
6.017756898393908718e-03
-3.029119956582942280e-02
4.963926530196904191e-03
6.422315689500196489e-02
8.015026372470872296e-02
8.688109492393536470e-02
7.874870681613893586e-02
3.490951952919627704e-02
2.851907128199040325e-02
2.902684734494513814e-03
-1.850143310211488715e-02
2.007682784118854438e-02
2.927819140817122801e-02
5.059732374539966521e-02
8.540457575089463460e-02
6.723708088123060700e-02
-1.113260858504485848e-02
-4.513898546546139812e-02
-3.768142733578685316e-02
-3.266658752098773599e-02
-2.708596916710479668e-02
-3.711598799246985936e-02
-4.073673320556959326e-02
-1.904719909095534819e-02
-9.598544850160270828e-03
-2.121313366009192417e-02
-1.829995081661381015e-02
1.231056764411580205e-02
-2.510014755015857468e-02
-1.035892000067839269e-01
-1.110501500941268316e-01
-1.240243881756355748e-01
-1.323036480504723444e-01
-9.985075386259180397e-02
-7.431914929701677330e-02
-6.260247952105559011e-02
-2.336143004935298598e-02
2.379899258857249428e-02
2.840577989586690402e-02
3.110102945915235034e-02
5.519156080932110381e-02
7.181605413564438878e-02
7.492817529637231522e-02
6.089174567101403313e-02
5.398792463070060943e-02
4.858724963112460993e-02
3.857809134542001389e-02
2.876447941929684976e-02
2.340874785882672560e-02
1.436321082712887706e-02
1.938690365144243172e-02
8.580940589861439866e-04
-5.048352356562590959e-02
-7.069195936434713445e-02
-3.601088818411547071e-02
2.032851110018147126e-02
1.966775774638332766e-02
2.285619795464952780e-02
3.034326611603887364e-02
1.312051625595712749e-02
-3.382578905415260361e-03
1.783033427742822122e-03
-2.317402438817563887e-02
-5.786357546257822615e-02
-5.347997896986246558e-02
-4.635076234248597382e-02
3.710140257449587309e-02
1.068249580245238528e-01
1.124629004630022244e-01
1.240014924613740965e-01
1.298227702118277815e-01
1.153765921001306122e-01
8.484575072503094950e-02
6.561284195173244793e-02
3.245051981751267620e-03
-4.672286009870597195e-02
-6.351135457829487629e-02
-8.858775842477487061e-02
-1.012175432050608087e-01
-6.267014907653951916e-02
3.628427997218594634e-03
2.742516493394162730e-02
4.555110832216814620e-02
4.568627783525262137e-02
2.595356409952003993e-02
1.419558027915811781e-02
-1.960992486813764590e-02
-7.145820260163153470e-02
-9.551227040686532943e-02
-1.049797330529315120e-01
-1.051681563014093684e-01
-8.759730678561132577e-02
-7.940776419110290307e-02
-8.016010040194700148e-02
-7.851126977935315998e-02
-6.983905160863593253e-02
-5.103658226345335336e-02
-2.657921069145057283e-02
-1.212389125383715217e-02
-1.273780167223513213e-02
-1.145226667571188836e-02
2.672574326272408440e-03
3.349609076878720670e-02
4.876091786374506243e-02
5.276766785950511712e-02
2.764106303953326946e-02
-1.799179146244254957e-02
-3.106609229516816076e-02
2.926665875209877830e-03
3.142699659108254273e-02
3.846089920797788470e-02
5.136797652765293792e-02
5.207231653748961575e-02
3.278072689652833382e-02
-2.197038820955514449e-02
-5.846937910214881212e-02
-7.302613503383477422e-02
-8.272899954208572104e-02
-7.398232790054780350e-02
-3.026592948120007676e-02
2.120567135322151339e-02
3.339484083238641182e-02
5.166799518342011371e-02
7.799026508149178860e-02
8.310923799670980050e-02
6.455115920153316200e-02
2.303037498092024016e-02
2.588436816308532871e-03
1.568013839187286981e-03
-1.490222682020928479e-03
9.662652850092431217e-03
4.363109068398826618e-02
5.495870291538761804e-02
5.998439699472551262e-02
7.684242660651595391e-02
8.026609907908351105e-02
4.299916897037125291e-02
-7.569034818445467307e-03
-3.146210335295016036e-02
-6.096535115241762115e-02
-7.794922239370453976e-02
-6.043213540695012431e-02
-3.937723657208758166e-02
-2.737852551600156170e-02
-1.599211369842104546e-02
4.252666926716755009e-05
1.702508352695758509e-02
2.678544171768736451e-02
3.896765768363211202e-02
4.506232722215627179e-02
4.312670657870190660e-02
8.916439122839747017e-03
-7.311534352051287169e-03
3.756559198141207461e-03
-7.885453589539202779e-03
-2.006885674066787723e-02
-2.205637433644828255e-02
-2.393314451435646362e-02
-4.069908247545070412e-02
-5.517290504214508035e-02
-4.886216780014585731e-02
1.088893034614928177e-03
4.846056001221105136e-02
6.673032240557638661e-02
7.828095585367095266e-02
8.093143157573394475e-02
7.543561216356020616e-02
3.818072350457066971e-02
1.468544680562386753e-02
7.124230449603989948e-03
-2.392025507521666414e-02
-4.272933873785255549e-02
-4.014466699455591231e-02
1.044804368841477024e-02
5.689076200329019894e-02
4.846123840374472885e-02
2.359225276868544968e-02
8.737055441548090056e-04
1.138534335091498243e-03
2.280413140444007350e-03
3.655716296660618315e-04
-8.077913267642421180e-03
-3.738395264827094888e-02
-4.543815613181147878e-02
-3.640978240591557363e-02
-2.685362006682156730e-02
-2.672726964367485095e-02
-4.741838101860489096e-02
-4.803249495446296896e-02
-2.818004511303699028e-02
1.041580313077692960e-03
1.605030273222190357e-02
1.873344300663127779e-02
2.852483761002663071e-02
3.480793039702864689e-02
-1.673429099604837114e-02
-5.715160354798772685e-02
-5.525719519020403508e-02
-5.560995878771433226e-02
-5.132150670759629690e-02
-4.892898936621271205e-02
-6.757712463748452580e-02
-4.653799840577989982e-02
2.572681172938962035e-02
4.314688872682869575e-02
3.464104607974492767e-02
-2.681359496633482515e-03
-9.010989942845513967e-03
6.968132557705681261e-03
-3.990689076200329422e-02
-6.980988077268795999e-02
-6.307362244119193995e-02
-4.854586774757051193e-02
-5.410749113851059076e-03
1.610922103692146237e-02
1.647599341960212516e-02
2.509963875650832177e-02
3.394111561487712925e-02
3.200362939470515616e-02
3.162830927870020209e-02
2.834845581127147865e-02
1.974390719603819414e-02
2.367247256754236029e-02
3.649966928412733819e-02
2.436103997422112491e-02
1.409234604752132927e-02
1.331562166104167250e-02
-7.877380730288485733e-03
-2.442379119108593899e-02
-3.997574750267116755e-02
-4.723436731509590703e-02
-4.680715024676491975e-02
-3.613299866017672442e-03
1.775265844682258343e-02
-1.042053491172430235e-02
-1.901650187405661344e-02
-8.577514712616386748e-04
2.687244543188101187e-02
1.988195987314078650e-02
-3.400284924444143403e-02
-4.079609246476604417e-02
-6.016637552363346929e-03
-4.049810898359988871e-03
6.363940098027577597e-04
-4.466105862998830545e-04
-1.098875566032936043e-03
1.668863524583213487e-03
-1.164813527127181534e-03
-2.690416023608025592e-02
-1.507860861896443729e-02
2.147923273917541620e-02
9.703678578091347665e-03
1.300937876295303955e-02
3.039991180910062152e-02
1.533409087054593556e-02
-2.030188423248478063e-02
-2.354222139307701744e-02
-1.630273222190187221e-02
-1.631672404728389328e-02
-7.352560080050201882e-03
-6.191967844241304079e-03
-1.408739378932551134e-02
6.580804911554704760e-04
1.944456693180469237e-02
1.365096755592490330e-02
1.315084035751233962e-02
2.483777962451028803e-02
2.672319929447281028e-02
1.256723708088123073e-02
-1.063782371995997643e-02
-1.816664688024693594e-02
-5.471075080982989135e-03
1.265802282787511016e-02
3.239065176466598278e-02
3.704221291318284676e-02
3.982361820124485224e-02
4.300815765819242936e-02
4.216881773315469401e-02
4.599681155979173236e-02
5.531384088326578991e-02
7.206061428353374709e-02
7.111578447500975508e-02
7.451299967776402189e-02
3.865542798025881077e-02
8.490901073554601997e-03
2.155300781846242880e-02
8.085494293031224647e-03
2.796872615029764690e-03
6.022810915319777407e-03
1.554037277614775565e-02
3.417804385801265915e-02
1.772280921934094380e-02
1.069043298339636752e-02
4.418431897969913452e-02
7.213218459033632346e-02
9.517239624849482826e-02
1.000071231111035741e-01
7.908535861472450190e-02
8.670335634211286113e-02
1.247158387463324497e-01
1.403675186133677144e-01
1.161726845648966416e-01
-9.134592880280855559e-03
-7.687956854298459708e-02
-1.160587147872394614e-01
-2.630361413089565281e-01
-3.405423740311721015e-01
-4.264403100249309353e-01
-4.861879483744043218e-01
-5.154300154334073847e-01
-2.404033037667690220e-01
-1.338476671811135920e-03
-1.468943235588419938e-01
-8.737241999219849675e-02
-2.584909180333429604e-02
-2.096263758628292423e-02
2.985770737581195169e-02
3.875582992724251052e-02
1.385002459169309801e-02
-5.542662347573902235e-03
3.924732459338907409e-02
8.998812814816072037e-02
1.849261401217712764e-01
2.883435374726523448e-01
3.075827213676373684e-01
2.638230754880179219e-01
1.883452334514865434e-01
1.624157522514119156e-01
1.726998287061377590e-01
1.545971202279395607e-01
1.014073232366060201e-01
4.353458948832318598e-02
-2.450095822804131476e-03
-3.468904228075233437e-02
-4.748927293387378984e-02
-6.304852195444601848e-02
-7.520004070349203817e-02
-1.075878093041398864e-01
-1.591325068263148290e-01
-2.261045062157624186e-01
-2.882417787426013178e-01
-3.043145701541645209e-01
-2.634143445889795543e-01
-2.304869155232942834e-01
-2.223920085477333330e-01
-1.477787765208690152e-01
-8.711191764326782494e-02
-6.793328019266320350e-02
-2.427658022827875253e-02
1.669014466699455732e-02
6.151281312009226204e-02
1.320105829079253335e-01
1.761307938876922885e-01
2.032240557637840783e-01
2.332734087478588458e-01
2.351067618676118964e-01
2.169258687651578199e-01
1.966046503739633522e-01
1.964587961942235173e-01
1.403615826874480832e-01
8.375320116004952853e-02
7.938622525990876588e-02
4.241219069586011498e-02
4.128741753302919183e-03
-1.054681749571765442e-02
-3.083238641181758333e-02
-6.759357563217611997e-02
-1.152185268727846518e-01
-1.406646541051167765e-01
-1.573900581720740488e-01
-1.747417872224954760e-01
-1.866865661516544372e-01
-1.277233180129912216e-01
-3.956684700574937541e-02
-1.580068856740668090e-02
2.651510269151841417e-02
6.891406475247188745e-02
1.046373149263097185e-01
1.538329121652561859e-01
1.953631938673405510e-01
2.192866713023421676e-01
2.579142852297203192e-01
2.963146379933178642e-01
3.042789545986466226e-01
1.768566728287231105e-01
7.676949951664605032e-02
7.439852110645660266e-02
-1.336371962077913429e-02
-9.018604887811000614e-02
-1.356833946712345251e-01
-2.158947136339738615e-01
-2.675593168597256155e-01
-1.901175313332089944e-01
-1.388430032393195845e-01
-1.487286942658955780e-01
-1.527637671081865101e-01
-1.957397011685294286e-01
-1.895358105930838033e-01
-9.517188745484456147e-02
-5.732968132557706570e-02
-4.793752013974866139e-02
-2.567830673473195380e-02
-2.074741787222495609e-02
-5.009989315333344788e-03
3.825873853094313715e-02
1.023987924630700708e-01
1.726693010871224454e-01
2.048165798890830003e-01
1.392040771331173876e-01
1.414673608873361355e-01
1.783762698641521149e-01
1.074429727117005573e-01
-5.117446534267252288e-03
-6.873039024472975267e-02
-1.046997269474077008e-01
-1.152429489679968888e-01
-1.266356867866289260e-01
-1.751539100792022241e-01
-1.859131998032664546e-01
-1.858538405440700314e-01
-1.547134643759646155e-01
-4.633838169699642379e-02
4.683445550599529134e-02
8.135508708851314774e-02
9.492817529637230523e-02
8.159455929989994916e-02
6.955141359835829984e-02
4.076285127961603444e-02
2.341061343554432655e-02
3.569679290402456157e-02
8.592829401489070207e-02
1.274601020979258259e-01
1.404450248460899220e-01
1.438376609059918987e-01
5.537964486203213188e-02
5.463103980462324233e-02
9.973848006376881403e-02
1.139826670963146604e-01
1.073678408493462105e-01
7.198666960636330991e-02
4.483964520122789288e-02
-3.245883011380018557e-02
-1.196540203178264594e-01
-1.824805386428777487e-01
-1.895731221274358780e-01
-1.793192340959585129e-01
-2.006461679358241823e-01
-2.062123704696165738e-01
-1.062043993690958837e-01
-3.721740752675406494e-02
-5.761443617183657773e-02
-3.116411987178400317e-02
2.446619066194053935e-02
1.006008853009514592e-01
1.540342248528738522e-01
1.666765598765327649e-01
1.419997286433865580e-01
6.797567966351780733e-02
9.164442107762496570e-02
1.737241999219849842e-01
1.635237352237844388e-01
3.559961331682581082e-02
-1.664671064905110312e-02
2.740176042602988221e-02
-4.983973000016959920e-02
-1.007782846870071136e-01
-1.382702711870155976e-01
-1.413338873530858297e-01
-1.629454064413276282e-01
-1.594577955667113300e-01
-2.573359564472635919e-01
-1.816885165273137703e-01
1.759798517714498967e-01
1.660902599935552837e-01
1.458504485864016431e-01
-1.720231331512983098e-03
-4.646574970744365984e-02
1.583767786578023640e-01
2.269491036751861424e-01
2.263928226175737357e-01
2.233824601868968918e-01
2.429387921238743420e-01
1.495402201380526819e-01
-8.978986822244459584e-03
-3.326509845157132189e-02
-2.554466360259824084e-02
-4.850380747248275032e-02
-2.549972016349236204e-02
-4.077302715262114130e-02
-1.202101317775554207e-01
-2.020792700507097750e-01
-1.366529857707375895e-01
-7.506012244967183444e-02
-1.751573020368705769e-01
-1.520114308973424255e-01
1.480774383935688603e-02
-1.429620270339026188e-02
-1.187130912606210731e-01
-9.106422671845056105e-02
-4.297152451537405299e-02
1.601962247511151335e-02
1.810745721893390892e-01
2.275036887539644004e-01
1.526084154469752596e-01
1.454931058460390558e-01
5.210606651628987840e-02
2.421111544527924236e-02
1.339540050540169447e-01
2.261078981734307991e-01
2.081830978749385497e-01
2.161202788189203472e-01
1.079682173566474113e-01
-3.698709360107186456e-02
-6.561555551786714402e-02
-1.414027440937537239e-01
-1.565707307972796780e-01
-8.134118006207283202e-02
-5.665061140036972698e-02
-9.623628377117854349e-02
-1.470194867968047936e-01
-1.889591777894611968e-01
-2.102318403066329999e-01
-2.159422010413310222e-01
-2.045129996777640402e-01
-1.436668758373895738e-01
-4.395247867306616152e-02
-1.418299611620847146e-02
-1.557768431049980605e-02
5.143988603022234957e-02
1.466341604056781711e-01
2.855231246714041160e-01
3.972949137594762870e-01
4.305276190153147775e-01
3.232773094991774898e-01
-7.654393433169955074e-02
-8.696182351644252129e-02
-4.223580889710496639e-02
-2.086952834828621484e-01
-1.566521377813205051e-01
4.546698777199260910e-02
-4.338992249376728318e-03
-1.314973797127012012e-01
-7.084595424249105766e-02
-5.460085138137477090e-02
-3.370944490612757388e-02
2.340603429269202951e-02
3.388006037684650196e-02
-1.009643335651171092e-01
-4.987568475145430502e-02
4.637179248002985116e-02
-3.108661363906178865e-02
-1.172691348811966822e-01
-8.691518409850246263e-02
-3.443752861964283207e-02
1.878228719705578309e-02
1.166541729559215229e-01
1.300897172803283652e-01
6.451028611162933080e-02
3.664009633159778703e-03
3.288316401811305911e-02
4.081237386157421376e-02
2.468904228075233936e-02
5.194189576514085700e-03
-1.732798534674287461e-02
-6.534029815307905442e-02
-1.195732917253192751e-01
-1.401977511320658676e-01
-1.405946101792649727e-01
-9.829231891185999381e-02
-8.339518002815325681e-02
-6.032240557637841283e-02
-7.646015297729084371e-03
1.924461102725438105e-02
3.403100249308888686e-02
4.471940030188423232e-02
4.659905364381052711e-02
4.097959737462476826e-02
2.434577616471346462e-02
1.634430066312772545e-02
9.673049200345980661e-03
1.447275410002883331e-02
3.171039465427471365e-02
5.596458796194223734e-02
4.636449977104285802e-02
-2.276291911876940008e-02
-3.563590726387735191e-02
-2.205009921476180218e-02
-1.899937248783135219e-02
-1.865084883740650984e-02
-5.445872835507013093e-02
-7.314943269507996615e-02
-7.330071400708920715e-02
-6.757220629886540042e-02
-2.757254549463223139e-02
1.357044248087783955e-02
4.257483506605837936e-02
6.046452860268304585e-02
5.949307192646236669e-02
5.180638705628954482e-02
4.092261248579617816e-02
2.491850821701745156e-02
8.891779590590710713e-03
8.658769058562149241e-04
-1.152456625341315849e-02
-1.954005054016925980e-02
-5.378355918118142738e-03
7.747163475399827630e-03
5.087376829537167480e-03
1.057712463748452549e-02
1.574857113783219992e-02
1.354025405762936118e-02
1.749046011905771442e-02
-2.041432762919118821e-02
-4.651612027881892736e-02
-3.639197462815664530e-02
-3.770076149449654718e-02
-4.159235452741549821e-02
-4.441141054559639284e-02
-2.499414887302206512e-02
-4.426742194257415712e-03
4.022793955531435428e-03
4.564947509455082042e-03
-1.947424656140291305e-03
1.476235944575411685e-02
4.177891219917575366e-02
5.691433610908536861e-02
6.305632345708325759e-02
5.627393450129743180e-02
3.493105846039042117e-02
2.511642894696674427e-02
2.493190644980750742e-02
1.599589573122127406e-02
2.826823601241456804e-03
-1.600076319047538317e-02
-3.136678934246900363e-02
-4.187524379695741622e-02
-4.260638027237419884e-02
-3.005885046554618995e-02
-1.639036344826416691e-02
-4.278751081186507078e-03
1.493582416091447131e-02
1.955701032851110341e-02
9.192001763817988017e-03
1.019764937333582193e-02
1.565951528924918942e-02
5.659532249037532020e-03
-1.612450180621746026e-02
-1.608936112477316396e-02
-1.998778895239387496e-03
2.187778776520869078e-02
4.552431185658802754e-02
5.719993894476197577e-02
2.297440767939216283e-02
-3.227108525685599971e-02
-3.797567966351780150e-02
-3.673320556959449451e-02
-2.804674117667011607e-02
-2.775740718755830005e-02
-3.179790716211861740e-02
-4.103539507826942621e-03
1.878517036107389682e-02
2.384749758323016083e-02
2.696691145294507347e-02
1.435640995200380098e-02
-2.676746434204501377e-04
2.630581890338008766e-02
4.334226548852670308e-02
2.396095856723708117e-02
6.579363329545647246e-03
-7.001611179892475514e-03
-1.954293370418737352e-02
-1.002113189627393437e-02
2.209317707715008003e-02
2.363142987975510104e-02
-7.181825890812883499e-04
-1.861218051998711097e-03
9.210538812475622256e-03
-1.633780506419280033e-03
-2.143547648525346433e-02
-3.226073978596747521e-02
-3.912640130251174991e-02
-4.469277343418754517e-02
-4.582195614198734945e-02
-2.767498261621694974e-02
-5.483506605837559778e-03
-1.127240812034665911e-03
1.484529281074572354e-02
4.995217339687601371e-02
4.896833607516579145e-02
1.453845632006512539e-02
1.012411173108559645e-02
2.366093991146990885e-02
2.365262961518240295e-02
2.265658124586605177e-02
2.340416871597442508e-02
2.258806370096501370e-02
1.216400115326560748e-02
6.037040177738582127e-03
6.281278089649441031e-03
-2.255448332004817043e-03
-1.264316605328765636e-02
-1.477061886267659607e-02
-8.169513084476706221e-04
6.360700778454285789e-03
-3.620490816274613086e-03
-1.130268134253684630e-02
-2.490968912707969621e-02
-2.304292522429320089e-02
1.999559045503112448e-02
1.339799535301799439e-02
-1.024077811508912472e-02
4.138408832657768793e-03
-2.011091701575564578e-03
-1.300432474602717173e-02
-1.226711666638400505e-02
-1.800145854179740004e-02
-2.024320336482201069e-02
-7.313603446228991375e-03
-1.141069823448603556e-03
-7.908179705917270375e-03
-1.236760341230941536e-02
-8.130827807268967145e-03
-7.447263538151044533e-03
-2.370808812306022736e-02
-3.663704356969625653e-02
-3.341756694876447942e-02
-3.470600206909418145e-02
-3.397401760426030370e-02
-2.464274205857911251e-02
-1.723334972779539884e-02
-3.177687702457473919e-03
1.870223699608229012e-02
3.658786018350491248e-02
4.430524227057646564e-02
4.582602649118939359e-02
1.657020504384105336e-02
-1.511958346759832532e-02
-1.446373149263097124e-02
-1.804131404440072629e-03
8.693095670166036890e-03
5.121058969184064981e-03
6.735274663772197225e-03
1.118994962942862666e-02
9.956735579939963651e-03
9.918881332360972997e-03
7.538744636466937314e-03
1.816800366331428442e-04
2.160880552210708589e-03
8.838474975832302793e-03
3.524413615318080888e-03
-2.888133236097214021e-03
7.984753150280685064e-04
8.380798127639367892e-03
7.874124450926852856e-03
7.064718552312468543e-03
1.864660889032105154e-02
2.686379593982667763e-02
2.945016366195750065e-02
3.060766921628818235e-02
2.590946864983125278e-02
2.821379509183725640e-02
4.079032613672981672e-02
4.217271848447332050e-02
2.632006512558723518e-02
7.580262198327765606e-03
-1.112314502315011082e-03
-5.874548445635398644e-03
-1.205359293116022024e-02
-9.866831741939861497e-03
-8.892729338737853997e-03
-6.659260892424063646e-03
-4.003697233858521595e-03
-7.674389023624985859e-03
-1.351954615606397285e-02
-1.629588046741176771e-02
-1.173050896324813984e-02
-5.668775333683836667e-03
-6.018062174584061855e-03
-1.209331275545681358e-02
-9.460237776232553741e-03
-4.853365669996438647e-03
-4.465698828078626219e-03
3.876023947221138473e-03
1.313979953530180003e-02
1.549780370740973419e-02
9.443311907467395738e-03
-1.119279887387005607e-03
-8.810253888031478742e-03
-1.437862727473161392e-02
-2.197785051642555526e-02
-2.377864084256228402e-02
-2.241524345776164939e-02
-2.393212692705595085e-02
-2.398571985821617084e-02
-1.316328884215525220e-02
8.616301748554178533e-03
1.019067890032732474e-02
3.551481437511660143e-03
3.108797042212913236e-03
-2.630853246951478201e-03
-1.276615843834268994e-02
-1.216225429506639748e-02
-1.620088869290911386e-03
7.960246256126724679e-03
8.951647643437409332e-03
1.087892407102759341e-02
2.206638061156996830e-02
3.332123535098282380e-02
3.455828231263674555e-02
3.124400047487407503e-02
2.394569475772942782e-02
1.301984295235995501e-02
1.040479622814307259e-03
-1.733612604514695940e-02
-2.805437308142394448e-02
-3.440293065142547430e-02
-3.618099486118413199e-02
-2.993928395773621381e-02
-2.280684497057476959e-02
-1.331294201448365855e-02
-1.360882248189542809e-03
4.000271356613470213e-03
2.507555585706290613e-03
3.414208910672795593e-03
6.009260044434645842e-03
1.102789885182233094e-02
1.558465478350830324e-02
1.616608720723165457e-02
1.724573037328494193e-02
1.796380781167851437e-02
1.108773298509234742e-02
1.275959500025439794e-03
3.561368994114954070e-03
5.556162339094007988e-03
-9.497718908468022209e-04
-5.872835507012872519e-03
-6.869036514424301139e-03
-7.169818360666859770e-03
-6.771704289130472953e-03
-8.018740566117735918e-03
-1.119805640825602584e-02
-1.661067109882468848e-02
-1.895612502755966017e-02
-1.221969709818021554e-02
-1.014012177128029678e-02
-9.340654308634229602e-03
-3.391279276834625184e-03
2.018367450774214474e-03
6.727405321981582559e-03
7.814052880620050989e-03
1.271683937384461560e-02
1.795702389634177415e-02
2.037565931177178977e-02
2.131353560707562392e-02
1.742329935722402440e-02
8.133999287688889468e-03
-4.599494598307413140e-03
-7.820277122941506412e-03
-1.099954208571477139e-02
-1.265474958872513447e-02
-1.216317012363685862e-02
-1.120277122941505839e-02
-1.517256584637823730e-02
-1.155331309465258000e-02
5.074792666587522004e-03
9.643776605667961702e-03
7.229160660074961803e-03
6.293624815562301987e-03
5.326950799654020519e-03
-2.763444872207994948e-03
-9.186218475993419494e-03
-1.199521733968760169e-02
-9.111120533215746192e-03
-1.686042094194664664e-03
-4.515798042840425339e-03
-6.022166443362787260e-03
-6.411020470464529226e-03
-1.219541068127469839e-02
-1.870121940878178082e-02
-2.143751165985448640e-02
-2.033868697318657465e-02
-1.668639655377101086e-02
-1.713583094482980934e-02
-1.512867391414955340e-02
8.737411597103270089e-03
2.494869664026592992e-02
6.056917049675220738e-03
-1.467893424690060004e-02
-2.200753014602377638e-03
1.252631311161236764e-02
2.005528890999440372e-03
-7.591489578210063906e-03
-1.271153096009361959e-02
-1.894221800111934792e-02
-1.965096755592490169e-02
-8.624103251191426317e-03
-1.567355799399623630e-03
9.978478028594204088e-03
2.832793446737784729e-02
1.428519580075640789e-02
-9.296270542543630389e-03
-5.201092210369215145e-03
2.112850431626613415e-02
3.434543696894663128e-02
2.431779251394942942e-02
7.450061903227447706e-03
-3.923477435001611856e-03
5.079473568169869807e-03
3.140732323660600650e-02
3.197021861167172879e-02
8.540983328528060914e-03
1.154905618777877802e-03
-6.421450740294761678e-03
-1.589724064243678431e-02
-8.409629767820498217e-03
1.064408188185811573e-02
1.413564438715804970e-02
7.322202058918305008e-03
-2.674253345318250690e-03
-1.098058104234859306e-02
3.940454183131794803e-03
1.554179739836847145e-02
1.051193121109848631e-02
1.297769787833047937e-02
1.679973881925953677e-02
1.290989264453979747e-02
1.146612282278717219e-02
1.284210437053745664e-02
1.426825297220290882e-02
9.362973390092092438e-03
-4.589640961280803087e-03
-1.990366840221834133e-02
-2.872886386377898268e-02
-3.362718993266964468e-02
-3.762596882790903569e-02
-3.843308515509726714e-02
-2.543205060800841563e-02
-1.573347692620796073e-02
-1.106712684225700898e-02
-7.537320014246223256e-03
-1.512384037447212816e-02
-2.150806437935654652e-02
-1.690051388158675741e-02
-8.999219849736275409e-03
-5.766904669029730701e-03
-3.341570137204687911e-04
-1.160171633058019406e-03
-6.788375761070502765e-03
-2.656479487136001027e-03
3.011566575649136240e-03
5.075945932194766801e-04
-4.520292386751013566e-03
-1.498178518732086288e-02
-2.390889201702763034e-02
-1.745704933602429051e-02
-6.675406610925496004e-03
-4.877058494309991464e-03
-2.193002391330156099e-03
8.927768261452096940e-03
1.108077947187219130e-02
7.706765259569561995e-03
1.597496735240744314e-02
2.531061852348082813e-02
8.778963078540780521e-03
-1.263612774112579142e-02
-1.150197581534182639e-02
-1.658852161525024155e-02
-1.386282923189118520e-02
4.340264233502366675e-03
7.195715957464850557e-03
-2.710292895544664030e-03
-8.658277224700236530e-03
-7.312992893848685103e-03
-1.278868103726065603e-02
-1.690639892814137929e-02
-1.132801926631955662e-02
-7.936231195834676788e-03
-7.782439835150857749e-05
7.346386717093771404e-03
1.056004613062429091e-02
1.752064854230619279e-02
2.423044960398894332e-02
1.779132676424198187e-02
8.181283177585943478e-03
5.067042043315300032e-03
5.308803826128249970e-03
-8.414022353001035038e-04
-1.084234180757424372e-02
-1.168692230720960734e-02
-3.677865780235062537e-03
4.928022658277225049e-03
6.154164476027340104e-03
1.205104896290894352e-02
2.118803317334599923e-02
2.527720774044740076e-02
2.125146278174448386e-02
1.917015755643369790e-02
2.179756796635178018e-02
2.203263063276970565e-02
1.343646015297729306e-02
2.221291318284347900e-03
7.092464766039720953e-03
8.996879398945101941e-03
5.976290215898106238e-03
1.559608568085070306e-02
2.772942353679426139e-02
2.343401794345606817e-02
1.461652222580262298e-02
5.546546139104184189e-03
1.507136678934246996e-03
-4.217882400827638171e-04
-6.108033851737530023e-03
-2.246968437833896104e-03
-4.260621067449078467e-03
-1.392385055034513382e-02
-1.823482522938113873e-02
-1.551710394654274953e-02
-7.573393484049319169e-03
1.419739497651069382e-04
-5.109950307820159375e-03
-3.423248477858996993e-03
-1.830690432983396638e-04
-4.377982802774621832e-03
-2.222427624103251193e-03
4.746078048945949761e-04
-3.066363651781625968e-03
-1.478664586265963324e-04
6.612740193002392478e-03
8.644760273391788622e-04
-1.546383325136102375e-02
-2.113257466546817828e-02
-1.350860709258348488e-02
-9.550345131692755674e-03
-7.565897257602226256e-03
-4.676678595051134320e-03
1.608339127927683500e-03
1.101930023913301644e-02
1.431334904940386593e-02
1.549176602276003921e-02
2.838508895408985502e-02
2.757932940996896815e-02
1.876753218119837918e-02
1.491035055882502722e-02
5.060733002052134923e-03
1.874701083730475129e-03
4.540949408951376089e-03
-2.026983023251870044e-03
-4.910231840306633448e-03
-1.667883248817055063e-03
-3.080677713142140374e-03
-8.593304275562641675e-03
-7.899038380001019086e-03
-6.324254193307668123e-03
-1.571699201193969136e-02
-1.746535963231178948e-02
-4.210165697132099531e-03
-2.522853314790631744e-03
-9.746230687041026325e-03
-5.611078133744891276e-03
-5.563658565541102635e-03
-8.387836439801231100e-03
-4.999949120634974292e-03
7.116157590353273986e-05
2.934942251920696389e-03
8.367620372097758080e-03
1.175905228702745810e-02
8.187660058002477204e-03
3.405372860946695706e-03
-6.289825822973729719e-03
-9.639740176042603179e-03
-8.102657598833168037e-03
-1.147846954870003315e-02
-1.402391330156199829e-02
-1.009087054593558845e-02
-7.033139426419959123e-03
-7.855553482692536477e-03
-1.061023014432779972e-02
-9.344605939317877571e-03
-5.361294371046250104e-03
-2.962552787341214168e-03
3.184590336312603147e-04
4.441582009056527355e-04
-6.998422739684209519e-03
-5.602937435340807348e-03
4.507793022743076909e-03
2.491952580431796346e-03
-1.516696911622542965e-03
1.128058273832742641e-05
-2.828061665790411287e-03
-6.321761104421417220e-03
1.927395146108576776e-03
6.098383732171023218e-03
-6.487017282024320651e-04
-2.470379729660974197e-04
8.159778165968490163e-03
6.537998405779896390e-03
-5.850363787459932682e-04
-2.471261638654749949e-03
-2.248935773281549554e-03
-3.597595102013126985e-03
-8.173379916218645805e-03
-1.240379560063090483e-02
-1.109589064328477329e-02
-6.748791615080644048e-03
-3.109797669725081898e-03
3.603174872377592694e-03
1.036714549802418561e-02
1.229586350762342656e-02
6.559554296762376384e-03
-3.048403235927615862e-03
-5.427098349812594681e-03
-4.700049183386192063e-03
-8.630683649068061555e-03
-7.540813730644642388e-03
-6.731153435205129015e-03
-3.979190339704560125e-03
2.423536794260807738e-03
-9.986924003188440719e-04
-8.128741753302918399e-03
-9.362549395383546608e-03
-4.655139663856995395e-03
-5.751573020368706129e-03
-4.180129911978698598e-03
3.618896596170480089e-03
1.723334972779540057e-03
1.811271475331988111e-03
5.254295066397571441e-03
7.151467869680987709e-03
8.489578210063939562e-03
4.100842901480590205e-03
1.489016841069823720e-03
6.694079337889863573e-04
-3.342299408103386986e-03
-1.032818886420297511e-02
-1.386640774723131748e-02
-1.298209046351101598e-02
-1.027654630870206837e-02
-7.280684497057476716e-03
5.662890287129216738e-04
6.360649899089259977e-03
8.648169190848499152e-03
1.171653409765446331e-02
9.738887098689009980e-03
8.565388463951970760e-03
5.175398131031325004e-03
-3.453962654546071731e-04
-3.729779692349440273e-03
2.098773807302884928e-04
6.325865373200142625e-03
5.791462442548717116e-03
5.680833743194885557e-03
3.799789698624561445e-03
1.434002679646557976e-03
3.509285484117158262e-03
6.588691213133659845e-03
8.302494784865086658e-03
5.435646083136882502e-03
7.342706443023591613e-04
-1.138371521123416556e-03
-1.996726760850024793e-03
-1.960822888930346519e-03
1.874429727117005596e-04
3.006292081474823668e-03
4.153367365975273347e-03
5.642419822600614442e-03
6.822210538812476834e-03
7.567152281939521809e-03
7.303410613435544312e-03
7.891491274188897759e-03
1.075718671030985625e-02
1.028397469599579353e-02
8.861065413903634891e-03
8.699014636297340911e-03
6.930651425470210625e-03
3.280396180655665433e-03
2.571595746485084120e-03
8.344487220799484640e-04
-1.946203551379678976e-03
-4.736970642606380504e-03
-5.118006207282533616e-03
-3.662483252209012587e-03
-3.769177280667537679e-03
-2.191492970167732354e-04
5.636517816257653876e-04
-1.211722605701880942e-03
9.257127351050660957e-04
2.521666129606702639e-03
1.077402778013330500e-03
5.704407848990044813e-04
5.684174821498227687e-04
1.671612706273426082e-03
1.461947322897410532e-03
2.842087410749114060e-03
6.558044875599952639e-03
7.953581059308380621e-03
7.660922951681563980e-03
7.672269050082254974e-03
8.340365992232418382e-03
7.785458677475705185e-03
5.940199786306667520e-03
5.692519037362413561e-03
6.180638705628954156e-03
4.194223496090769554e-03
1.846547835083018176e-03
-4.103556467615284450e-04
-7.529959466105863673e-04
-3.439156759323644180e-04
4.212913182843478410e-04
1.234767566100775310e-03
1.473820870715533563e-03
8.808676627715687681e-04
1.062498516018520276e-03
2.011583535437478157e-03
1.345521767888336814e-03
-4.237827111917643230e-04
-1.970235571460068370e-03
-3.636941810966199447e-03
-5.172548886589896019e-03
-5.117972287705849742e-03
-4.961297763003917789e-03
-4.576938079812764050e-03
-4.328782456794939316e-03
-3.964554042365551513e-03
-3.191798246357885512e-03
-3.397774875769550736e-03
-3.273680104472296432e-03
-2.386089581602021843e-03
-1.433797466207621879e-03
-1.275294676322439626e-03
-1.211693774061699735e-03
-6.097603581907297789e-04
-5.188847243186404945e-04
-7.600257788782796911e-04
-1.275060631243322105e-03
-1.203892271424452601e-03
-7.680952461713277859e-04
-9.971456676220681516e-04
-9.076064650713160228e-04
-7.621067449078236002e-04
-9.385835184776893797e-04
-8.876973695368283379e-04
-9.751132065871818229e-04
-1.543189796991333755e-03
-1.479556671132744358e-03
-1.195202075878093115e-03
-1.076861760765225693e-03
-1.019461357122263120e-03
-1.004538439360276808e-03
-9.075369299391144486e-04
-8.163560198768720277e-04
-8.286671302342146338e-04
-8.679086884995674970e-04
-8.333531197530655386e-04
-9.435035530756576963e-04
-1.257503858351847808e-03
-1.383871241286908915e-03
-1.283508301816393320e-03
-1.239361972762579927e-03
-1.240137035089802255e-03
-1.203744721265878701e-03
-1.149624340688228195e-03
-1.107723487610874765e-03
-1.063456744059834312e-03
-1.021031833522717796e-03
-9.952936587351388781e-04
-9.795481912385733785e-04
-9.610688058613029621e-04
