9.919416466045747477e-03
9.759886924495669858e-03
9.588521227512740441e-03
9.453755681067321781e-03
9.304568411254689198e-03
9.095309779767067962e-03
9.048654642818154334e-03
8.880391627356458081e-03
8.592962658653321983e-03
8.502151767092040388e-03
9.013577104508655249e-03
8.161201542147630481e-03
7.872393603879500323e-03
7.973805323971662473e-03
7.939618370172887851e-03
7.585137006371988483e-03
9.174600529754141365e-03
9.930735507891728236e-03
8.704745379015530610e-03
6.393563659555396954e-03
7.794108352533569289e-03
9.379607338416369455e-03
8.224950155995933154e-03
7.735042489499720404e-03
1.398691702625213390e-02
1.405095292542647527e-02
9.820877599213987882e-03
8.034882184287791759e-03
1.198071740891618747e-02
1.546485638606551194e-02
1.561367018495429283e-02
1.257985095637285076e-02
1.517846164453611965e-02
3.212223416052354622e-03
1.152379009784938214e-02
3.748068006182380535e-02
2.715946633877834582e-02
2.926288331044626934e-02
3.461845635848612157e-02
1.226038967381624066e-02
-5.256344696425596479e-03
1.674660859672609525e-02
3.269450652999546236e-02
3.825175387691547024e-02
5.327275443424901030e-02
5.360169613256494242e-02
4.888590750561642995e-02
3.233195244853283301e-02
2.582433651453950804e-02
3.779353378188148732e-02
4.965410846744770096e-02
3.731922570858925425e-02
4.064196778956924438e-02
6.243083605775583828e-02
7.033204437983715807e-02
5.711462109938348491e-02
5.940687071585757512e-02
6.401866205477957372e-02
4.673011841901138913e-02
3.790212763512465499e-02
7.663048786794067480e-02
7.607602718868325398e-02
2.155381141442057336e-02
2.947834730497635516e-02
8.570611860287399852e-02
1.047071700671673156e-01
8.561648558114948182e-02
5.501686364863855178e-02
2.455238073349689382e-02
2.731750199663301321e-02
2.543793775101555604e-02
2.431686422320920860e-02
4.140356118890159420e-02
5.281941818975770947e-02
5.415615681182236324e-02
2.582629005475657949e-02
4.610613469085226429e-02
5.797820078946007427e-02
2.620309348839079677e-02
4.452146883241497877e-02
7.496825497147256712e-02
5.210580143987404711e-02
7.364070947984117542e-04
-8.525881535022953803e-03
5.328309670598645187e-02
8.453658004056469055e-02
2.806309360330493108e-02
-1.201392759260642464e-02
-2.524864544968772120e-02
-2.604663789982935088e-02
2.007524002688990464e-02
-2.157653568371034961e-03
-2.148902857339852687e-02
-6.674155237498779515e-03
6.883614968714628184e-03
-6.108547887590996990e-03
9.100021259114127528e-03
-2.015809311491987502e-03
-4.552179633768665967e-02
-1.865504501761058864e-02
-3.053153531023941950e-02
-6.677114276356992117e-02
-2.500281539619519239e-02
1.999388082255534362e-03
-3.646799928753239467e-02
-3.296283102451692815e-02
-1.055655786213751876e-02
-3.667024815706463464e-02
-8.681618910269300882e-02
-5.502375849646351513e-02
2.430692415092821843e-02
2.276101308297374948e-02
-2.948035830225863643e-02
-7.355107645811666262e-02
-4.625035192452440352e-02
-1.880144561976063167e-02
-1.219494607654430102e-01
-1.689421579724550981e-01
-1.250145079089650182e-02
6.177697465568853658e-02
7.641875858264911281e-02
7.896640485397286857e-02
2.882994432410381294e-02
1.903535333222249742e-02
6.731612302706801998e-02
1.131648500657883305e-01
1.355113391518187882e-01
1.266827737972799628e-01
1.054334273713967290e-01
4.788155800578017263e-02
-7.260849330337905416e-02
-2.363864102549370072e-01
-3.721005728469400919e-01
-3.830719994484121371e-01
-3.545618036921909799e-01
-3.675758289618082930e-01
-4.391816964773073706e-01
-5.642829645547364770e-01
-6.248829312296386718e-01
-5.665065529782870035e-01
-3.344748136954660556e-01
-5.579368317025103219e-02
1.795909631527840833e-01
3.243997173112391774e-01
4.193762461001016573e-01
5.977315950655872623e-01
5.817211838453715256e-01
3.560959073332452540e-01
1.760266141126043404e-01
-9.408824256074648992e-03
-2.227024356049941423e-01
-3.108628327482289011e-01
-3.217595651649304833e-01
-3.184184368230839612e-01
-3.253736145665151458e-01
-3.703452595048349894e-01
-4.722654746240871892e-01
-5.358273530104629145e-01
-5.367409203472705004e-01
-6.049079825100693864e-01
-6.647610073372671735e-01
-2.389441115126721416e-01
4.799417385358790977e-02
1.639474152939216223e-01
2.386709031676080006e-01
3.059272708468596669e-01
3.863097050728843129e-01
3.709140844503944212e-01
2.260478732267313384e-01
5.128272898076911834e-02
-9.485845451986002486e-02
-2.424191148164534237e-01
-5.379590101296806148e-01
-7.705480829450193081e-01
-7.981878041633388987e-01
-5.379647558362014026e-01
-1.569824698494050319e-01
1.276201858161488678e-01
2.777172882563504475e-01
3.864073820837379269e-01
5.405101038249168210e-01
8.556793436104870310e-01
8.220152491051061494e-01
7.776899961503767056e-01
6.739139178249053952e-01
5.710830082221060033e-01
4.667151221249920545e-01
1.994705331441080642e-01
-2.864817889831823283e-01
-6.265807875065356747e-01
-7.409576943628873869e-01
-7.234131795016173205e-01
-6.894244525778112642e-01
-6.487075033181455286e-01
-6.509512017145188123e-01
-6.414765316617156987e-01
-6.454927805197565593e-01
-7.416960176508105018e-01
-7.326350384675052174e-01
-5.855621886545279153e-01
-4.688237964181265482e-01
-3.769786776831012820e-01
-2.875209000074694377e-01
-1.524718029452491463e-01
1.414029866182495154e-02
2.320575949621645206e-01
3.952241687399091208e-01
5.152548508127302584e-01
6.222858718822359414e-01
6.563837672299374093e-01
6.106479433243509058e-01
3.296800216038565101e-01
8.425618956234953716e-02
-2.890779864746068767e-02
-5.127468499163999327e-02
-7.005969789075112975e-02
-1.967746476445476067e-01
-3.668834713260515912e-01
-4.480645587584676792e-01
-3.954970897996472612e-01
3.702245996678981549e-02
4.025039789017656466e-01
6.285946576420768928e-01
7.856420539751670651e-01
8.521974454588808756e-01
8.684261935268869914e-01
8.662342064892010196e-01
8.451043707589503962e-01
8.094292789712885794e-01
7.123699315686352618e-01
4.050320897709187018e-01
5.471492677097038876e-02
-3.045310641623046877e-01
-5.875875502031107089e-01
-7.873715116379286227e-01
-8.515711634481134551e-01
-9.179168366438179572e-01
-9.579787753601121114e-01
-9.614721649247599533e-01
-9.924070488327596529e-01
-9.595243704142079055e-01
-7.512425090351234624e-01
-5.183747694535257855e-01
-2.736168647977798574e-01
-6.293013795441355918e-02
5.778198491177467117e-02
7.849037306872438946e-02
1.171902920542624432e-01
2.640715225547709544e-01
3.936613365662509079e-01
4.504404084048194701e-01
4.838085990243790047e-01
5.304464988537315184e-01
5.681469521899760178e-01
6.510086587797268010e-01
6.906770165993461053e-01
6.872094827140419193e-01
6.591560706262246105e-01
6.163993955516740009e-01
5.334974690162775923e-01
4.313761541687973766e-01
3.154622708181311630e-01
1.989623254023430987e-01
1.401708198548634599e-01
1.235030998086679710e-01
1.413001384715271425e-01
1.593132156995684945e-01
1.509210367552845933e-01
1.254488833219376820e-01
1.153364398453255862e-01
6.754508943192200077e-02
-3.560183402952143625e-03
-2.021520543773665246e-02
-1.553995277029239855e-02
5.633435415385852456e-04
1.270028096504886676e-02
5.722378952327872781e-04
1.436779991151611834e-02
7.410381342541785821e-02
1.778807536068672812e-01
2.863930178174359242e-01
3.441620748895388160e-01
3.557770206213407005e-01
3.515194520894261432e-01
3.072315462270818198e-01
2.613782226231448624e-01
2.361071689180259947e-01
2.059999540343478153e-01
1.888452853605143422e-01
2.008052607688904367e-01
2.121372304545428578e-01
2.134567319570450927e-01
1.614175807128123419e-01
3.004142654401498191e-02
-8.382123957872479603e-02
-1.364165752141711929e-01
-1.081146613193291195e-01
-3.389306091023482764e-02
-3.122159466338778402e-02
-8.942359072183311830e-02
-1.268189470418230047e-01
-1.382169923524646238e-01
-2.101765081043190375e-01
-2.322696115327821109e-01
-1.973176169107634104e-01
-2.078569663818711499e-01
-2.160066765109771858e-01
-7.392856937653338734e-02
2.022979953229948804e-03
6.876203007302793269e-02
2.136457657015795042e-01
4.056554989284257284e-01
5.166481846440247327e-01
6.210562906867843624e-01
6.144860752802467907e-01
4.843946610895009108e-01
3.071166320966657315e-01
2.992708698425101607e-02
-1.833578483478220944e-01
-3.076193814172359930e-01
-3.060709135098797495e-01
-3.296541659245129097e-01
-4.151387875410099682e-01
-4.689990404670110191e-01
-4.750665065529783293e-01
-4.302557413972409317e-01
-2.761231419821538191e-01
-6.741983302976850556e-02
1.212780749584872753e-01
2.277974408623156533e-01
2.735493527461604346e-01
2.837695282200375368e-01
3.297259872560229232e-01
3.650793194785196816e-01
3.680699597225973174e-01
3.874760834966071155e-01
4.905655498928425673e-01
5.649580850709307045e-01
5.728785415098567313e-01
5.737518889010186918e-01
5.737605074607998734e-01
5.176048447797383378e-01
2.299256505576208198e-01
2.696385376027763195e-02
-1.494469757473727844e-01
-2.239429336428354067e-01
-2.406172612515297682e-01
-3.092655263354458506e-01
-3.935033296369288558e-01
-4.449906057698385098e-01
-4.502134529972477983e-01
-4.510638175623265522e-01
-4.739116195422969913e-01
-4.876668409530978132e-01
-3.923082226806019479e-01
-2.321452169866067561e-01
-7.619955987888049620e-02
8.819975523290220221e-02
2.577601512269956374e-01
3.380428974448843049e-01
3.200674545945542127e-01
2.268488247157311732e-01
3.017185408203719790e-02
-1.993628011468430161e-01
-3.867521244749860254e-01
-4.729348494337605735e-01
-4.659739259838086012e-01
-4.914446429905253155e-01
-4.807691202748745618e-01
-4.065891762380560714e-01
-2.987853576415023804e-01
-1.831714001712220208e-01
-3.858615399642616878e-02
9.353205816953281959e-02
1.320248444349959305e-01
1.455887338186540036e-01
1.003252069890774173e-01
-5.277373982291732463e-03
-9.440684198732497701e-02
-1.315011232856248269e-01
-1.566058387869664337e-01
-1.531219296380779415e-01
-1.658173554811167294e-01
-1.736415713358193114e-01
-1.789066495061565343e-01
-1.384155065127583295e-01
-5.045505995644754271e-02
1.931022793217768152e-02
8.326419333153300961e-02
1.590885585746051323e-01
2.493188464919588732e-01
2.703225639640778333e-01
2.272998626776141784e-01
1.152781209241394433e-01
6.948254167073654453e-02
4.601908723706210624e-02
2.139635032721798683e-02
-2.654062501795533512e-03
-6.855058807306239899e-02
-1.891730779175261334e-01
-2.795392517940968879e-01
-2.792709272995753667e-01
-1.539665484966358799e-01
8.980252006688001915e-03
1.472064374895858951e-01
2.270694598461300007e-01
2.702179921053992628e-01
3.224088300017811659e-01
3.863039593663634697e-01
4.520865533230293831e-01
4.401239923467188953e-01
3.643323776308153295e-01
2.314663617611739388e-01
-4.561602592462782324e-02
-2.301141097315031470e-01
-2.966422091092431046e-01
-3.096648529386415993e-01
-2.874605700890009996e-01
-2.914682003872606231e-01
-3.234286929092236029e-01
-3.092454163626230379e-01
-1.897407537217813966e-01
6.928316565446469844e-02
2.850151973937475325e-01
3.849020069752876472e-01
3.871658153444837991e-01
3.627954011365007725e-01
3.401113517923731178e-01
3.457794912751446237e-01
3.112391765253414433e-01
2.635771045086559017e-01
2.610021661313582930e-01
2.949960641910332471e-01
3.319036100274069812e-01
3.474227633400940873e-01
2.801244520032405427e-01
8.360491372821658718e-02
-3.779324649655544516e-02
-6.964457059462317301e-02
-1.756631981751636054e-02
4.636411691363628157e-02
7.628746918864878768e-02
1.257238153789580759e-01
1.552851881431600300e-01
7.686376355268526028e-02
-6.524766867957917937e-02
-1.401058933711783749e-01
-2.580692702378147851e-01
-3.485345575518693506e-01
-3.708106617330199639e-01
-4.313531713427141701e-01
-5.016518906247307008e-01
-4.972133323374108849e-01
-4.527271996000988286e-01
-3.951954402073050709e-01
-3.300161454353234824e-01
-2.669139235706118884e-01
-2.153625828099952066e-01
-1.950239308676591510e-01
-2.058189642789425566e-01
-2.084700332676407697e-01
-1.967335658429238965e-01
-1.947251541285774101e-01
-1.861585929913871784e-01
-1.590368472159179036e-01
-1.650069235763575448e-01
-2.162316209212666041e-01
-2.497259297989577465e-01
-2.617988083404675925e-01
-2.768022844929126647e-01
-3.170394672580914008e-01
-3.214234413334635665e-01
-2.518593106301316165e-01
-1.992708698425101899e-01
-1.804870060847032220e-01
-1.690780439316720563e-01
-1.672170095895841868e-01
-1.902498233195244748e-01
-1.924426722131886702e-01
-1.249228638899582272e-01
-3.474112719270525118e-02
-3.050137035100521435e-02
-4.100193630309750814e-02
-3.534413909206345072e-02
-2.161055026631349477e-02
-1.970113707532046565e-02
-4.701682917439942849e-02
-1.229549594065834361e-01
-2.067644202869405867e-01
-2.351421775078572363e-01
-2.810954764052561727e-01
-2.970271714461368839e-01
-2.856567055267950628e-01
-2.974523537286762331e-01
-3.021322316898697458e-01
-2.743729997759174477e-01
-1.954356107398746434e-01
-1.143539240302683807e-01
-9.250099113437483533e-02
-5.444344213786247999e-02
-5.538027958607930068e-03
6.346391409019609686e-03
4.967508029624862625e-02
1.541308757031308319e-01
2.085421418844768393e-01
2.329493286141930408e-01
2.382109593606177855e-01
2.462009388484454886e-01
2.324253201794958812e-01
1.891311342599242828e-01
1.146159282476169605e-01
-1.627514464816166156e-02
-1.325692501278419588e-01
-1.691995656245870172e-01
-1.892509322408830186e-01
-2.191492906925300022e-01
-2.698956579695822033e-01
-3.091879592974149937e-01
-3.153588481007567057e-01
-3.018334549507880049e-01
-2.973431853047809881e-01
-2.995265537826858893e-01
-3.071798348683946189e-01
-3.128422286446452816e-01
-3.035226926679038817e-01
-2.865731457168630425e-01
-2.335325178260544698e-01
-8.429813321995138775e-02
1.091184362485132925e-01
2.474879771091052227e-01
3.694029636354234092e-01
4.403049821021242094e-01
4.822716225300643922e-01
5.387375533632493552e-01
5.733870365369476696e-01
4.991381440218796706e-01
3.271806392673075048e-01
1.073565153439092618e-01
-1.147885867285670797e-01
-2.870764696080853606e-01
-3.401831731238831869e-01
-3.466614572260877658e-01
-3.389478462219107091e-01
-2.081140867486770407e-01
-3.635854357831110745e-02
7.560258097136914046e-02
1.180107789454330203e-01
1.041963767574679706e-01
1.217903046948168033e-01
1.801189935820458055e-01
2.254761754279114849e-01
2.191785937957860808e-01
1.029604752848433946e-01
-8.211275374476423305e-02
-2.624164717914538314e-01
-3.330584970380882637e-01
-2.904138632406934040e-01
-1.956754939871181431e-01
-1.567951598168268734e-01
-9.657555891360182498e-02
4.192469677033835995e-02
1.663979591250438206e-01
2.653327051360870326e-01
3.911188614307957723e-01
4.581712565285590566e-01
4.635348735657279784e-01
4.667409778043357105e-01
4.957366857615646549e-01
5.097878110581867128e-01
4.543675988117878428e-01
3.330297685054842693e-01
2.157624839838430675e-01
1.652709387909884475e-01
1.702234505265939890e-01
2.332199513913228439e-01
2.991186086197089034e-01
3.524904764914417732e-01
4.023373534126624129e-01
4.369293795211527942e-01
4.626270519354412358e-01
5.082795630964761502e-01
4.976155317938670275e-01
3.557626563550386756e-01
1.279520003677252216e-01
-6.625891302724039311e-02
-2.003464661032043903e-01
-3.130203455467901463e-01
-4.353378188148905870e-01
-5.890182311267904147e-01
-7.128123509707371408e-01
-7.513660417253207324e-01
-6.970145308917911064e-01
-3.253219032078279449e-01
1.207072390156455483e-01
3.531282499152508247e-01
4.764540946777520158e-01
5.718012215372062501e-01
5.977689421579724938e-01
6.903466384744000317e-01
5.706865544721706485e-01
5.204259866814523461e-01
4.269634515608211611e-01
3.278241583976373441e-01
2.793298207914136078e-01
2.238751343058899279e-01
5.443999471394999484e-02
-1.432801089385956350e-01
-2.561849657843176531e-01
-3.245002671753531853e-01
-3.617525554029751289e-01
-2.731652522652447956e-01
-1.227343242761846226e-01
2.753132846480467466e-02
1.791692282941571845e-01
2.891095878604712510e-01
2.846319587688099784e-01
2.461202116718282096e-01
2.577822721971007036e-01
2.079532069660945670e-01
7.164378917853633788e-02
-5.270881333923226053e-02
-7.474761984107375357e-02
-2.186037358583798121e-03
1.049875605453824551e-01
1.861327373120435780e-01
2.238713995966513937e-01
2.120205926121705720e-01
1.495403434783358076e-01
1.316605666415770759e-01
6.442833092971277098e-02
-5.655728756686566328e-02
-9.809817114161442642e-02
-6.091971524278482625e-02
-7.090661503191740545e-02
-9.334905741684526581e-02
-1.037981992955763905e-01
-1.292783967180524407e-01
-1.486563665301103565e-01
-1.384979574013318615e-01
-8.026349810104399518e-02
-3.986371184132656703e-02
-5.814769913182373656e-02
-1.104778704113351245e-01
-1.162063398125750546e-01
-5.099027251886028428e-02
4.798612986445878470e-02
1.222985124365817688e-01
1.442123498215958088e-01
1.289727251311457434e-01
1.164275495136259525e-01
1.158592991387185772e-01
8.147756588888951934e-02
2.273512867509753371e-02
-3.096820900582039973e-02
-7.292824187126169255e-02
-8.509075343449606921e-02
-9.970926725004740365e-02
-1.145150910981768688e-01
-1.214788874013893044e-01
-9.564532902788390467e-02
-4.415403090040966733e-02
3.982837574622363937e-03
3.551248829312296518e-02
6.657349045925432807e-02
9.286182150388122558e-02
8.950517975442849605e-02
6.501640399211688903e-02
2.083884442350453572e-02
-2.494475503180248674e-02
-3.585205954850238103e-02
-1.815723700464827797e-02
1.020454715214056361e-02
3.199697775837005709e-02
2.368742207385531387e-02
-1.908361726699723745e-02
-4.333124572663077378e-02
-4.745924857650121037e-02
2.265684342375159921e-02
1.278856374574099397e-01
1.712272254557781759e-01
1.555020885643202955e-01
1.271898323977407874e-01
1.061168791620461516e-01
4.040237182765178681e-02
-5.760932643082456589e-02
-1.498612411875226147e-01
-1.766767408054331356e-01
-1.908855857460512728e-01
-2.111374775199232334e-01
-2.208402521216021597e-01
-2.163629103152669153e-01
-2.192484041300138686e-01
-2.314818751687801046e-01
-2.333949081548812310e-01
-2.353131122768511163e-01
-2.687763943393299271e-01
-3.031722045701349399e-01
-3.447969754600874182e-01
-3.901507098820406472e-01
-4.334187528369425890e-01
-4.195802186815902335e-01
-3.683457536355957962e-01
-3.079555052487029099e-01
-2.839634458151146790e-01
-2.727377717000971091e-01
-2.579555052487029210e-01
-2.346543670242411395e-01
-2.042475135455031066e-01
-1.761375062484558385e-01
-1.587090546589061402e-01
-1.548309900426906027e-01
-1.505030366058962288e-01
-1.304160466091713044e-01
-1.065486690070844567e-01
-8.042351602764834240e-02
-4.884913498388328973e-02
-1.165752141712105699e-02
2.620823589572691958e-02
4.908011238601955178e-02
5.319834753480461031e-02
2.500281539619519239e-02
-8.661738765707326093e-03
-2.529596134288652695e-02
-5.271283533379681613e-02
-7.280729474899880205e-02
-7.735243589227949745e-02
-8.169417902472377035e-02
-6.876921220617893127e-02
-4.445740420470802728e-02
-1.855874697632194439e-02
-2.779545859356595885e-03
-2.024853053555730406e-02
-5.886045402572927243e-02
-8.463511890739644494e-02
-9.884338927736248392e-02
-8.681130525215033367e-02
-3.515884005676758045e-02
1.973920238102078173e-02
6.850433513556994369e-02
1.319892210545669797e-01
1.646259832340283835e-01
1.685824767442528627e-01
1.570304464988537263e-01
1.387912757192188151e-01
9.221686594692116157e-02
3.333026895652223959e-02
-1.045485885671931618e-02
-3.444981987210057189e-02
-3.220755790235746430e-02
1.400875071103118222e-02
6.203811701705899684e-02
1.037395930890641915e-01
1.391265376947076193e-01
1.590943042811259200e-01
1.653459202610848833e-01
1.791982441120872349e-01
1.841757496710582920e-01
1.761199818435673914e-01
1.575205552650781882e-01
1.461673264652988136e-01
1.415339887269237984e-01
1.373476669558672258e-01
1.146854512965186784e-01
9.685451296518675368e-02
8.945662853432771733e-02
1.009267824618054199e-01
1.152970817556580735e-01
1.215768516975689884e-01
1.288796446855087485e-01
1.409312641128916410e-01
1.495661991576794358e-01
1.476077750900639529e-01
1.162347810598530207e-01
6.887550777681376857e-02
3.448343225524726913e-02
1.537769401814494119e-02
2.175422165786616152e-02
4.680739817171618300e-02
5.965192509896979911e-02
6.977298713536310426e-02
8.366668007331520829e-02
8.635337244244238597e-02
8.371781686135035261e-02
7.562843665071275479e-02
6.193210873175019476e-02
5.128933654326803954e-02
3.352648483420763575e-02
2.421956068327942024e-02
2.338597358124141698e-02
4.991783639675252682e-02
7.584734806915531535e-02
9.472113213401286980e-02
9.986871060599966654e-02
8.927046764305372750e-02
6.158018420735106302e-02
2.708528926759479205e-02
-6.479777985900036022e-03
-3.172549312526214832e-02
-3.779123549927317083e-02
-5.921783697132317927e-03
3.528007446435650618e-02
7.858632636762179213e-02
1.157978200789459983e-01
1.336928230379848537e-01
1.388961348632234694e-01
1.433720402429284613e-01
1.351436139344874554e-01
1.209603373878868904e-01
1.018739621817596752e-01
8.270226323379854805e-02
7.038461759450251320e-02
4.453755681067322197e-02
8.580322104307556985e-03
-2.421453319007371707e-02
-4.083674724062444361e-02
-2.823417201496182180e-02
-1.462328275196359516e-02
-1.549522244502795146e-02
-2.971219756037301110e-02
-4.338008423205759467e-02
-6.738334779336140057e-02
-9.859977132088047769e-02
-1.292781094327264124e-01
-1.462006515631194548e-01
-1.577515326672144225e-01
-1.541547203851921788e-01
-1.306593772803272824e-01
-8.083806875312422868e-02
-4.196520400131002054e-02
5.823417201496182156e-04
1.450647253839568336e-02
8.791361904816625411e-03
-1.615979958975655509e-02
-3.848072028176944409e-02
-4.858167234533995044e-02
-6.050803537056934078e-02
-6.316887206035290414e-02
-7.197474187413455127e-02
-4.544394201432978841e-02
1.206293846922886805e-02
6.316714834839665116e-02
9.382020535155105589e-02
1.068730141401837419e-01
1.038694460564343336e-01
9.819153887257744961e-02
8.385715024447981669e-02
6.684526237768827206e-02
3.780301419764081627e-02
1.217598524502565283e-02
4.647587090546589222e-03
1.649713001959285733e-02
4.248317944416035025e-02
7.195721746924610418e-02
8.110984067155817268e-02
6.268594542727945473e-02
2.839292588613158766e-02
-5.469050751825697658e-03
-3.855800003447423796e-02
-7.069689674390811085e-02
-8.280367495389069632e-02
-8.101963307918157164e-02
-6.803893290738495525e-02
-5.759840958843504000e-02
-6.333233741086972957e-02
-7.749205656073498982e-02
-8.057520267979750850e-02
-7.250392144470044209e-02
-5.858121268881828075e-02
-5.601604201260607790e-02
-5.478847181443666225e-02
-4.275035479737765431e-02
-3.048154766350844383e-02
-2.439741902863085815e-02
-1.002786667662589233e-02
4.027452985756393121e-03
8.090529351941761274e-03
1.732373608820808597e-02
6.545106669041558453e-03
-1.023525795349425165e-02
-2.804281125928649934e-02
-3.848646598829024573e-02
-1.677298138965658061e-02
7.814333239486792940e-03
2.855251288474687163e-02
4.300460231092315816e-02
2.668780129048568470e-02
-6.025206414506759610e-03
-3.544009239096085340e-02
-6.471073240521020564e-02
-8.701010669777009543e-02
-1.008805295243129646e-01
-1.074001827134673653e-01
-1.161149830788942988e-01
-1.046485638606551166e-01
-7.774860235688881016e-02
-4.646868877231489364e-02
-1.492159983452365224e-02
5.187942060295444059e-03
2.194362887332440646e-03
-1.535471119206173116e-02
-2.312296386525168959e-02
-8.894583522462839661e-03
2.629979372913590630e-02
5.255195555121434936e-02
6.067264986239032792e-02
7.180265796383651644e-02
6.893526312463012229e-02
5.152318679866469547e-02
3.385025539665485056e-02
1.653941841958596337e-02
-3.768810006722476567e-04
-3.692621938256637759e-02
-7.451463144165522412e-02
-9.285435208540417096e-02
-7.991875570979585508e-02
-5.288635567072504789e-02
-3.471699522531788290e-02
-2.448946524709410752e-02
-4.838660560895870211e-02
-7.605189522129587876e-02
-9.722769660371287370e-02
-1.012626190079463084e-01
-1.076644852134242686e-01
-1.304987847830708647e-01
-1.443901794384146453e-01
-1.489729549594066005e-01
-1.388409760806237625e-01
-1.162523054647414816e-01
-8.590520733381980245e-02
-6.546543095671759904e-02
-2.317637020736254896e-02
9.911027734525375624e-03
2.156570502691863497e-02
4.410404325367868646e-03
-3.235924455450664428e-02
-7.185379475187166076e-02
-9.401642122923645206e-02
-8.710203800210292169e-02
-4.996351476359290472e-02
-1.073185936808719598e-02
1.549507880236493211e-02
3.629936280114684499e-02
4.977189545112414848e-02
6.151927971823054758e-02
7.191412467034008493e-02
7.253609740121692850e-02
8.116528673948392170e-02
9.275552593324637440e-02
9.514459070459599377e-02
9.346540797389150945e-02
8.623960745333050792e-02
8.956579695822296239e-02
8.747866906454151992e-02
7.189803669208183479e-02
5.181133398068293178e-02
2.949443528323460531e-02
1.045029102003527770e-02
-2.095315525473589666e-02
-5.294524916256327512e-02
-7.793907252805341856e-02
-8.721925041512729182e-02
-7.327987911033480295e-02
-2.090655757485218938e-02
4.492941399539193692e-02
7.627942519951966260e-02
8.885016921105703958e-02
8.680326126302120859e-02
8.396890423630942735e-02
6.361186603310675647e-02
1.257174951017851934e-02
-3.838189412961164754e-02
-7.423855024333067543e-02
-8.851461995024217932e-02
-9.437983716667720790e-02
-8.042610159558270799e-02
-2.888567767735559372e-02
4.451802140850250056e-02
1.047850243905241729e-01
1.232568962842515853e-01
1.131731813402434977e-01
9.049631412926691099e-02
6.460443683457536834e-02
2.367555718988985369e-02
-9.168941008831150985e-03
-2.537551064966703587e-02
-1.333113081250036046e-02
1.125776388593623459e-02
2.683833880133070296e-02
3.835919858885447620e-02
3.691932453474141423e-02
3.119976097860873571e-02
5.893486092517366028e-03
-2.102529260010457118e-02
-4.426722131886947492e-02
-4.646639048970656327e-02
-4.543331245726631162e-02
-4.749544652758225932e-02
-4.639456915819652888e-02
-4.220796010181392111e-02
-4.080313485747775332e-02
-3.903058439581023192e-02
-1.282978919002775164e-02
2.010382491683089870e-02
4.343064644944065467e-02
3.364427181788408328e-02
9.116741265089661414e-03
-5.408174991237797540e-03
2.298719282016513290e-03
1.451569439736157159e-02
3.044506242710134578e-02
4.658159190544865214e-02
6.734169142108559214e-02
7.663134972391880129e-02
7.152399119757760215e-02
5.642944559677780941e-02
4.877099337520037631e-02
4.832943582907672092e-02
6.095993518843044467e-02
5.887970214257396556e-02
6.296260119625608775e-02
7.808472618835575474e-02
9.590905695718873747e-02
1.073763380314060184e-01
1.180268669236912704e-01
1.105732491395804568e-01
7.765293634331744965e-02
4.164660457473152999e-02
1.263811242049378558e-02
1.059482426756606054e-02
2.796001562832173618e-02
5.545669748280597500e-02
7.128784265957263666e-02
8.239716621754393511e-02
8.678315129019839591e-02
8.586412553219606447e-02
9.559103210126233818e-02
9.231741581103519723e-02
8.950891446366701643e-02
7.438104376504657556e-02
4.822917325028872743e-02
2.096076831587596195e-02
-5.055187511132305800e-04
-1.609926857155990002e-02
-2.737257459363490533e-02
-3.540475629585792400e-02
-3.672425779836017284e-02
-3.663807220054813435e-02
-2.929477198163672400e-02
-2.251518302948122066e-02
-1.479585504731589438e-02
-2.409901576047298721e-03
4.540889320455290118e-03
-4.830329286440706617e-03
-3.467418971173790582e-02
-5.628982492832230317e-02
-7.334135817010738190e-02
-7.138781795303458799e-02
-5.882942721051694773e-02
-4.154461828398729045e-02
-1.244275839878650550e-03
2.647724987503088240e-02
4.013864389834696095e-02
3.623644731474405523e-02
2.559565739501157983e-02
-5.886706158822820360e-04
-2.653258102882620831e-02
-5.253931499686859130e-02
-7.472923358020717999e-02
-8.121240153295450348e-02
-8.513758094264060883e-02
-8.450871336393879496e-02
-7.517136569698293358e-02
-6.027878168038932477e-02
-4.316404566687542799e-02
-3.925064495555696115e-02
-5.196704262739668123e-02
-5.889406640887596273e-02
-5.745907620530558285e-02
-6.317835247611222615e-02
-7.017030274127658562e-02
-7.557959814528593390e-02
-7.370075211298356133e-02
-6.057181271295025010e-02
-4.417672644116683867e-02
-2.860086300511942639e-02
-2.114813580551932332e-02
-3.754704297213907332e-02
-6.945237671150232550e-02
-9.569560395994093638e-02
-1.182512367633286043e-01
-1.257534057675402106e-01
-1.230675752543911455e-01
-1.065038524962221983e-01
-8.454663502697609689e-02
-6.174767155243243710e-02
-4.947283142671638628e-02
-4.427038145745591791e-02
-4.309911918319036389e-02
-4.506731095189120406e-02
-6.593657889142337525e-02
-8.424498543463396216e-02
-1.039967134558700962e-01
-1.174859086547577341e-01
-1.244181035721057399e-01
-1.262150732864866787e-01
-1.164154835299322510e-01
-1.014855524209534454e-01
-8.569606361646260606e-02
-7.132949903184845897e-02
-4.777784800307970092e-02
-3.300908396200939038e-02
-2.821337255735651556e-02
-2.698488304614376707e-02
-3.712789368144654018e-02
-3.846836701274972126e-02
-4.120016317806519252e-02
-4.368489396298615851e-02
-4.883936728279792555e-02
-5.949363088432168406e-02
-7.280126175715195824e-02
-8.112851421775078842e-02
-8.768752549657268802e-02
-9.712226288905614902e-02
-1.049720471377762893e-01
-1.019822687496767938e-01
-9.706767867710854036e-02
-6.633504363864102527e-02
-3.080819107921605599e-02
-4.284573352562297786e-03
2.090109915365742990e-02
3.626201570876162739e-02
5.245628953764299579e-02
6.036467999287532110e-02
7.359187097441437231e-02
7.788448831610578216e-02
8.477445229052590903e-02
9.708290479938866402e-02
9.488775762311611739e-02
9.300891159081375870e-02
9.123291370523375909e-02
7.414259694443327275e-02
6.686336135322878960e-02
4.190975793338427846e-02
2.081626379687778403e-02
4.062530524065892205e-03
3.149939957366857269e-03
1.376191515889751277e-02
2.045695603959940892e-02
4.214619375671529306e-02
6.527381164424883586e-02
8.002907327499525492e-02
9.873824284803181528e-02
1.097898220554690552e-01
1.091215963870997424e-01
1.077153347161333569e-01
1.146802801606499472e-01
1.128689461799670113e-01
1.104094965037375892e-01
1.061990427652936414e-01
9.076463862378837677e-02
7.620099630551070702e-02
6.005556098205615256e-02
3.899725929798957685e-02
1.601819665255138289e-02
-1.108783461558350471e-03
1.164505323397091452e-02
2.148902857339852687e-02
3.594169257022689773e-02
5.642283803427888822e-02
7.908591554960554826e-02
9.455910321012622743e-02
1.035413662140965141e-01
1.123435013186396408e-01
1.124227920686267229e-01
1.087952402567181620e-01
1.057370879610211312e-01
1.023350551300540590e-01
8.511057612199283973e-02
6.930471205391770806e-02
6.732991272271794669e-02
6.497187476658067284e-02
7.280643289302068943e-02
7.323707359675482587e-02
7.658825692501278204e-02
8.025803967984922183e-02
7.656613595490770197e-02
7.863602672902673951e-02
8.152410611170803068e-02
7.176531087145129884e-02
7.224909936050286086e-02
7.006314531466362183e-02
6.318697103589342168e-02
5.848841952850732107e-02
5.397918905098165326e-02
5.117011313296139507e-02
5.105203886395891233e-02
4.799877041880454276e-02
4.757272628028705319e-02
4.234786805559545564e-02
3.570870417080836134e-02
3.312859465764207700e-02
2.797334566744999820e-02
2.325606315680607897e-02
1.627560430468332278e-02
5.212016570617605989e-03
1.472934849433760583e-05
-4.116683808024454092e-03
-7.754032049550972812e-03
-1.122504208730026529e-02
-1.457450170360198409e-02
-1.915762196698516870e-02
-2.742040760042058559e-02
-3.300391282614066613e-02
-3.991369948805754964e-02
-4.663646340272231683e-02
-4.755204173681216312e-02
-4.752130220692587365e-02
-4.735697500043092867e-02
-4.121596387099740050e-02
-3.527260504587946544e-02
-3.301597880983434680e-02
-3.274190860879207937e-02
-3.439954494004355406e-02
-3.689260699941968730e-02
-4.647730733209609610e-02
-4.801859310630131328e-02
-4.929126710065902944e-02
-4.697172537821112798e-02
-4.598030371804669170e-02
-5.030998086679728393e-02
-5.374792436351936292e-02
-5.777164264003722960e-02
-6.358658492441522647e-02
-7.159351424647932005e-02
-7.674339100107444023e-02
-7.947633630769407320e-02
-7.795975707152830170e-02
-7.425808564550140378e-02
-7.045730078199065327e-02
-6.612647449193589932e-02
-6.001103175651994331e-02
-5.537166102629809128e-02
-5.676815499617909877e-02
-5.729158886022419489e-02
-5.701349666461736493e-02
-5.759208931126215403e-02
-5.727837373522634556e-02
-5.441787374384490783e-02
-5.010572099998276269e-02
-4.534339215021574582e-02
-3.987979981958481024e-02
-3.518153559752475179e-02
-2.989663473969076529e-02
-2.652028521687169182e-02
-2.431114724522100839e-02
-2.038677223444780931e-02
-1.680507116057525924e-02
-1.501381842418252933e-02
-1.116781485035307254e-02
-9.136362852858201031e-03
-6.389196922599586770e-03
-2.327166275001005778e-03
1.449271157127836373e-03
4.871554730727463943e-03
8.350666214671087842e-03
1.088980884034405211e-02
1.356383192659285294e-02
1.550022120970104972e-02
1.780324402590164473e-02
1.924685278925323054e-02
2.034893675700832558e-02
2.102078222048574252e-02
2.126425653430474155e-02
2.133662370793424495e-02
2.112213648351269485e-02
2.094778301913894844e-02
2.063648063984187958e-02
2.024789850784001685e-02
1.974368403210700895e-02
1.905098165395907941e-02
1.824867992392684504e-02
1.733086076429388167e-02
1.632280528375171583e-02
1.523916503392839725e-02
1.408720833357273924e-02
1.285731112426239352e-02
1.155498928425733804e-02
1.019213642605563096e-02
8.774728084438902787e-03
7.311239176525340978e-03
5.809799877041880133e-03
4.276242078107134019e-03
2.715461121676826777e-03
1.131545077940508941e-03
-4.712743402492486854e-04
