2.928906432890158833e-04
2.806468408689124323e-04
3.242216194835283020e-04
4.221336949765496622e-04
2.186064627580138614e-04
3.436014175122498898e-04
4.826140830972158735e-04
5.442992759063278825e-04
6.209930658142220417e-04
1.278035421661459991e-04
-1.282929310052551269e-03
-1.913387256920059129e-03
-1.036416583924636148e-03
-1.623208937753775789e-03
-2.741304014401149507e-03
-1.266489881255095616e-02
-1.468196788801976252e-02
-1.089484496968816385e-02
3.554698536475108493e-03
1.856696857417318436e-02
2.293609086285811408e-02
1.816260221667917799e-02
-3.073947158113966155e-02
-4.870740803526021206e-02
7.502179546170053073e-03
2.963113199170158002e-02
3.466507640520184817e-03
-4.113409052381759856e-02
-7.151918404249307804e-02
-3.151825571727250030e-02
3.371515753275373256e-02
3.357167074322524314e-02
1.286584086084001377e-02
2.581551352529484408e-02
-7.384019890376900160e-03
-1.514933927461474365e-02
4.548611951985405584e-03
2.469345086737865375e-02
5.120520830810710439e-02
2.844085761105594884e-02
-4.759745396717764837e-02
-8.433410828308267326e-02
-4.804305007305516295e-02
1.945261101558778960e-02
6.144403006159236680e-02
4.436849667821018972e-02
1.642705785484222664e-02
-5.944954350616327154e-02
-3.454136697906828868e-02
2.536789932111173027e-02
4.951787631479104973e-02
7.044151954730019927e-02
-3.942052325252867750e-02
-9.235080199226664011e-02
2.217668047045907431e-03
3.269077083282880686e-02
4.001626587234317911e-02
7.137024838753945263e-03
-3.700506139055045884e-02
-3.156689188643757582e-02
2.431929544151954781e-02
6.204986317293487846e-02
6.543199412329774034e-02
7.484480824029900170e-02
4.493033524649053118e-02
-2.847960509852356242e-02
-7.852400326124685248e-02
-7.264669556583440435e-02
-6.523442229917902901e-02
-6.353720162416552630e-02
-5.871596477207598067e-04
3.646905448058185978e-02
3.135378070536572193e-02
1.498877937342083834e-02
3.602103665673762369e-03
-3.896705656325931411e-02
-4.264019728929035330e-02
4.978487072062254271e-02
8.542065241082023863e-02
4.608408204780471001e-02
2.556325123709425953e-02
2.595920212465389551e-02
7.870684296773464150e-02
7.507588049629074223e-02
-1.311665011826056160e-02
-2.820292382082515911e-02
-2.711456340461256692e-02
-2.018300115435223141e-02
5.509711089046569893e-02
8.176527094987852406e-02
3.006986656334003152e-02
-1.925580606882522361e-02
-2.872177689519611610e-02
-3.235455565511507342e-02
2.247636806884137015e-02
1.983429394812680213e-02
2.872682214096013154e-02
5.519902485489873445e-02
-8.134691917112666509e-03
-3.809402723625473358e-02
-9.303049750159431142e-02
-1.764717990942775080e-02
9.895946851363024432e-02
1.454219439937358138e-01
1.324126768863164716e-01
-1.592208929681382737e-02
-8.010437604436587700e-02
-5.107705906570120941e-02
6.711791344779988178e-02
6.071105675699674936e-02
-1.123485417221643627e-02
-1.471258243931578523e-02
-4.676216307848788528e-02
-5.493445216703395778e-02
1.008044139846140178e-02
5.477300430258558867e-02
2.708711726765634237e-02
-5.224513436498518654e-02
-9.358083290953268796e-02
-9.631414525464364329e-02
-9.120734749231104721e-02
-9.892738075057111446e-02
-1.078592820413468018e-01
-1.350804010364952679e-01
-1.705028697357905687e-01
-1.938314807190887890e-01
-1.964451198346773841e-01
-2.104735265864270677e-01
-2.320167259987568620e-01
-2.217910218842580328e-01
-2.018542287231895604e-01
-1.928440252181564118e-01
-2.063586241412991573e-01
-2.161504371200930197e-01
-2.232279078778485470e-01
-2.052264709918549812e-01
-1.745636871463282780e-01
-1.656646808579339547e-01
-2.499737647220271475e-01
-3.582588655058565053e-01
-3.898622849716255057e-01
-4.139967226083516860e-01
-3.969861719904099751e-01
-3.515083266736089285e-01
-1.659716336102164125e-01
1.503818241994204219e-01
4.839177746026364635e-01
7.050791498155458692e-01
7.588453248734652323e-01
7.843197797851129138e-01
7.891773424067033416e-01
7.110991370611644546e-01
6.441305628879794298e-01
5.555542101566851576e-01
4.809753872730648250e-01
4.390150873029327050e-01
4.454952009622292763e-01
4.369646994244383298e-01
4.131471032216921246e-01
3.951113586645033093e-01
3.560429935663025902e-01
2.953446508286312056e-01
2.310682197951226813e-01
2.253307663122886273e-01
2.530453103431574147e-01
2.193652677209212420e-01
1.601730317487225497e-01
2.600824191348008810e-02
-1.773347379297540438e-01
-4.169007660701167794e-01
-6.531575166089490514e-01
-8.472723383301448141e-01
-9.669940022118357348e-01
-1.000000000000000000e+00
-8.103350850426626062e-01
-3.331254692078560176e-01
2.937725522485651330e-01
6.495875007063343087e-01
7.787720275430056738e-01
6.996605558649972023e-01
5.948586927566416049e-01
3.370930504766748159e-01
1.262621186803251638e-01
5.387394150743871069e-02
1.378056409883838263e-01
1.340592432938593481e-01
9.213002203763349940e-02
7.826952106491011363e-02
7.882631438742644658e-02
7.896717764915764382e-02
7.893065006982619147e-02
1.282856658513549519e-01
1.912551764221538664e-01
2.037068429677346415e-01
2.085603693927138846e-01
2.114745033460069812e-01
7.048167970358172607e-02
-1.104212578403119122e-01
-1.706695646558335222e-01
-1.896051792474915121e-01
-2.316595225986648465e-01
-3.219916208558351589e-01
-3.795901645960978454e-01
-3.967096925225421788e-01
-3.958842903155498916e-01
-4.072764552506881741e-01
-3.923243649044632075e-01
-3.248189765819872732e-01
-1.680066839415881863e-01
6.955819791893702760e-03
9.586007313588260081e-02
1.131638534376286503e-01
4.884241881190516492e-03
-9.145638082322266049e-02
-1.454675530154425078e-01
-1.539245957749093840e-01
-1.117826669572728193e-01
-6.005113861106402273e-02
-2.311872875951533068e-02
-1.823906796147854031e-02
-7.768770332340430018e-02
-1.295514171086301902e-01
-1.729546573672696708e-01
-1.513803792410335913e-01
-9.533012052083081334e-02
-7.880350987657309958e-02
-1.330972158315776033e-01
-2.269472630550779524e-01
-3.008116791385141986e-01
-3.130857530332017413e-01
-2.990276802363596720e-01
-3.021214249388516349e-01
-2.765601918000629711e-01
-2.437358228594031229e-01
-2.376472202713938719e-01
-2.947513299267833786e-01
-4.573434561144342214e-01
-6.108057055675295555e-01
-6.555449269044792970e-01
-6.620754930214161060e-01
-6.323367963900257127e-01
-5.022037633497202780e-01
-3.483701838083936853e-01
-2.474471056434101035e-01
3.150090007184429969e-02
2.605869437112020570e-01
3.387943073482995726e-01
2.632811049491842748e-01
1.852509303433188814e-01
1.488882296434423935e-01
1.390994438121069821e-01
1.528994018356622242e-01
1.759168220602362054e-01
2.823077357744250837e-01
3.410646679421047711e-01
3.450181225227843540e-01
2.389811832513985268e-01
1.424666408350083735e-01
1.152233227584982117e-01
1.057360408140201324e-01
1.225369110180095089e-01
1.582816700167098689e-01
2.239281879898933625e-01
2.961135462830665199e-01
3.195638485941926787e-01
3.091423889440502171e-01
2.400830649262586935e-01
1.220251212877081770e-01
-1.772996230192365160e-03
-8.456639139805777194e-02
-2.078298178060849766e-01
-2.127822310480388113e-01
-1.846091750821365896e-01
-8.538735378877776450e-02
-2.778396661258163060e-03
6.011410327819888960e-02
1.167921923812752782e-01
1.706136633327682561e-01
1.585192001872795242e-01
1.214745840699392176e-01
1.366763131765674488e-01
1.077218495467351239e-01
5.452074201438500411e-02
1.136144947892701734e-01
1.457868161673891438e-01
1.656953559521791575e-01
1.121384576885509354e-01
-8.572034000920253360e-02
-1.613503903002123097e-01
-1.085498752815247242e-01
-2.898634958306088930e-02
3.022707642134663713e-04
8.336380661774797293e-03
2.671195279264443681e-02
3.843770937769920570e-02
5.711238385844251420e-02
7.154077769436303913e-02
1.151381590100016977e-01
7.318169342665020727e-02
-5.453749223032152565e-03
-2.625344085761105450e-02
-2.290097595234059143e-03
3.222681003237030245e-02
5.178480614147676353e-02
6.840768007491181135e-02
2.586818589107112848e-02
3.463460312078722042e-03
-4.803659215847722042e-02
-7.373626684103036510e-02
-7.300793516253764603e-02
-6.332792482987431582e-02
-3.690294561628686132e-02
-6.556115241485643494e-03
5.140762356815925527e-02
9.776051631027050937e-02
1.492605687808264414e-01
1.934700393125549922e-01
2.084453377892944159e-01
1.675011503160342141e-01
1.477451787631479108e-01
2.095411651692377364e-01
2.442746551069995553e-01
2.352133937148346565e-01
1.128942355039998791e-01
-3.860722963536999952e-02
-8.605897690488298335e-02
-7.688692191574035550e-02
-5.400229255967516767e-02
-7.237445410440833393e-02
-5.866652136358866537e-02
-5.262372960711662190e-02
-6.111225470015095064e-03
1.064320829196231805e-01
2.135773617804470337e-01
2.083969034299598677e-01
1.059725619354369985e-01
3.203387983435449535e-04
-3.077398106216550078e-02
2.430415970422751190e-02
9.855786695081490689e-02
1.352975484141783480e-01
1.099082572510272082e-01
4.737283962576385038e-02
-3.033403563154368245e-04
1.623905181669209677e-02
1.082550311190758757e-01
2.142877323840198800e-01
3.725792910824272108e-01
3.639277036463000048e-01
3.480997586354426798e-01
3.443279329022675417e-01
2.402202956110398024e-01
1.737398994179804590e-01
1.166767571581946855e-01
-1.778011204481792784e-02
-1.752641690682036624e-01
-1.826116613792491128e-01
-9.381190516552442848e-02
-5.540083468545919931e-02
-4.914129917096521361e-02
-8.397791393214346090e-02
-9.776919413298461314e-02
-9.735830931796349286e-02
-1.154053552256637527e-01
-1.940092751798125625e-01
-1.896227367027502886e-01
-1.752040297386966428e-01
-1.761882562823400278e-01
-1.210386748359286030e-01
-8.549996367423048915e-02
-4.645278860823868344e-02
1.107395119431057832e-02
-1.051411054335278823e-02
3.854809935501577953e-03
4.269064974693047299e-02
-9.541346798085229008e-03
-9.350212707561410264e-02
-8.723371192857545808e-02
-9.691493312022216033e-02
-1.050028656995939669e-01
-6.881715222111899066e-02
-5.542000661936244410e-02
-5.978394239540196775e-02
-6.422274961857941944e-02
-8.005069462943678604e-02
-9.870982975322693809e-02
-9.946621299816757467e-02
-8.510542545548480109e-02
-3.694472025121287723e-03
6.443828251761798964e-02
8.128496355314460131e-02
4.566613388871398893e-02
3.525274663179392420e-02
4.140613017541310698e-02
3.233356743273678446e-02
-6.038190492335263060e-02
-1.409342987915627454e-01
-1.413068397387773345e-01
-1.140762356815925305e-01
-4.318387297282024612e-02
9.193164297419254352e-03
5.064478240864069003e-02
7.453321386191363862e-02
7.468699295280072092e-02
3.234769412087601381e-02
-5.609546412224832371e-03
-2.465167623245263437e-02
-3.950972319763640384e-02
-1.739043744298872374e-02
-2.919118656107976603e-03
1.535605308405783159e-02
1.365433204982281074e-02
-1.048948974402441180e-03
-3.761674698697922703e-02
-7.829999434932473357e-02
-9.945571888697841978e-02
-8.865203141775442053e-02
-7.894114418101534636e-02
-6.578112513016734497e-02
-7.637291227730286236e-02
-9.497493521904439018e-02
-8.262639349688001567e-02
-4.662351972489284235e-02
-2.100981603015846313e-02
-3.260883604162126415e-02
-7.950459722794017692e-02
-1.327018703735096394e-01
-1.576415292341720453e-01
-1.546246740771236583e-01
-1.446736331420176158e-01
-1.468370345256257981e-01
-1.413742442221845308e-01
-1.302351488145690461e-01
-1.141876347080618970e-01
-7.093433915352885533e-02
-2.264366841837599925e-02
1.367473502369247369e-02
2.151474422622074584e-02
2.443856505138078047e-02
4.952635232767458456e-02
8.041011793766497662e-02
8.485457583609813670e-02
4.342039409423711915e-02
-2.455198217615576703e-02
-7.886304377658844011e-02
-8.819271224339880755e-02
-6.342217002074605758e-02
-4.267833934726628781e-02
2.160111883370062838e-02
7.144875241162747248e-02
1.368268633101655529e-01
1.687917241824683778e-01
1.788793903728638501e-01
1.750098886816974508e-01
1.401256468005069311e-01
1.169728121796268921e-01
1.118886171183170741e-01
1.458515971229990549e-01
2.095230022844872808e-01
2.699125759814012260e-01
2.937140273977025817e-01
2.500948506203634070e-01
1.454776435069705109e-01
4.606511192373202723e-02
1.686869848804074812e-02
1.021492746954689654e-02
-1.743582447388177317e-02
-3.662525528943565839e-02
-5.064377335948788694e-02
-5.071460861001460957e-02
-2.444361029714479591e-02
2.449426456461547066e-02
8.036995778138344981e-02
1.238030658949458851e-01
1.370718604444659816e-01
1.777728670719007920e-01
1.741467480363903253e-01
1.270606801798529195e-01
7.203541358906676018e-02
4.602676805592554460e-02
2.115592634748424128e-02
2.447953244698456050e-03
-4.824687800192123399e-02
-8.957510958273799673e-02
-1.189566028140362774e-01
-1.464624754801055750e-01
-1.343986874288620181e-01
-1.171165007789859436e-01
-1.229849288418537467e-01
-1.061241211181879057e-01
-9.329527199928963621e-02
-8.897674343512620987e-02
-9.114801540212626174e-02
-1.213809443085591550e-01
-1.454728000710370506e-01
-1.687420789641505270e-01
-1.600993711605679659e-01
-1.346951460699553627e-01
-1.156307768063997848e-01
-1.082259705034751690e-01
-1.049372775046618078e-01
-1.122177689519611860e-01
-1.301009452772463326e-01
-1.513319448816990709e-01
-1.669267995382590908e-01
-1.698134873545960322e-01
-1.572262046028786164e-01
-1.443327763382009910e-01
-8.754369182831635288e-02
-2.448861388935977615e-02
4.296046949038981387e-04
1.597488274848844411e-02
-2.393141694718233133e-03
-3.397024515858216437e-02
-7.075593926331338879e-02
-5.857207436288636854e-02
-3.962899280749763997e-02
-2.729195424567521649e-02
-2.315122014223557068e-02
-1.559408777920390059e-02
-8.014655429895300651e-03
3.019942847455985360e-02
3.938863729930012353e-02
3.936764907692184151e-02
1.275345296620089032e-02
-2.351871584368617901e-03
-1.050833878219875877e-03
5.808530905157451713e-03
1.135553645089159604e-02
1.158858644322282271e-02
-1.319967468255313662e-03
-1.226279272515922759e-02
-1.305657133170270989e-02
-1.198716085857974394e-02
1.714209026550101572e-02
5.367394796535328999e-02
7.415461861978220326e-02
5.706152778114127050e-02
4.161056353377085709e-02
2.175610878357106537e-02
2.418125751741618742e-02
3.275615721793040391e-02
1.051459488694613323e-02
-6.173382897827719117e-03
-2.515761347766772363e-02
-3.569894816716311786e-02
-5.171397089095004090e-02
-6.195581979189370564e-02
-4.237723908007006574e-02
-2.113836889222547866e-02
2.556163675844978084e-02
4.559328053988166013e-02
4.751894994308962505e-02
4.630102761565721425e-02
4.217240210205119161e-02
3.259955278941548129e-02
2.188365259648527780e-02
1.646806561241211109e-02
1.046704849086608699e-02
3.471492343335028444e-03
1.760280192768750099e-02
4.786707190080643354e-02
6.259757505307599057e-02
8.683675199186302596e-02
9.052200130772770914e-02
7.135369998143348269e-02
3.065350059332089955e-02
-1.398067872682214052e-02
-2.804470491366575433e-02
-3.214588429031554895e-02
-2.742938674028689433e-02
-1.783439888923869093e-02
-9.949426456461546442e-03
1.700946084485667475e-02
4.918791724182468295e-02
6.151082911550787014e-02
7.961660168390123637e-02
9.321414444740432070e-02
9.641827912721284699e-02
1.029898126397533059e-01
1.126411659764770395e-01
1.182865941765755408e-01
1.139285108856222667e-01
9.528087892217404486e-02
8.018530178642062356e-02
2.316797035817208875e-02
-1.322189394489784418e-02
-4.487039772681406663e-02
-5.452276011269061029e-02
-5.325458713744863487e-02
-5.010514292172200262e-02
-4.379858571670743744e-02
-1.506415534513517139e-02
9.274655106999572102e-03
2.013440534715327246e-02
3.548361707795510273e-02
5.010251939392471737e-02
5.120520830810710439e-02
3.556978987560441979e-02
2.130506381226842522e-02
2.297423292083403817e-02
2.745965821487096267e-02
6.260928002324848973e-02
6.878264274009315837e-02
6.517630106797762946e-02
5.532414694984622017e-02
4.391220465131297213e-02
3.903789181378603673e-02
3.632112787478103400e-02
3.366773222257202908e-02
3.197394231467803188e-02
3.644665358938965066e-02
3.987782432857869125e-02
3.810290686879939243e-02
3.483923828897553948e-02
3.552377723423663647e-02
3.996399712622800832e-02
3.468081757198556575e-02
1.373380476109752231e-02
-3.485699755406485717e-02
-6.221211827670549560e-02
-7.543570742418004293e-02
-6.950552555316075187e-02
-4.916793806859919708e-02
-2.057168688801169071e-02
8.554375640746212511e-03
3.033302658239088109e-02
3.820038101696009852e-02
4.837462362466600496e-02
5.007789859459634008e-02
5.190972642659369418e-02
5.066455977203562083e-02
7.129941313701272654e-02
7.244064772883215819e-02
6.687150364468553987e-02
5.710370603572841042e-02
1.351084526029431958e-02
-4.806080933814448064e-02
-8.474176414081482922e-02
-7.475298476739399012e-02
-5.764617086027494508e-02
-8.750050452457640293e-02
-1.030993953777476352e-01
-1.062106975354983468e-01
-1.112313225001816397e-01
-1.330600828227544719e-01
-1.251677039691957427e-01
-1.116557285738502964e-01
-7.563691182524882872e-02
-3.405298718911196204e-02
-1.665849336852896767e-02
-4.330273896302035998e-03
-1.330655316881795835e-02
-2.838616714697406174e-02
-3.484872335101187740e-02
-4.083036672882409124e-02
-4.696700005650675247e-02
-5.184655994962826531e-02
-5.115798480775595597e-02
-4.846705252706270256e-02
-4.541064264322443311e-02
-5.897468497485449518e-02
-9.453115540164191977e-02
-1.170432438104924977e-01
-1.157336998199856304e-01
-1.085700562645807582e-01
-1.055112246627757794e-01
-1.062417762494046597e-01
-1.034289508310528849e-01
-1.064028204941919187e-01
-1.115425132589058649e-01
-8.669387063182622255e-02
-4.915421500012108480e-02
-2.539877622518748115e-02
1.018122522784329926e-03
2.830463597542763610e-02
4.247289693975572766e-02
6.138247806327141315e-02
6.506732375947496538e-02
6.509033008015886745e-02
2.852581954972190775e-02
1.908876807207032789e-02
1.973262215549043824e-02
2.106874450068211765e-02
2.597070528499584308e-02
3.280075719048426014e-02
3.708356541463847522e-02
2.957119447202511894e-02
1.017216396645113409e-02
-2.602277222128044319e-03
-3.329135688857675756e-03
-1.675897448316502388e-03
1.721853582931731630e-02
4.131592118115257756e-02
3.531167510231758566e-02
1.980688817313669067e-02
2.237183057661104590e-02
3.644988254667861499e-02
4.616177883257049225e-02
4.157363233477829462e-02
3.323606099500318878e-02
3.132330742095108811e-02
3.141775442165338494e-02
3.367762090426948407e-02
3.932587444199581866e-02
4.466899151591472578e-02
4.548046884459835265e-02
5.538206637121707854e-02
6.838628823287240532e-02
6.213099072482018703e-02
3.845304692482180708e-02
1.193323727185398656e-02
-2.693111826863310229e-03
2.224388314403571293e-02
5.020624964683279706e-02
9.741057806407865671e-02
1.172595839488533298e-01
1.271553289903857575e-01
1.248367358470765798e-01
1.186613550319263188e-01
1.137164087537032020e-01
1.109118575384044209e-01
1.093643797576667465e-01
1.073226697018865167e-01
1.034989788422573664e-01
9.246421911704162666e-02
7.981437531785048889e-02
6.760790771640066976e-02
5.515805745929495962e-02
7.132363031667998676e-02
9.595351108743209456e-02
9.690928244496646582e-02
9.074358850168309787e-02
6.958968025250446277e-02
3.433229199460764713e-02
2.134300406041379078e-02
3.397206144705720854e-02
3.778808353312506502e-02
2.746712517860170136e-02
1.024104166162142192e-02
-6.121275599577006774e-03
-1.485677556325123820e-02
-2.446379128020084032e-02
-3.957329329426294978e-02
-4.197563751725474218e-02
-1.639470773900338421e-02
5.899526957757166533e-03
8.475225825200398758e-03
5.764112561451094005e-03
3.431291825087383774e-03
-4.726688946471960424e-03
-2.217506599181459648e-02
-3.874405670048999828e-02
-4.404136294287167713e-02
-4.059142388944050883e-02
-1.570197531462152671e-02
-4.652806367503773723e-03
-2.071416462838737704e-02
-6.028503620468360358e-02
-8.667631317656745993e-02
-9.082330338475447240e-02
-9.174779421855197570e-02
-9.333422129658780486e-02
-9.194718233114571038e-02
-1.108422331468610494e-01
-1.358234648326189231e-01
-1.335956861130619400e-01
-1.204895502869735846e-01
-1.096729469885937142e-01
-9.475052268746116113e-02
-8.766195238902477205e-02
-8.348771785371209009e-02
-7.875144294028850467e-02
-6.849344925290000441e-02
-5.431852856416342218e-02
-4.249428878179514063e-02
-2.658440897973022091e-02
-2.592792160091702408e-02
-3.506304539106708945e-02
-4.737263781593328837e-02
-5.561535853534497337e-02
-5.648314080675498339e-02
-5.993489614866119586e-02
-6.224138070213676432e-02
-5.413145085123386574e-02
-4.318669831044810031e-02
-3.832994292817991366e-02
-3.589712542077350133e-02
-2.180010332663324946e-02
-4.462217163522469963e-03
4.530227076421346416e-04
1.274350374155425875e-03
2.123241227326665842e-03
2.900612694645581836e-03
6.219556987059953086e-03
2.311227084493739856e-02
3.331476682892176716e-02
5.112630066435796400e-02
6.201071206580614781e-02
6.673366753041275190e-02
6.543058145448379936e-02
6.069471016072135183e-02
4.340828550440349598e-02
2.286727371063699416e-02
1.460162739447364022e-02
6.978523397831754883e-03
2.173734046932894123e-04
1.105496088925483726e-02
1.517349591133283250e-02
-1.691878768798585732e-03
-1.191241049734014651e-02
-1.815515543393149758e-02
-2.344182629824264133e-02
-2.407248201874409577e-02
-2.246446128883830204e-02
-2.060094931344295596e-02
-1.881670823949176466e-02
-1.708850975548720924e-02
-1.545635256984638148e-02
-1.393807667159082699e-02
-5.303239451400157227e-03
2.287574972352053246e-02
6.419429443247039180e-02
8.231197378086681227e-02
8.252387410295530801e-02
7.822169213506728613e-02
7.427852985574633082e-02
7.046170053035623326e-02
6.674799602838253632e-02
6.321793847221886253e-02
5.686960663227827451e-02
4.673411151203997471e-02
3.910287457922650284e-02
3.347944365065910755e-02
2.590935509650545837e-02
2.028249340081854021e-02
1.635081410085648113e-02
1.033603354886623339e-02
3.703331476682892188e-03
-3.904233163005836377e-04
5.639414267147781906e-03
1.912937220997909180e-02
2.473683998094915182e-02
3.260580889416285488e-02
3.444671816853542984e-02
3.248149403853761025e-02
2.757912963456275734e-02
5.383539582980165564e-03
-2.126914166242866236e-02
-3.242054746970834261e-02
-4.194677871148459053e-02
-4.299639164022957954e-02
-4.136415373065652906e-02
-3.986934831569515642e-02
-3.569612282953527060e-02
-2.802230402247354521e-02
-2.397722777871955785e-02
1.999820389250801106e-02
4.451662509384157057e-02
4.665096586184905997e-02
4.174335440227965044e-02
3.011951178165791013e-02
2.274941676958968165e-02
1.258698003697156058e-02
-2.822633376117017153e-04
-7.639571678815618681e-03
-2.621570241929624748e-02
-4.724650667183299957e-02
-7.461979027922409358e-02
-7.041588969881901194e-02
-5.245844735588760244e-02
-4.412228868492641676e-02
-4.154759886663599716e-02
-3.985320352925031395e-02
-3.813761815965579366e-02
-3.646360561515672033e-02
-3.483015684660031169e-02
-3.325725102721203974e-02
-3.196930068857514046e-02
-2.237082152745824629e-02
-1.690088715601514423e-03
1.227484077204368806e-02
1.580560466261432540e-02
1.911671873360295051e-02
2.235265864270780459e-02
1.222382324687800240e-02
1.606840142397016405e-02
2.887010712065806242e-02
3.271196086503765782e-02
3.118183872972820486e-02
2.900895228408366389e-02
2.307776136391155933e-02
1.103936098935251291e-02
-4.185374437959621862e-04
-3.685168591932450055e-03
1.005995770065951523e-03
5.378070536571977374e-03
2.553519967064635590e-03
-6.675425213312990991e-03
-1.694857481897658197e-02
-2.227072385150025494e-02
-2.226991661217801385e-02
-1.749733611023659985e-02
-1.084639042937059553e-02
-7.183824538460917460e-03
3.986712840755898932e-04
1.411924135648495726e-02
1.852583973070496062e-02
1.754942322750425998e-02
1.604043058145448314e-02
8.573608117598623471e-03
-3.278824498098951577e-04
-1.023898320134970438e-02
-1.036862583650174918e-02
-5.307820534553879879e-03
-4.001505501335981228e-03
-4.875624601425584959e-03
-8.137436530808289312e-03
-1.397389791651530884e-02
-2.090951654436990978e-02
-2.695109744185858816e-02
-3.035724376205813785e-02
-4.110099371160567949e-02
-5.877751677039692174e-02
-7.920188248209945880e-02
-7.241622873933435678e-02
-4.950818944292414980e-02
-3.319226826177157363e-02
-2.882671800708756088e-02
-2.742837769113409124e-02
-2.517396007394312116e-02
-2.123786113869178746e-02
-1.624435941523583518e-02
-1.145985195230830173e-02
-8.119071836227285607e-03
-7.211089046569636556e-03
-1.705626054456364782e-02
-2.150182839706487811e-02
-2.339117203077196311e-02
-2.006962439154336142e-02
-1.284917136883571842e-02
-5.930928567392375513e-03
-5.527208001356162179e-03
-2.069236916668684700e-02
-2.620843726539607427e-02
-2.356089409827331546e-02
-1.307303901387644324e-02
6.134756496258444818e-04
8.493207081103334999e-03
2.277787195569870582e-02
2.247152463290792018e-02
1.207569483124661981e-02
-7.782069600174363515e-04
-9.365086092073718338e-03
-8.247019268802622052e-03
7.887535417625263570e-03
2.682940611403062531e-02
3.303808555122337426e-02
3.517868242397823725e-02
3.780342108024766640e-02
3.953212408882861295e-02
3.877674989304078640e-02
3.705430298920720650e-02
3.523902356331581887e-02
3.344311788115822415e-02
3.168616149629880502e-02
2.997118155619596727e-02
2.740940756706140499e-02
1.858488928712695443e-02
8.711020431227246494e-03
4.002312740658223178e-03
-2.376552926646163105e-03
-2.288987641165976354e-03
6.116452344626611623e-04
3.974200631261149905e-03
7.233550480711017049e-03
9.850479096537750542e-03
1.143577603952243733e-02
1.195033056450245899e-02
1.206156814310738699e-02
1.209284866684425842e-02
1.209654178674351641e-02
1.182922448518312214e-02
9.688546888496032961e-03
6.797338531954568927e-03
5.659494345288547910e-03
2.537657714382583057e-03
-3.148031546912712954e-03
-3.832166872512693737e-03
-3.168797778477385092e-03
-2.993344311788115938e-03
-2.207335383721211863e-03
4.085599657730527466e-04
5.921604953220481297e-03
1.203321386191364209e-02
1.525803404935461259e-02
1.845341018251681064e-02
2.430617780253311808e-02
2.842269472630550714e-02
2.722858595887922908e-02
2.417782675029666109e-02
2.107298250712388854e-02
1.816195642522138581e-02
1.542269069010889643e-02
1.286228900782214989e-02
1.047378893920680558e-02
8.254405508601134547e-03
6.177984161964497449e-03
4.072300389896592494e-03
1.992793370950685615e-03
8.745832626998927212e-05
-1.529946560756867717e-03
-2.802028592416793817e-03
-3.735923764318407544e-03
-4.383107709942766703e-03
-4.872839625763849929e-03
-5.313007047199283343e-03
-5.721429782287554278e-03
-6.096876791062246295e-03
-6.438137214539994303e-03
-6.744181822584942136e-03
-7.014001566044284972e-03
-7.247899159663865817e-03
-7.417540503232993715e-03
-7.531078713906311749e-03
-7.635212586475511980e-03
-7.745562201825975310e-03
-7.840412822189394421e-03
-7.882853429556260783e-03
-7.866163756568908885e-03
-7.797528233195296157e-03
-7.675534190621493766e-03
-7.501695202576708077e-03
-7.286424656317859114e-03
-7.033173499947529758e-03
-6.744787252076622948e-03
-6.424171974265210396e-03
-6.073325583835839994e-03
-5.693741473534658960e-03
