5.863667769031315116e-04
6.100210380859221989e-04
6.277656155386836809e-04
6.112844877109630025e-04
5.235843930007607391e-04
6.580146567919635406e-04
5.184840157125777688e-04
4.262560746502708480e-04
3.636308941574672928e-04
3.333294517676649370e-04
3.010872265436985809e-04
2.684820749297436252e-04
2.383514214293477266e-04
2.120421693294206704e-04
-1.520680981880851259e-04
-1.964363345599080823e-03
2.311511171145993245e-03
4.891316161286816087e-03
3.991705094166782784e-03
3.684188054093498477e-03
3.149269489341220219e-04
1.026839085813653586e-03
3.762207524026890942e-03
2.549645224897914651e-03
-4.731628549691802585e-04
-1.241932165758380174e-03
-1.647843013958110022e-03
4.390749452699240288e-03
5.150565932274441851e-03
3.096247302311859809e-02
1.917062586364835786e-02
-1.112462542891300534e-03
-1.142140993991336111e-02
-1.327575030664368549e-02
-1.296419643827534038e-02
4.694326703619171141e-03
3.233344201717204547e-02
2.704674957690933815e-02
3.873783129162978707e-04
-6.433598056111912433e-03
-2.070601797941217480e-03
3.324696849721302944e-02
4.939350536432374206e-02
6.126546803918828110e-02
3.232936637322030016e-02
3.080915117921964250e-02
3.110919620538139807e-02
1.255001397363640463e-02
-1.290065520828481173e-02
3.963777229183162824e-03
1.366580884065396462e-02
1.652681385563680837e-03
7.405813809058020558e-02
9.090762650022511659e-02
8.209569611998694671e-02
5.929208005341033566e-02
5.695033148570806392e-02
5.703669632182836735e-02
5.363159283928764509e-02
3.526402409675966076e-02
1.398592156132097419e-03
-4.115565854643128685e-02
-4.684486934649959716e-02
-1.121788004409458445e-01
-8.724633968357475844e-02
-5.923113947241758631e-02
-4.721982859006007560e-02
-5.103579579859331139e-02
1.508048426413277957e-04
7.469607340816990237e-02
-2.372859316533916865e-02
-3.097780520750849712e-02
-2.435371931622338712e-02
-9.500170788889404638e-02
-1.181923160526029692e-01
-6.072340739360627265e-02
2.622929184715946591e-02
-6.600893536416847784e-02
-9.576540593413757074e-02
-4.753404133091122807e-02
2.274209325073361238e-02
-6.151679941621251285e-02
-7.165312000248419411e-02
-4.965415249895196483e-03
-1.242293151365534559e-02
-4.829676898473767716e-02
-2.954531339761205452e-02
1.048156644464110811e-02
-4.363869610446068775e-02
-1.387322030214106772e-01
-1.094159019982299946e-01
-9.159291691896842558e-02
-8.794715636499138289e-02
-2.674301706336267362e-02
-4.823000605524243450e-02
-6.850109460151845853e-02
-1.038470197338798445e-01
-3.624780691539739030e-02
3.759568059372428005e-03
-2.464483674134798630e-02
2.661764249227568241e-02
-6.930263791202818935e-02
-2.812854192867234385e-02
-4.833480832828729312e-02
-4.585429378794229904e-02
5.785512444299531487e-02
-1.342507413790426304e-02
-5.384721381216327207e-02
-1.158051531665812567e-01
-7.845110003571038881e-02
-6.529298057664538468e-02
-8.353245765211854412e-02
-4.636763084757867387e-02
-2.969145434502460518e-02
-9.551601533994751037e-02
-1.538105330165975559e-01
-1.873666682192929034e-01
-2.319060816370890898e-01
-2.794358532457651423e-01
-2.841014951790953869e-01
-2.599135187169096528e-01
-2.320574626981538879e-01
-2.344446255841756144e-01
-2.057365659012218850e-01
-1.787746285341655084e-01
-1.678786855466020411e-01
-1.602090999425528073e-01
-1.491272299594764150e-01
-1.184312264194885417e-01
-8.469013461269736531e-02
-6.694167559426769665e-02
-5.830499790395452658e-02
-7.760142531091340778e-02
-9.029627990746347255e-02
-7.095579673016906563e-02
-4.360744950083064730e-02
-2.235199590106665135e-02
-8.290849597093483472e-03
7.662734640644650042e-02
2.553410343596192456e-01
5.358811930380237287e-01
8.056965857748380477e-01
9.229936187060411301e-01
9.436454888443801536e-01
9.920447311627615949e-01
9.571611005014981632e-01
8.103661092738365657e-01
6.308204077196576387e-01
5.791587094570465055e-01
5.686183178847019626e-01
5.517238033133043951e-01
5.330457093173101013e-01
5.156019532038441655e-01
4.853509711677301830e-01
5.020514074557113071e-01
5.689074945269922967e-01
5.843056655332493632e-01
5.067539242628906759e-01
4.297921809741176991e-01
2.937704752589003765e-01
1.415282888505907388e-01
3.632388560249661530e-02
-2.339516667442979175e-02
-8.006427872746750551e-02
-6.313832347415652795e-03
1.123707438632446654e-01
8.949240765755273053e-02
-4.405285916127128255e-03
-6.929933858121010981e-02
-2.261012001801046278e-01
-3.118022885711179693e-01
-4.214215846103683827e-01
-4.171285729811976539e-01
-3.375525952148057951e-01
-2.990047665626406892e-01
-2.251463350256959206e-01
-1.313275342742248331e-01
-1.049542363407704043e-01
-7.944361637710185831e-02
-1.238712407036502150e-01
-2.933609700808917919e-01
-3.860682845032371580e-01
-3.910075768161845322e-01
-4.474009036284875562e-01
-4.563420901454810497e-01
-4.015887248280465838e-01
-3.136867887030912461e-01
-2.206941792041237360e-01
-1.803907184001738717e-01
-1.717881984877419888e-01
-1.995008306550529742e-01
-2.494255282810874108e-01
-2.462368220845559674e-01
-2.003819460617634607e-01
-1.993649758566615193e-01
-2.140528203456145695e-01
-2.199644448584780754e-01
-2.314810501964071898e-01
-2.452101479652832594e-01
-2.458350800378840406e-01
-2.411073330538605619e-01
-2.781200024842019891e-01
-3.268278292732155754e-01
-4.043019392302078518e-01
-4.390264256990699110e-01
-4.486197152483424877e-01
-3.931443787165990744e-01
-3.765700933128386385e-01
-3.667419690406321653e-01
-3.493117984070054360e-01
-3.377350288012172519e-01
-2.984244724952256345e-01
-2.356614964211964369e-01
-1.965275513531137830e-01
-1.813188007514710820e-01
-2.033086465756827332e-01
-1.734498967503531885e-01
-7.517156520254007768e-02
-2.232133153228686023e-02
6.425660254320181806e-03
4.845552502057229316e-02
6.045538528420823371e-02
8.734046765103170573e-02
1.248818063253993998e-01
1.345274970111944302e-01
9.818711475460739635e-02
2.720045957737512662e-02
1.585012110484885009e-02
1.131610306333162425e-01
1.713561802288570968e-01
2.659338270684863392e-01
3.398970608784759317e-01
3.536863229152110710e-01
3.541501700125762042e-01
3.009416678311363502e-01
2.056822239818653086e-01
1.339322589159563093e-01
-2.019617432887729422e-02
-1.433836772400515214e-01
-1.930824677441892734e-01
-1.630375968450634150e-01
-5.955563836228980334e-02
8.833065505302218224e-04
2.432499573027776391e-02
2.144914372661356483e-02
6.757631158103931911e-03
-1.161341158569720484e-02
2.085701088391013133e-02
3.361785209682176256e-02
3.631107643579113697e-02
4.959398823109288645e-02
9.473368577949599356e-02
1.480238949182542119e-01
2.357274830375579999e-01
2.786944742031145505e-01
2.840471532597387827e-01
2.776289844271584983e-01
2.582153337370161061e-01
2.409190771189466673e-01
2.361622183924107221e-01
2.404416445417423276e-01
2.286416849100252613e-01
1.901336423059604985e-01
1.752185321471268487e-01
1.043436660611423983e-01
5.497403232567887876e-02
2.070640613597900595e-02
1.402595991118977571e-02
1.611899715869392555e-02
-5.801931467076559476e-03
-1.619788998090269591e-02
-2.988068067135559586e-02
-5.590541400779417552e-02
-3.097741705094166423e-02
2.528859440744017986e-02
8.057703355225362407e-02
1.150296163460493293e-01
1.187095346779076660e-01
7.758822798764108963e-02
2.296761221606346756e-02
4.882039219339512348e-02
8.137197820112718194e-02
1.009781545484186444e-01
1.037587141149253767e-01
8.957353238002078999e-02
9.788221777136023316e-02
1.090011567065691384e-01
1.314111820143773202e-01
1.249411942801248038e-01
1.100699458133432562e-01
8.555009548651543172e-02
5.214650581458536716e-02
4.631658825904016313e-02
4.654288353750368062e-02
-2.715465710248885639e-02
-7.731283090347321196e-02
-1.077070427127485991e-01
-1.337659338270684728e-01
-1.284373204775878241e-01
-7.861160277609575975e-02
-5.179794121756951114e-02
-4.721885819864299338e-02
-2.483425714596239342e-02
-3.883001847625257991e-02
-6.485048209045600476e-02
-6.735680904249537193e-02
-1.194901175338084209e-01
-1.499047075628425207e-01
-1.494738537736581274e-01
-1.411176192028816556e-01
-1.335588522986631832e-01
-1.237577049078516095e-01
-9.984337882528294961e-02
-8.697230114739079587e-02
-8.940643097799927386e-02
-8.174557889670376609e-02
-1.661391618923408614e-02
6.427465182355954210e-02
8.804671852438397672e-02
7.663724439890073903e-02
1.048210986383467519e-01
1.470080891828527692e-01
1.834598723741207860e-01
2.075123821944819535e-01
2.314344714083872712e-01
2.223651932243389251e-01
1.917718570962783364e-01
1.664048550623379308e-01
7.218644712531245566e-02
-4.571048177993074918e-02
-1.032364494542518524e-01
-1.504624885493812680e-01
-1.920476423370130470e-01
-2.337828186377256812e-01
-2.319623643392798584e-01
-2.038035461983945529e-01
-1.698334420171720149e-01
-5.525195242753115632e-02
1.883172636514664558e-02
4.210023755181889482e-02
3.792134395329699315e-02
-2.140450572142779326e-02
9.199194186967253259e-03
6.933369043737482029e-02
7.107302001335258357e-02
8.228686322915210183e-02
8.206192649867248556e-02
7.658212616641046910e-02
1.169589485614917490e-01
1.748222242923905545e-01
1.457638533078702281e-01
5.123065039514337893e-02
-1.453000062105050394e-02
-5.930993525548464845e-02
5.278638191500922318e-03
7.732932755756359924e-03
6.996075737109319365e-04
-1.579428478270995112e-02
-7.206107255422546098e-02
-4.996875339636995539e-02
-1.102294781623115380e-03
4.420385206576923909e-02
5.165568183582529282e-02
-1.600297716086760413e-01
-2.569363578493020772e-01
-2.423766050274038242e-01
-1.099239989442141324e-01
-7.528840032915676272e-02
-8.122661356684830747e-02
-1.304658266958560187e-01
-1.455715217290046160e-01
-1.164217398729951586e-01
-4.838992656077754917e-02
-5.687696989457666913e-02
-2.640629124163522065e-02
-1.348646109894886987e-02
-1.167155743940875845e-02
-2.481873088328908142e-02
-5.865724998835529502e-02
-8.094481189932770104e-02
-8.076276646948311877e-02
-7.571944819662457249e-02
-5.553938236527084654e-02
-3.022264660673528933e-02
-2.208533233965252057e-02
-1.954717654913285668e-02
-1.703756967410374398e-02
-1.460965034856459566e-02
-1.228185600943996689e-02
-1.147784790473085036e-02
2.343398233111307349e-02
2.500737497476981930e-02
2.038326579409070402e-02
3.010775226295277912e-02
4.030734236961820705e-02
5.814721225953699973e-02
6.935368050056670008e-02
9.312594127967455115e-02
1.287198984582421102e-01
1.561621795767540455e-01
1.548583616687626840e-01
1.168122253792289456e-01
9.594589873771483535e-02
9.764427779589172907e-02
1.080010713121244414e-01
1.155053022187029210e-01
9.230906578477493518e-02
5.481624668126134498e-02
-2.743568245687580398e-02
-1.193633844147375112e-01
-1.662653127765615357e-01
-1.566380595276910537e-01
-1.345230332106758242e-01
-1.117019500985917541e-01
-9.206860279162201732e-02
1.594661682736348181e-03
1.173358485878863849e-01
1.755222646606734993e-01
1.714173148881332487e-01
1.224381666589035300e-01
9.095517567966214523e-02
7.575865200987469406e-02
7.117918083438135035e-02
2.897297653981709825e-02
-2.185418510410358853e-02
-6.724055615072895009e-02
-7.213113481453878317e-02
-3.283435806666976098e-02
-2.072484357290356460e-02
-1.957395935224431893e-02
-1.801003772881829348e-02
-2.728216653469342848e-02
-3.488867669663234944e-02
-4.118302358439298975e-03
1.175202229571319611e-02
2.842878103311751586e-02
4.777799773316564885e-02
5.037670594811122921e-02
4.534115080658934066e-02
2.458835996087381515e-02
6.392725169624418821e-03
2.310307885788811817e-03
2.023673669011132221e-03
5.871780241278121669e-03
2.300914496871457951e-02
2.638086698650767351e-02
2.463358020090983605e-02
2.412975297716086348e-02
3.069542130513763789e-02
2.411791420187246390e-02
-1.422011582591954128e-02
7.224991072398961878e-03
2.684976011924169320e-02
2.898423308025524503e-02
2.709002903411119462e-02
8.060226372909776171e-03
-2.845401120996164657e-02
-4.220853323396524248e-02
-4.325558557299671869e-02
-5.027112736193269787e-02
-5.984966696166565264e-02
-5.877136801900414292e-02
-3.102166689956060291e-02
1.379077584734578373e-02
5.003687487384911314e-02
6.368853540764202181e-02
6.586958715667551312e-02
3.842342447249522119e-02
-1.033004952877792683e-02
-5.692354868259660861e-02
-7.970135233747883963e-02
-6.663212073221853882e-02
-3.503811697486297616e-02
-1.242236868663343721e-02
3.350664524042417259e-03
1.488543558929929754e-02
4.925745648764884993e-02
6.283886068284502691e-02
7.954997127641404153e-02
1.019502926700513734e-01
1.169830142686353880e-01
1.094941155464468074e-01
4.761244895741145733e-02
-7.230231186051204982e-03
-1.755913565295697323e-02
-5.673898023506760563e-02
-8.100264722778578730e-02
-6.844985793469653135e-02
-2.569305355007995770e-02
1.498616221839240738e-02
2.952804043038799800e-02
5.253369199000108153e-02
7.022839132392440231e-02
8.120953467790766045e-02
6.867945254397812838e-02
3.499347896967720806e-02
-2.731108419892247594e-03
-2.353102147282127438e-02
-3.245144161348921530e-02
-3.909377086341546403e-02
-5.007239119971430841e-02
-6.219180368593475727e-02
-7.461941248622043499e-02
-7.846876115950128516e-02
-8.281980219541353050e-02
-8.245765211855853039e-02
-7.938092909155836097e-02
-7.594554939680467354e-02
-7.184176409396492158e-02
-9.185045880106199045e-02
-1.042664229043426816e-01
-1.149640178862545853e-01
-1.212053814026425591e-01
-1.000677333209123165e-01
-5.873041750120327337e-02
-2.160091294424518540e-02
1.099294331361497928e-02
2.413712795193068486e-02
2.804470011023646112e-02
2.778036548822332766e-02
2.635117300914496460e-02
2.190056981384010809e-02
-7.168436660611423455e-03
-4.307878025680438039e-02
-6.831846693682362692e-02
-8.777151551849952937e-02
-8.825282966137219798e-02
-8.248462899995341602e-02
-7.730817302467121732e-02
-7.265514617976305545e-02
-5.800980483487819250e-02
-2.506676292949523710e-02
1.187184622789448120e-02
3.113267967767478425e-02
3.967911096619931854e-02
-7.466094523887154520e-03
-5.156989923455524566e-02
-5.724125483254925012e-02
-5.266217181362273236e-02
-4.839264365674537938e-02
-4.435484497026719736e-02
-3.527489248063098159e-02
-1.462158616299470346e-02
5.177950378064495249e-03
1.830393047339574919e-02
2.273219525827937723e-02
2.377264893567469090e-02
2.413829242163118352e-02
2.459262968310897690e-02
2.023945378607915069e-02
7.130009160494976336e-03
-2.051329824397968987e-02
-3.992850156038939280e-02
-5.783261136211902131e-02
-3.666585153787631224e-02
-2.139538404210722042e-02
-1.149572251463350106e-03
2.664908317418913583e-02
5.503710776778920899e-02
7.651128759296348114e-02
8.556212834008723733e-02
7.492935550483641183e-02
5.967965438539288292e-02
3.172209542441038060e-02
1.212309997360535262e-02
-8.782197587218779078e-03
-1.146740649308304778e-02
-9.313195770646045049e-03
5.438345210924276987e-03
3.778316021550452014e-02
5.999697237877869849e-02
6.640951294113993375e-02
7.163681742667721286e-02
7.588577328551243673e-02
9.751405126771933718e-02
1.053643237536292521e-01
1.017040073283959761e-01
1.185036176192028612e-01
1.191464048938779691e-01
1.142806682503454407e-01
1.004190150138959958e-01
6.725317123915100503e-02
3.925640846491840891e-02
2.129058176906236527e-02
2.176316238918129739e-02
3.280932196810904672e-02
3.999235331563338880e-02
3.970647600416103706e-02
4.006940239414970295e-02
5.428291955843308342e-02
5.900989022932288941e-02
5.324712375983976093e-02
4.444489729377241322e-02
3.825981647957520104e-02
3.525257347803809754e-02
3.338379368702159428e-02
1.997376061608209866e-02
-1.448889484062291198e-02
-5.362984613473690404e-02
-7.410141754778205858e-02
-6.271426242489169800e-02
-4.621760833449779782e-02
-3.018460726318567336e-02
-1.442983681897930248e-02
1.615480460198425589e-02
4.557812039064076254e-02
5.071964227490800142e-02
3.252732622230502385e-02
1.881400701787072291e-02
-7.541940317046282906e-03
-1.913314934712065027e-02
-2.014571397518902934e-02
-1.925196407222817124e-02
-1.858285978232179433e-02
-1.357893940099678433e-02
5.779709503625381911e-03
-5.599410778331546761e-03
-2.023207881130932584e-02
-3.969269644603846264e-02
-3.257603987144254420e-02
-2.024973993510021872e-02
-9.228092443367955436e-03
4.141805238561025240e-03
1.627664694831306921e-02
4.063417019889142140e-02
4.945580449330040651e-02
6.203304765010014127e-02
7.928369587156675058e-02
7.936676137686896060e-02
8.534922446317945444e-02
7.220585495365410000e-02
4.981581970903783269e-02
9.868764264753828591e-03
-1.818734764854751731e-02
-2.246456130544816424e-02
-1.490934603381619677e-02
-1.017447637679134119e-02
2.009622401291784495e-03
1.110576101976493146e-02
3.468897014299687082e-02
5.135583088794695716e-02
5.747667179033334045e-02
4.925823280078251570e-02
3.789029142795037608e-02
1.728816355365099880e-02
-6.615429999844736446e-03
-9.745738040896173918e-03
-5.743358641141490389e-02
-7.527578524073469390e-02
-7.765324421258557042e-02
-7.289308615523155954e-02
-4.686330678342415929e-02
-3.210540003415777999e-02
-2.114036517769807277e-02
-1.928437514555871035e-02
-1.776998230006054946e-02
-9.303278370363467220e-03
-7.895356871147543934e-03
-1.392787274675112881e-02
-2.701200956417780172e-02
-3.632272113279611664e-02
-4.252138742683247985e-02
-5.343499153818683650e-02
-5.963113481453878595e-02
-9.071878833046095880e-02
-1.076484310711568471e-01
-1.071931234182619819e-01
-9.587137267688293496e-02
-6.476780474172061375e-02
-5.474560218609778040e-02
-5.250283354293787397e-02
-5.388467092086263177e-02
-5.878068377660812527e-02
-6.565513065350038480e-02
-9.054819351933794669e-02
-9.362258760693711879e-02
-8.965135777167076991e-02
-5.949760895554830065e-02
-2.137209464809725415e-02
9.849647553837314121e-03
1.603193364075333402e-02
4.668145543186299172e-03
-2.382679677674786473e-03
-3.260592792708866261e-02
-5.866384864999145410e-02
-6.996502709332835801e-02
-6.944664399832314872e-02
-4.762875153321843164e-02
-1.998327045196950438e-02
-7.383708292576893380e-03
4.109006008663654112e-03
-4.341531200024841344e-03
-5.953099042029591503e-03
-1.459259086745229306e-02
-3.233674134799012197e-04
8.488304842641326842e-03
9.665506078531834605e-03
9.156788082040770785e-03
1.913607992920024134e-02
3.957430869315446686e-02
4.669504091170213755e-02
4.046066421351716264e-02
3.121477479155991899e-02
2.800316735758535264e-02
2.224040088810222068e-02
1.444742031145682809e-02
1.201181548589438930e-02
1.160046656419333119e-02
1.108481997298430173e-02
1.056502010651016142e-02
1.010018320989954435e-02
8.118818606673187249e-03
-4.682701414442528957e-03
-1.578883118294594975e-02
-1.726838697657086599e-02
-1.619915148974490279e-02
-1.280058844535531676e-02
4.337358516931388679e-03
1.227120111168040519e-02
1.290919465275513350e-02
1.221728616454732970e-02
1.168207648236992829e-02
1.171745695343673691e-02
-4.628650612511061614e-03
-1.825121881161985427e-02
-5.178668467713135742e-02
-9.116089866008351972e-02
-1.034454717654913064e-01
-1.083863167047059983e-01
-9.697334917012125077e-02
-7.587975685872652698e-02
-6.044956293570574041e-02
-4.789483285978232002e-02
-3.438873103855170227e-02
-2.503609856071544598e-02
-1.233907028739112191e-02
3.476970670889809652e-03
7.845711646249630203e-03
8.987784712841770385e-03
9.906085518654803371e-03
1.066828916111602597e-02
1.624394475755740544e-02
2.346367630847578239e-02
2.544482742559038210e-02
2.000694800254630354e-02
5.184587855357336225e-03
-9.042611827906903502e-03
-1.218642771748412214e-02
-1.052191531976337871e-02
-8.290597295325040708e-03
-6.214386634993089922e-03
-4.765475802319622985e-03
8.828621112611982277e-03
2.137364727436458570e-02
2.730778486810439554e-02
2.852737280109304482e-02
2.856114242240749904e-02
2.973531603707671098e-02
3.725992516341391364e-02
4.054547642337012758e-02
4.044086822860868541e-02
3.973500551182324730e-02
3.905282034561460142e-02
3.839373049513251229e-02
3.773755181890166982e-02
3.706526464514726255e-02
3.639666495877776770e-02
3.575213097955190489e-02
3.521026441225331982e-02
3.104689707640473362e-02
2.086380362382970338e-02
1.110019097303088093e-02
7.610081202353780744e-03
1.387265747511916237e-03
-3.904059341375937155e-03
6.826063160836554414e-03
2.268464607884235901e-02
2.636864005465244104e-02
2.611905538217895034e-02
2.589838837393450624e-02
2.566995823435340440e-02
2.539533746331920291e-02
2.959499743816665709e-02
3.583597279798779456e-02
3.673009144968714113e-02
3.563083205241665552e-02
3.468547673389538177e-02
3.408946232552361594e-02
2.286552703898644262e-02
1.021567919636064050e-03
-1.593702936016271055e-02
-2.997966059589795770e-02
-3.954325616780784286e-02
-4.034441132175073386e-02
-3.815152079742884644e-02
-2.338410421227506142e-02
-2.810952225689754020e-03
9.725029888055644264e-03
2.115298026612013813e-02
2.545530765289486658e-02
2.614176254133867075e-02
2.042188737249056585e-02
1.272089990218454314e-02
1.287462931047867257e-02
1.788163553651000645e-02
2.347473877063051967e-02
2.610100610182122458e-02
3.614746844287111682e-02
4.908977285077708447e-02
5.083317807070659305e-02
4.899001661310105338e-02
4.721982859006007560e-02
4.548554504945113985e-02
4.378638967814056648e-02
4.212158616299470359e-02
4.047153259738847653e-02
3.885544273138012705e-02
3.941400003105251931e-02
4.694831307156054068e-02
4.734772617883148405e-02
4.514416134892169918e-02
4.067512071669227708e-02
2.302602977937180315e-02
1.423779635753877511e-02
1.250784076265002050e-02
1.203557066778455573e-02
1.101673731116182761e-02
2.071494558044932946e-02
2.252802490412532388e-02
2.168553107581473738e-02
1.313263698045243240e-02
7.532624559442295357e-03
6.062093405996241136e-03
5.705591007188658831e-03
5.276949710435200648e-03
4.856168584160106688e-03
4.423432235626561376e-03
4.019128355613519818e-03
3.780567329638082324e-03
-1.711120297483192595e-03
-9.020991507134317952e-03
-1.056779542596301621e-02
-7.839831074262112315e-03
-1.949943329141242028e-03
5.310952225689753725e-02
8.046252736503795022e-02
9.029957923828153821e-02
7.286455664756935624e-02
4.918564752278477975e-02
3.860799292002421723e-02
3.788194606176346207e-02
4.014994488176750614e-02
4.016838231869206133e-02
3.743847718415699299e-02
3.418514291924790172e-02
2.991173319670221639e-02
1.938667380874749616e-02
1.319808017762044358e-02
1.041655021969661518e-02
9.450991351871690371e-03
1.486595012964429113e-02
1.611026363594018906e-02
1.407121896688247852e-02
1.102475274426692638e-02
4.269140000310525304e-03
-3.495214029530951429e-03
-7.996743366404272108e-03
-1.586943189404877927e-02
-2.225553899420869980e-02
-3.433011939695995718e-02
-4.871364913751610043e-02
-5.143579114071451103e-02
-4.989442141382147144e-02
-4.420035865666774311e-02
-3.737171425466175034e-02
-3.481512102721753127e-02
-3.437475740214572528e-02
-3.300708773891036091e-02
-2.472421475926529430e-02
-2.101867809399599052e-02
-2.093735929324452155e-02
-2.146874563323861868e-02
-2.194792491499370987e-02
-2.237683792134394917e-02
-2.277625102861489947e-02
-2.310793081497352491e-02
-2.236480506777213315e-02
-5.386293415311999011e-02
-7.297052339031470658e-02
-7.449326160199977453e-02
-7.147107457263961183e-02
-6.882986321362584425e-02
-6.636468085767073533e-02
-5.339345878553572455e-02
-4.580034002515253472e-02
-3.570749297436613678e-02
-2.511702920490008553e-02
-1.897138509789308286e-02
-2.445444594531650043e-02
-3.781246603630039615e-02
-4.677694194730386279e-02
-6.476819289828743276e-02
-6.711091185740679366e-02
-6.399983697424192763e-02
-6.096115329079136030e-02
-5.801912059248217485e-02
-5.517102178334652024e-02
-5.237629450215038063e-02
-4.973275420373561573e-02
-4.511291474529165180e-02
-3.719762603443724919e-02
-2.956452714767027895e-02
-2.598300650550405475e-02
-2.420738429052742349e-02
-2.269551446271367637e-02
-2.120479916779231810e-02
-1.975484031238840255e-02
-1.834457046594313925e-02
-1.703289238747341186e-02
-1.427779589175089472e-02
-8.891308398155477882e-03
-2.962779666806402649e-03
5.261753380843696730e-04
1.480460198425636881e-03
1.897035648299097606e-03
2.102488859906531844e-03
8.045922803421987415e-03
2.442843945533870048e-02
4.313642150697905020e-02
5.235494589097457185e-02
5.202617727886719307e-02
4.394223453972393584e-02
2.663840886860123491e-02
1.001230456316859821e-02
3.431653391712080527e-03
-4.591193503811696712e-03
-7.769147763441860630e-03
-7.733107426211435417e-03
-3.818703712329404344e-03
3.309675190584873607e-03
6.678680112410140431e-03
1.161414908317418698e-02
1.727626655487757290e-02
2.934056080860775531e-02
3.194994332914123658e-02
3.339349760119241645e-02
3.532341205148508551e-02
3.715027093328364394e-02
3.768204542984457395e-02
3.681082801558836770e-02
3.912734640644650180e-02
4.251711770459732503e-02
4.257010107596999327e-02
4.491631344419084321e-02
4.824320337851475266e-02
4.742419302249754193e-02
4.459200863260204262e-02
4.157176238607604435e-02
3.868368345055660934e-02
3.154004999456580527e-02
1.942820656139860463e-02
5.099329265452512069e-03
-9.509059574269876705e-04
-3.116761376868973539e-03
2.680939183629108252e-03
2.049893645100687653e-02
3.734085580759854972e-02
3.965543341562252633e-02
3.563646032263573238e-02
3.089687456332386103e-02
2.632458428431691880e-02
2.185127392985234188e-02
1.750688977906128194e-02
1.326416383312372695e-02
9.171188690670266028e-03
5.198794385703416759e-03
1.392657242225223873e-03
-2.258721878056732784e-03
-5.747938888630117586e-03
-9.069181144906608358e-03
-1.221674274535376400e-02
-1.516917803965407187e-02
-1.795759777663918227e-02
-2.054415669104289396e-02
-2.296062539786047907e-02
-2.517156520254009225e-02
-2.719289052432188880e-02
-2.902343689350536313e-02
-3.066456285807443033e-02
-3.210093623363920179e-02
-3.391401555731519274e-02
-4.078419271197229745e-02
-5.204558510720883047e-02
-6.312376760290029643e-02
-6.925897029825948958e-02
-6.829323675997948928e-02
-6.472568975421924553e-02
-6.079114071451859058e-02
-5.935767851320507965e-02
-6.014020215193999902e-02
-5.751509929044978930e-02
-5.291447358206405327e-02
-5.039669601130310900e-02
-4.999301318179700387e-02
-4.649805145403449608e-02
-4.135769403946775585e-02
-3.612922508422996420e-02
-3.109619296039249636e-02
-2.625180492803576640e-02
-2.145205490086481148e-02
-2.114735199590106127e-02
-1.893101681494247304e-02
-1.448530439237970778e-02
-9.689882310928933998e-03
-5.178629652056452801e-03
-9.346421972766934217e-04
3.048251742822984632e-03
6.782841927119721663e-03
9.807784868104397341e-03
1.031355287468753261e-02
1.210813653795394726e-02
1.272949757013988950e-02
1.521723182262797389e-02
1.861975406399925259e-02
2.186117192230658049e-02
2.490199046687471482e-02
2.882916453180554492e-02
3.183563122020897918e-02
3.322639619917089338e-02
3.402405794401229533e-02
3.456456596332695835e-02
3.485063735308273347e-02
3.489391681028459341e-02
3.470643718850435072e-02
3.430391882869874426e-02
3.369393078392100144e-02
3.289568680422935015e-02
3.192005527349511124e-02
3.078023351499060284e-02
2.951018522831368868e-02
2.823489682798453401e-02
2.689944415979629230e-02
2.539786048100361321e-02
2.366901113233033094e-02
2.172318226279751699e-02
1.962519601906624611e-02
1.749835033459095843e-02
1.538891347213812086e-02
1.330618178148337653e-02
1.125720030431474721e-02
9.224424363811385696e-03
7.229901252969396681e-03
5.323023894918253729e-03
3.491662396944431295e-03
1.712139208471128706e-03
-1.440350039591969661e-05
-1.681793128076140408e-03
-3.285357181672798801e-03
-4.820341733041438870e-03
-6.275831819522722198e-03
-7.653477106525687253e-03
-8.951608520812955050e-03
-1.016626686540282772e-02
-1.129391991553712823e-02
-1.233218050832983817e-02
-1.327949601751362251e-02
