-1.224063165382797622e-02
-4.665341382485784405e-04
-1.387611516329742382e-04
-7.094558051832253274e-05
-1.791969362548053428e-05
2.594073251185203405e-04
6.200624637617605482e-04
9.275162128055583054e-04
9.725612578506034325e-04
9.118661657872041693e-04
8.161241284551181731e-04
7.863880646465827443e-04
7.335350493814528144e-04
5.750783233206163995e-04
5.265885138789410617e-04
6.769644170942168632e-04
1.050862652809651018e-03
1.128732843173080964e-03
3.902157971925413805e-04
5.041756196434401182e-04
6.015620812808480846e-04
1.919922626791204130e-04
4.272068174177422336e-04
8.889635985363404918e-04
1.447354060388132734e-03
4.135520052231787965e-05
-4.043797718757156457e-04
-9.114203440866500670e-05
-3.433923377135924236e-04
1.611664936975915974e-03
9.140392420543853869e-04
7.482934529986989087e-04
7.874624218593931791e-04
9.572863831922782648e-04
1.112437207353378149e-03
1.644831148076145123e-03
2.831308864299669856e-03
2.487417108834091058e-03
2.179303153884008294e-04
-3.271308084720739762e-04
-9.028157416475425957e-04
3.331774175473472144e-03
3.967934944138297275e-03
3.566646689956587228e-03
5.205760113818523431e-03
7.113682097457109735e-03
-2.850311100716725228e-03
7.174635425041048968e-04
7.139919800817583033e-03
7.265773074318232667e-03
-1.466180891545953687e-03
-5.123563260393979198e-03
2.454626070093890444e-03
9.155131334687850730e-03
4.589015732877278937e-03
9.248973148378232024e-05
2.008935923484327958e-03
-3.356671977548126521e-03
-2.765069017097139883e-03
1.092587178850023578e-02
6.302286602448851915e-03
-1.621999230165806390e-03
-8.247530927357860087e-03
-2.219643927323754120e-03
1.376958083015411213e-02
4.888325318287460412e-03
5.731245036274782052e-03
6.536623156417639777e-04
-4.268949858457700072e-03
-7.305020001071920073e-03
-6.834739011591364419e-03
1.619460726275220516e-02
3.084842549417995440e-03
-1.257017428461452329e-03
-3.839377506224450533e-03
-1.981733491198066702e-02
-1.191047997700242153e-02
1.112751475109506356e-03
2.681970775534863946e-02
3.225166756805480234e-02
1.809587846364482319e-02
-3.528325513182192091e-02
-3.657150931353202877e-02
-1.122330551211027025e-02
1.719093349704490722e-02
3.541188565526044718e-02
-9.081290592918499563e-03
-2.238733866370426484e-02
4.904355410034155581e-05
1.910465359897485157e-02
1.210096521616261904e-02
3.554490131017983695e-02
3.081456253441109891e-02
-1.893585039880334425e-03
1.320389886912331492e-03
-2.648229624973811105e-02
-3.970273680928088078e-03
-8.800739625509770630e-04
5.698989958048908226e-03
4.194597518015581727e-02
3.122384147262459789e-02
-2.175885187513094260e-02
-3.643678832970341508e-02
2.683700466285647481e-03
3.912195050648267954e-03
-5.271366553140484357e-02
-3.687091634630844383e-02
-4.254917437718951784e-03
4.253212108809728727e-03
2.398574345031889363e-02
6.715804501093845802e-02
1.193009125945848348e-01
3.769678277520353837e-02
-1.394503481307158843e-01
-4.001213219709703894e-02
7.431847748234984841e-02
3.041551556965294001e-01
-6.565979175497833886e-02
-2.932532315982829263e-01
-6.881367576337829584e-02
3.471002099990742190e-02
1.462865244909593021e-01
2.747893918797109647e-01
9.316406725817216739e-02
-8.253913729846666936e-01
-2.804681371474232465e-01
3.518385881825578654e-01
2.318784441553505826e-01
2.730840629704880396e-01
-4.868129351633948554e-01
-5.959418044328806952e-01
3.145844600685054893e-01
6.448287118919892036e-01
-2.369744541729398302e-01
-3.962136825846939159e-01
2.721753662802878226e-01
7.984301229298523817e-02
-4.017267673297959807e-02
-6.476985368277958510e-02
1.574293872022373975e-01
2.118442401297998823e-01
2.441641208542236208e-02
-2.856572093997729045e-01
1.979248583358913238e-01
3.470003264486768990e-01
-7.870628876578038280e-02
6.548925886405604357e-02
7.071560473399305172e-03
-1.345265763329581421e-01
6.010894615545778197e-02
-9.369466816735609604e-02
-7.528564259229483975e-03
1.535312489341694175e-01
-5.076325649608504770e-02
-2.153231111046146062e-01
4.936171975111942195e-02
1.859865814976685849e-01
7.238707068344710227e-02
1.038732891896764279e-02
2.329286831450163089e-02
-8.172861882975457348e-02
-2.095357120235432635e-01
4.413196322336398331e-02
4.837579602317297611e-02
6.671100521830646002e-02
-1.413530079565774450e-02
-5.264374704612670430e-02
1.609467498867174495e-02
1.252191347648351216e-01
-2.168496240967846822e-01
-8.202023007323169801e-02
-3.105525752902713391e-02
5.522829481726181794e-02
2.711107538041015314e-02
-6.630318799058657411e-03
-6.110753804101558967e-02
3.902913189013783313e-02
-8.824638592080451260e-02
1.249494491787623146e-01
1.283311164057513165e-01
-2.699097150151774302e-02
-1.700376146833691357e-02
-7.311573336451648863e-02
-2.525543390876002457e-03
4.725758749555396265e-02
6.078620535083487098e-02
-8.548740736409746188e-02
1.664656814737939527e-01
2.081122496211733619e-01
4.661760191776416484e-02
-1.806291689201370010e-01
-1.905488235666710217e-01
6.384775797972119457e-03
-1.402764581780265862e-01
1.022512777785898330e-01
3.059554957878375947e-01
1.898969006865166842e-01
4.813899892320659679e-02
1.478758910343550524e-02
-2.186277949122729936e-01
-2.575533889757794515e-01
1.910582296736974828e-02
9.160393492464881382e-02
2.465101661964831103e-01
4.783934827201458129e-02
-2.499890371712978204e-02
2.329247852503666394e-01
-1.028420524364277635e-03
-2.680850130823089206e-01
-1.724526040372443836e-01
-1.468643873727702720e-01
8.739713212401151177e-02
4.344276672562232267e-01
3.562334644000408890e-02
-2.441957912482520254e-01
5.692387898986060041e-02
1.130362650373466921e-01
2.205236334224976516e-02
-2.707063472342001176e-01
-1.385684494662320354e-01
-4.576225766058107658e-02
-8.907541938910244761e-02
1.052453481063540530e-01
2.037356447848605590e-01
9.004404620954105376e-02
1.246142302388921971e-02
6.619380332198071537e-02
5.934885669877556363e-02
-2.097247599140513938e-02
3.192911678579607448e-01
1.793669819088964390e-01
-1.439421844776090156e-02
2.143610619813972884e-01
2.956796710176915477e-01
1.178379840088871894e-01
5.826621645983463132e-02
8.990956884412805439e-02
1.628474607652541373e-01
1.319719936269422300e-01
3.838597927294519485e-02
6.097306067560259030e-02
3.708578778887053340e-02
1.227919644901797336e-01
1.088677103279590969e-01
6.175166513187064360e-02
1.987502375279552036e-01
2.199087405415150187e-01
1.366341192463420562e-01
-1.999351975014495297e-01
-9.053079580391638903e-02
-5.143588694156568664e-02
1.828504816336076408e-02
-2.517138555537690170e-01
-1.760501171804579046e-01
-1.504372950560078637e-01
-1.661645691121083068e-01
-5.256554553471805002e-01
-3.983063647747260294e-01
-4.231018471148270677e-01
-5.659816116819902376e-01
-4.700422434332655608e-01
-6.910211996745256879e-01
-6.288108010660741209e-01
-4.678569862453041961e-01
-3.585112965859314493e-01
-1.141822460643444892e-01
-1.049893051515549958e-01
2.883516290763451020e-02
1.103479358211645889e-01
3.539483236616822182e-02
-1.425006943124844661e-01
-2.532072364414170718e-01
-4.141147637632223710e-01
-4.304981022125424217e-01
-4.118734743396722520e-01
-4.569818601727741458e-01
-3.276667689864012356e-01
-2.909778355965483843e-01
-1.253190183152324833e-01
-2.042567445758359523e-01
-7.532242897305092832e-02
-8.712330502487343302e-04
2.899229678569862148e-02
3.660585951013208689e-02
-3.108497897573073154e-02
-1.579003015995985096e-02
1.081836298169451260e-01
2.284665682448267510e-01
2.360236114968402299e-01
2.129765785255239019e-01
1.590896467045736784e-01
1.453727118140314412e-01
1.766394301278022272e-01
2.169590087653905652e-01
2.439862794108332289e-01
3.761468336914524091e-01
2.741559839991424274e-01
1.588292186182937715e-01
1.369907766067852695e-01
-5.138204727171736402e-02
-3.150765692680240759e-01
-3.293331189491275901e-01
-3.515291927947417072e-01
-4.173475801382777739e-01
-5.039929058317376143e-01
-4.733846880953424541e-01
-3.970663470393053229e-01
-3.269724565019318518e-01
-3.330580445237016352e-01
-1.402323632448023716e-01
-1.050290149532983469e-01
-1.889458143920015043e-01
-1.777232884588211825e-01
-2.445246761093164412e-01
-3.114880700061878893e-01
-3.891925998470076031e-01
-3.876383143554587574e-01
-1.387224163048933201e-01
1.295725958516656118e-01
2.063528374236865137e-01
2.922617046467776425e-01
3.490881362703969204e-01
4.365520198402837448e-01
4.836093529982117833e-01
5.134063214106480144e-01
5.053328071175555714e-01
4.740254045283791018e-01
5.357899814362766522e-01
6.054819015879048250e-01
6.720944849663075260e-01
7.362562670837413670e-01
7.580430619911419088e-01
6.547659070644467061e-01
3.049225537056796664e-01
3.168476751494599120e-02
-1.959303543673472994e-02
-4.938754330317336738e-02
-8.890001412986810181e-02
-1.179617421640136443e-01
-7.462494944917875961e-02
6.690906699019191772e-02
2.202902469803497132e-01
3.137196146931138796e-01
3.465788665896832321e-01
3.372287917988296413e-01
3.745462607009388822e-01
3.553198953415286354e-01
2.888997705114524917e-01
1.603623093076851636e-01
4.090401921662062401e-02
-5.243764586652633480e-02
-1.302708062307846026e-01
-2.074656863461622758e-01
-1.706403266435716215e-01
1.201111874448813205e-01
4.841842924590355479e-01
5.777483811556283211e-01
5.533841034111449675e-01
5.504119587407850789e-01
5.603004302301218820e-01
5.726323944279595457e-01
5.720647635196038916e-01
4.819771096136698518e-01
3.360399339306856525e-01
2.027124474393268427e-01
1.257451069241225794e-01
1.388871023538411353e-01
1.554307417206281239e-01
1.233072174391806469e-01
1.377917939572887995e-01
1.472787822977114358e-01
8.189501020761161265e-02
2.813061844970984882e-02
7.364462894479118817e-03
1.684168213643605708e-02
3.152909534737549646e-02
2.012921520763597330e-02
4.130379703662558771e-03
-3.076656970653725287e-02
-6.772811210345011657e-02
-1.429265393029589826e-01
-2.446075063706215358e-01
-3.176905948674471625e-01
-3.767948586769570563e-01
-4.146385433567693624e-01
-4.551644667923737120e-01
-5.047797933141361382e-01
-5.507335350493813841e-01
-5.551454645559567025e-01
-5.517908389730996621e-01
-5.352345314487012562e-01
-5.147242970390617511e-01
-5.008039407714908187e-01
-4.553398720516080855e-01
-3.371849404840210340e-01
-9.963895750807594265e-02
7.394208703024278406e-02
4.852708305926260735e-03
-6.001174240763207379e-02
-1.012180920780163668e-01
-1.652339467645037863e-01
-2.176669638811336849e-01
-2.700802479060996908e-01
-2.610614941604665895e-01
-1.775050063584406312e-01
-1.516831596334030086e-01
-1.779276843095123073e-01
-2.160147437865123088e-01
-2.132845122028464435e-01
-2.240468429489521907e-01
-2.496966950725739154e-01
-2.530854272336154343e-01
-1.787060451473647671e-01
-1.105072622649691250e-01
-4.852610858560019863e-02
-1.367720072695735069e-02
7.517187279220810363e-03
4.781864070668829375e-02
1.062717124912906375e-01
1.656973089909812291e-01
2.308026252320465321e-01
2.898839889104897205e-01
3.362689352413527066e-01
3.540287177388313222e-01
3.311237143038116559e-01
2.708427735469379205e-01
1.565616184058585270e-01
-2.532389068354454903e-02
-2.359790293267848560e-01
-2.381228713840936595e-01
-1.832736468215105108e-01
-1.427733033195445200e-01
-1.029278061187201138e-01
-5.205784475660084343e-02
-4.179103386783213775e-02
-6.492918012658412119e-02
-3.947665891960105283e-02
2.830967798517825332e-02
1.084925379679300556e-01
1.268033853215032036e-01
8.758959067233809681e-02
3.837550368107425780e-02
-2.492362562670837056e-02
-7.428022939110012768e-02
-7.353889855241936557e-02
-6.441953040114208051e-02
-3.212352428144747696e-02
4.796115747981621186e-02
1.463890878439282894e-01
2.252681020663713785e-01
2.189345104975174983e-01
1.928424909495758399e-01
1.300418049201174930e-01
1.541117916185520340e-02
-5.444725417683772550e-02
-1.173899697425927757e-01
-1.404574666608198186e-01
-7.226964660712631439e-02
-9.818211938276836734e-03
3.442571830889840090e-02
8.784319744298109411e-02
1.327272107153123770e-01
1.042382295762501188e-01
-8.058409951325040677e-02
-2.177758613129083531e-01
-1.561935109798819887e-01
-6.900174918022403125e-02
2.267091049946647410e-02
1.179449324933370263e-01
1.696449017974166751e-01
1.974612524909982736e-01
1.988535317361709853e-01
1.296627346654388169e-01
2.578530396269714670e-02
-1.115363064524773490e-01
-1.351046828331847194e-01
-9.416265914372998203e-02
-8.825491256535063223e-02
-7.022081573190279424e-02
-1.728375211338975537e-02
2.840883068032878586e-02
3.443595028235374444e-02
-7.513630450353002595e-03
-1.208437480206003695e-01
-2.275159691871427581e-01
-2.759855583003230084e-01
-2.855548896652195245e-01
-2.208895482827337720e-01
-8.224776967340514944e-02
2.013969079950691521e-01
3.465252705382504961e-01
3.316889090280111807e-01
3.322565399363668348e-01
2.798322930826986910e-01
2.183247336032625163e-01
9.196619550865088588e-02
-7.897378178611277888e-02
-1.311690273291138686e-01
-1.031650904555177078e-01
-8.320226662573876331e-02
-6.388356988681488657e-02
-4.799282787384463039e-02
1.533541383460258409e-02
5.258747119212235643e-02
2.215034666900540100e-02
-3.760956738241756636e-02
-6.817198485667928798e-02
-2.182458012366070635e-02
1.115026871111240991e-02
4.632379810854662244e-02
1.082496504075735888e-01
1.490014081144421798e-01
1.375077348846953929e-01
1.217405074084360050e-01
1.232640969796188757e-01
6.898737569370343159e-02
-5.265860776947851180e-02
-9.478364248510272316e-02
-7.252788212766579645e-02
-2.230292488269773263e-02
3.672645062585570830e-02
3.747801343799180701e-02
-1.381998548034243067e-02
-5.366475182592002346e-02
-8.018139827225820304e-02
-1.103121239140709003e-01
-1.316043734377969066e-01
-1.286906971871817629e-01
-8.945302793328753499e-02
2.403670842286309908e-02
8.499529816457886133e-02
5.490038442985981787e-02
1.670023728433679688e-02
-2.696807137045103067e-02
-1.911230321722479433e-02
3.808437967442834110e-02
4.958511783822762420e-02
7.949853585332221362e-02
1.382381028946740031e-01
1.148529275625003038e-01
7.272813646529167897e-02
5.041902367483762359e-02
-5.688855431959812144e-03
-3.418356160378874936e-02
-5.025092696807136744e-02
-8.422302778711647508e-02
-7.017672079867860735e-02
-7.742363780762914760e-02
-7.373817841638284631e-02
-3.789265198134857127e-02
-3.553320762623087947e-03
-1.130832833915581224e-02
-4.303762930047408397e-02
-6.813617294958559945e-02
-7.528466811863242236e-02
-9.786346649515929863e-02
-1.228423935022096153e-01
-1.223948664727463886e-01
-6.626226009676522422e-02
2.586058205311855644e-03
-3.150668245313999281e-03
-5.465944581682817723e-03
4.976783164993008046e-02
1.178309190748347002e-01
1.192565740429450544e-01
4.781888432510390113e-02
-2.853210159862403991e-02
-5.235798264462406676e-02
-3.342079234453490533e-02
-9.325444969036098333e-03
-2.453042550392469170e-02
-5.933472683067058523e-02
-5.983268287216366582e-02
-3.599754432637071455e-02
3.769775724886595143e-03
5.679232504543482718e-02
7.064325006455887679e-02
6.125517080087117261e-02
4.523311846189076446e-02
3.361252003761468210e-02
2.787262654758598107e-02
4.871150219987428753e-02
8.435774877094508184e-02
1.023694327101574153e-01
1.088601581570754068e-01
1.044004794410419018e-01
9.548794332461178758e-02
4.780207465442726927e-02
5.755874858092271951e-03
6.479762618215835317e-03
2.281194120025920903e-03
-1.297375255190290171e-02
-1.909668727678462408e-02
-1.073626357563620994e-02
-5.272316664961337711e-03
-7.263872850676527694e-03
-1.215022485979760231e-02
-1.165887087736736105e-02
7.987492630542927232e-04
1.457020839119270612e-02
1.856503880841360588e-02
5.116668859232406663e-02
1.231284015221278533e-01
1.679269047305823881e-01
1.856786478203460156e-01
1.822265748712476596e-01
1.752797957503203496e-01
1.675449110549164511e-01
1.103511028605674293e-01
1.818367854062824182e-02
-3.935801675120224885e-02
-2.510244154376117462e-02
3.406613752746797535e-02
9.708315670998200753e-02
1.319398359960826106e-01
1.557664478973294353e-01
1.757767773181510007e-01
1.620608169012711652e-01
6.305307470802332115e-02
-4.743226189954150018e-02
-5.862969513591470561e-02
-2.918987132075287830e-02
2.433004935709099942e-03
4.091132776908872060e-02
3.959700641690905992e-02
6.017472312767066511e-02
7.356983809120098972e-02
6.589269096029505557e-02
2.695272341026802923e-02
-4.053274475124123838e-02
-1.116050068456774791e-01
-1.594709095249927933e-01
-1.864360574744565735e-01
-2.289961946803482362e-01
-2.485200181252101292e-01
-2.220077568103527854e-01
-1.575675188438844243e-01
-6.318170523146185436e-02
-4.541607589200882117e-03
1.973657540720817963e-02
3.738373311115333192e-02
4.198471050823673889e-02
2.172525689561925419e-02
-1.886434839382378562e-02
-5.753195055520636536e-02
-8.283659538391825727e-02
-9.566627200483339422e-02
-1.046065806206422782e-01
-1.089466426946145705e-01
-1.106151852230813637e-01
-1.100019976710079478e-01
-1.085819459264564663e-01
-8.115002509269680919e-02
-5.433811312664747067e-02
-3.494535638938018468e-02
-3.173641461905388206e-02
-1.485071063491831198e-02
5.101929945088408414e-03
-5.174308976364141305e-04
2.336249445768104165e-03
9.209921116357026698e-04
-1.080009160052426524e-02
-2.432408070590872176e-02
-2.790112990221156955e-02
-4.607676903512489958e-02
-8.582822952752644508e-02
-1.284529256135529540e-01
-1.385236236777610264e-01
-1.349697182309405052e-01
-1.254301083127475624e-01
-1.306464658276448310e-01
-1.391470432032898275e-01
-1.444995834125093193e-01
-1.394401161572605408e-01
-1.360043656420076019e-01
-1.273317936649467075e-01
-1.276131729349684885e-01
-1.266774346006363239e-01
-1.340980515399119999e-01
-1.320436174411296071e-01
-1.248303197735323028e-01
-1.121015011766769431e-01
-8.079214964017560063e-02
-4.035295436052601520e-02
-4.659031665521659593e-03
3.143871291518668398e-02
6.236046755246322376e-02
7.205794220396707916e-02
5.542854915488771433e-02
3.449636764942335537e-02
3.351945780285423004e-02
5.811151876592655224e-02
8.814382256783553915e-02
1.188090470134818277e-01
1.533648575563124061e-01
1.997673444130988740e-01
2.356920468332041885e-01
2.540574647118724605e-01
2.590443336792714324e-01
2.446586662378982535e-01
2.273831971506389826e-01
2.132954750315485537e-01
2.056592557944639799e-01
1.943626698629402627e-01
1.688282928683144668e-01
1.133895117399714436e-01
3.713621680090040816e-02
1.672045761283186705e-03
4.582949634328758147e-03
1.129799891833423338e-02
4.035904482091609569e-03
-3.077119845643371421e-03
-1.751567684504406683e-02
-2.705845380263984662e-02
-3.726338561384531789e-02
-4.441041907239851733e-02
-4.218374675378461225e-02
-3.864762545130311089e-02
-2.168389048864981933e-02
7.864660225395756626e-04
1.603637710181788148e-02
2.050804184389906290e-02
2.181895253826026879e-02
2.527784680299553083e-02
4.139661565297043933e-02
4.137785703496898310e-02
1.641035573161046465e-02
9.570135305668024325e-03
4.014709679934125482e-03
4.797869800573964505e-03
1.815500465311173600e-04
-1.345757872529100042e-02
-1.186494769512616912e-02
2.109998587013189441e-03
1.509932322804145334e-02
3.263244315164271631e-02
4.241299168286728760e-02
5.352710742110416975e-02
6.551337708720077202e-02
6.306598648405029039e-02
3.009978610303109745e-02
-1.452426195800992845e-02
-3.874434196229761124e-02
-5.623979847884660876e-02
-5.703716155311611830e-02
-6.526439906645423172e-02
-7.043495631921807554e-02
-6.281432866073211052e-02
-5.949186070873468957e-02
-6.037034871540009062e-02
-5.050063584406471601e-02
-4.074055125975082486e-02
-3.294841623668016278e-02
-3.290383406662476112e-02
-4.037098212328066316e-02
-6.747937770111916977e-02
-9.348783613250891134e-02
-1.071195045775900218e-01
-1.137581064027791827e-01
-1.098709309634133685e-01
-9.297501936766404407e-02
-5.728199806079740247e-02
-1.463491344237693483e-02
2.215716798464229323e-02
1.232319393487592459e-02
-1.899748585795097214e-02
-4.120001559157859816e-02
-5.621153874263663114e-02
-6.299119563046010062e-02
-7.354133473657541165e-02
-7.065226394593619730e-02
-4.478266801144031861e-02
-1.123373238029809137e-02
1.216450089895195277e-02
5.053669136957400498e-03
-1.816613801470480863e-02
-2.680021828210037496e-02
1.214447546518936235e-03
1.287201750154697531e-02
1.126498862301999158e-02
1.543671037181042378e-02
2.922519599101534860e-02
3.872728867320537893e-02
2.469291898713207173e-02
2.157155803721514872e-02
3.876236972505225226e-02
5.919756966268593934e-02
6.335418706970896707e-02
7.135291050921120648e-02
7.928025375294167620e-02
7.948806026145127657e-02
5.957663991736463632e-02
3.482013652376010626e-02
1.641152510000535789e-02
2.897426902294398046e-02
4.838042477306944700e-02
5.233483889514175397e-02
4.714503578754525304e-02
3.266557525616476526e-02
2.352260048041551754e-02
1.887416621597259522e-02
-1.321544638202290858e-02
-5.470938759202685631e-02
-9.551766477131537481e-02
-1.038101920200351636e-01
-9.457997748965839280e-02
-8.791798829657131165e-02
-6.476887920911716945e-02
-4.569818601727741736e-02
-3.304781255024629577e-02
-1.742595218257738526e-02
-1.851979886863607634e-03
-1.777617801684864760e-02
-3.514220006918762629e-02
-3.009808077412187699e-02
-1.494360233678784095e-02
1.102363585868182741e-02
2.913944230872300006e-02
2.857960718966667812e-02
2.833745048455702659e-02
3.597440057688840870e-02
4.693796013428246788e-02
5.375586511335565115e-02
6.467338079020068520e-02
7.255735995595379018e-02
7.651737730158497675e-02
6.284721714683856597e-02
4.297843002548248220e-02
4.210359629505112944e-02
5.036567124182050881e-02
6.245840215553573327e-02
7.244626995843869710e-02
7.932849019923113310e-02
6.905388352116313688e-02
5.559055540126389000e-02
2.071455717480595593e-02
-3.937482642187887898e-03
-2.827508417016258782e-02
-3.623287971584347733e-02
-3.876724209336431665e-02
-4.508012609689191624e-02
-6.184302203772187173e-02
-7.486783700953522636e-02
-8.846442440276945651e-02
-8.055535254020920743e-02
-6.618795648000623533e-02
-5.328836137381296606e-02
-4.359429738012755851e-02
-3.314647800856562049e-02
-1.397853234521703909e-02
-3.026666471771933924e-03
-1.815300698210378996e-02
-1.659272847753107127e-02
-1.887553047909997297e-02
-2.497965786229712493e-02
-4.376799731045268732e-02
-4.296235121005267249e-02
-2.582720633018090878e-02
-1.090830690073523943e-02
-1.696500177841443269e-03
1.617309575665443547e-02
4.128065328714327492e-02
4.640053790946165047e-02
4.730679841550582132e-02
4.795531063784173181e-02
5.540905968163944983e-02
7.869678764757184752e-02
9.526698142165962446e-02
1.027007537553778632e-01
9.822791964490178163e-02
6.853107840127850570e-02
5.109750096229274258e-02
5.223398087108199750e-02
6.591023148621850958e-02
6.467581697435671739e-02
5.467917890849204043e-02
6.361558962965127573e-02
8.821836980301013542e-02
9.793192326994382135e-02
1.001186421683987887e-01
8.825247638119460003e-02
6.997232494798746871e-02
4.355726738095586081e-02
2.997066834276136075e-03
-1.888885640643347269e-02
-3.999848956582325449e-02
-5.147023713816574475e-02
-5.842018329849589520e-02
-5.300941828794721727e-02
-4.947500231437494678e-02
-5.376414813948614951e-02
-4.217473287240728480e-02
-1.648419647337981409e-02
-3.810216381876738515e-03
2.242081183400815737e-03
3.432144962702020352e-03
2.644575348739761772e-02
5.870083171327086097e-02
6.811376005535009492e-02
5.856854691359828641e-02
5.465847134316576678e-02
6.163156125297823001e-02
5.882337177631930675e-02
2.740219938705606290e-02
3.024084116566539207e-03
8.413776134165532397e-03
1.663041624642489641e-02
3.011245426064246972e-02
2.090521294685707479e-02
-4.793460307251544775e-03
-2.921886191220966419e-02
-4.034126067657706205e-02
-4.738353821642084934e-02
-5.783842252203527656e-02
-7.412480084194524033e-02
-7.627984934637177528e-02
-7.138872241630488114e-02
-6.916399904501580043e-02
-7.606449066697848482e-02
-8.597927294520046893e-02
-8.163653106865653708e-02
-8.390608022841662683e-02
-8.705801528949175250e-02
-8.008931051116015276e-02
-8.015460024654183502e-02
-8.191912843075634110e-02
-7.281949337114290710e-02
-7.463786122520572885e-02
-7.978040236017520936e-02
-8.821690809251653276e-02
-9.666072237732593886e-02
-9.905500416587489920e-02
-9.073689698351677935e-02
-6.730007454723516136e-02
-4.730314413927177303e-02
-3.463084501483636168e-02
-3.429051008823858632e-02
-3.350971306623010126e-02
-3.507983375479319099e-02
-3.960407135096155606e-02
-3.516851085807277955e-02
-3.058702293423764401e-02
-3.498555342795472284e-02
-2.751085320041512378e-02
-1.648870341406847434e-02
-1.709416826236728748e-02
-2.029363327632662320e-02
-1.877338127743752305e-02
-1.425023996413936865e-02
-1.464419530401141895e-02
-2.768114247292180821e-02
-2.845657988978702799e-02
-7.696003196273612686e-03
2.899180954886741365e-02
2.703847709256037776e-02
2.348201365237600688e-02
1.296176652585522004e-02
1.104105457539746298e-03
-5.286568342274128481e-03
5.330614551815200317e-03
1.193006689761692482e-02
1.341343506838368893e-02
1.757019864645608179e-02
2.102241776660380979e-02
3.066985319554275252e-02
4.133473657540720492e-02
5.011693683948956896e-02
5.248222803658173646e-02
5.263790020415222426e-02
4.744298110982805156e-02
4.501240017735420179e-02
2.718684070766277244e-02
-6.344798015971623781e-03
-1.605844893027153636e-02
7.153757326823849405e-03
2.955115743109252777e-02
4.490691340339798832e-02
5.789274942871480700e-02
7.089807492727989713e-02
7.842856377199264317e-02
7.076432841711369215e-02
4.972860908501795102e-02
1.817839202100965043e-02
-1.074003966107805845e-02
-2.322592197389385105e-02
-2.625573112322706487e-02
-2.480059832682871696e-02
-3.621460833467322893e-02
-2.277366874716793554e-02
-2.003257178216615551e-03
3.790069138906347872e-03
2.898839889104896754e-03
3.391899200444359764e-03
-2.998114393463230387e-03
-1.764179809880188354e-02
-2.862370212289087196e-02
-1.387791793957288654e-02
1.180509065041244511e-02
7.435185320528748913e-03
-8.855188341397103244e-03
-3.813700125219865456e-03
1.110631994893757947e-02
1.034942189349977171e-02
-9.602414745735459584e-03
-2.176026486194144322e-02
-2.702483446128659678e-02
-2.708013584162853940e-02
-2.494360233678783942e-02
-3.304854340549310404e-02
-3.841862414063603598e-02
-4.062458889392366740e-02
-4.628262659630966863e-02
-4.978683388634713713e-02
-5.570383796451940789e-02
-6.562836497936551383e-02
-5.033814236085733945e-02
-2.292714834899799853e-02
-1.033480478856357593e-03
-1.594095176842607849e-03
4.771047413016043723e-03
1.916758023572517899e-02
3.597001544540754780e-03
-2.757955359361524694e-02
-4.121414545968358351e-02
-3.132713568084038308e-02
-3.162751718727922073e-02
-4.724589381160500950e-02
-5.138545792953580493e-02
-5.576937131831668365e-02
-5.913617782195391276e-02
-3.697713397551147252e-02
-2.394600928673400100e-03
1.036277218267483285e-02
5.170484167239169926e-03
1.145276969776699155e-02
2.799809003162167034e-02
3.790556375737554051e-02
3.259297696831498642e-02
2.888875895906722890e-02
3.442255126949556043e-02
4.141342532364705731e-02
5.148266167736150617e-02
6.700919415900485898e-02
7.530902996019274431e-02
7.096360828107717289e-02
5.752001325284179789e-02
5.024824716549972786e-02
4.842183990372200125e-02
5.681035280818947514e-02
6.458104941068705529e-02
6.339219154254308042e-02
6.516792617387533182e-02
7.960572795618765796e-02
8.476580961708056472e-02
7.651031236753247367e-02
6.118988106548949729e-02
4.524944089573618849e-02
3.864177860932863084e-02
3.529641052626449754e-02
3.514755967433089850e-02
4.518074050253605839e-02
5.589897631541762557e-02
6.108756133093612428e-02
5.710293852532900144e-02
3.992394233064865822e-02
3.784173573248748867e-02
4.550670194261324797e-02
3.389730996545490399e-02
2.061423511126052668e-02
2.266898591398320770e-02
5.229561633022963146e-02
8.375990917905465349e-02
8.474753823591031632e-02
6.727376375835002198e-02
5.965021267887681694e-02
5.014836361510238705e-02
2.852040791467508329e-02
2.556239311242015227e-02
2.093159682126690888e-02
2.145985899366104760e-02
2.323103796062151935e-02
1.039683003717616940e-02
-1.219059243126306182e-03
-7.338566256900491691e-03
-1.510648560946018827e-02
-1.947897329454928092e-02
-1.155401751129171359e-02
-8.057264944771703324e-03
-1.201450504046501847e-02
-1.133673424641515326e-02
-1.142831040884042561e-02
-1.642290208001402976e-02
-2.026242575728784412e-02
-1.324453442084593847e-02
-1.064373730139008684e-02
-3.568108400450206719e-02
-5.152480766326087563e-02
-4.231846773761321207e-02
-2.541256778682413758e-02
-2.042194709582486473e-02
-4.128917993168939454e-02
-5.605416124615691942e-02
-4.434512933701683507e-02
-4.002431311787719992e-02
-3.566110729442259486e-02
-4.334678106987463475e-02
-4.089256915108726437e-02
-2.884612573633665855e-02
-3.039139734650821503e-02
-1.870000341065781654e-02
3.474778185432592873e-03
1.552487587641724828e-02
-1.462455965971379583e-03
-1.721836493064183779e-02
-1.443987253884495593e-02
-2.889290047213249023e-03
-9.169553544891564587e-03
-2.708135393370655550e-02
-3.502648132177607621e-02
-2.708305926261577942e-02
-6.563128840035275385e-03
1.605182250936712789e-04
-2.859641686034330044e-03
-4.946282139359477713e-03
3.142019791560083340e-03
1.411539717110295820e-02
1.313588060748688106e-02
1.675924166459590720e-02
1.995173919186899250e-02
2.624476829452491652e-02
1.914338892705577319e-02
1.002528759153961842e-02
1.382519891443633950e-02
7.803901792544301261e-03
6.384580903239636673e-03
3.250600519394461875e-04
6.257217195562245898e-03
9.530596036815613611e-03
1.428281174630552548e-02
1.183758934705392112e-02
1.426753687164719966e-02
3.071930773391021857e-02
4.182782024858822806e-02
3.250503072028220614e-02
2.020276360730659942e-02
2.255017321269349104e-02
8.902815741647541678e-03
-1.553549763933755219e-03
-4.186143958994147790e-03
-5.248003547084130818e-03
3.128279712920059227e-04
-1.804252603062770494e-02
-4.054248948786536716e-02
-4.383986474305565095e-02
-3.397453700320113984e-02
-2.391550826110047309e-02
-1.001352082206598097e-02
7.297224211772616095e-04
7.907244724443209319e-03
1.073165918758130742e-02
-4.327077212420641326e-03
-4.364326468166381499e-03
-1.604565896345236387e-02
-4.159345933277788093e-02
-5.103562188472950123e-02
-3.801714099172184141e-02
-3.287167643576512782e-02
-3.434581146858053241e-02
-3.175492961863973090e-02
-2.347351136967145563e-02
-2.420534109014368593e-02
-4.056124810586681645e-02
-4.820380142175707122e-02
-3.996438298763879682e-02
-2.384731946657311571e-02
-1.485241596382753590e-02
-1.664091620013739836e-02
-1.041363970785279605e-02
-2.173651206642012498e-03
7.526517864538415613e-03
1.254642148909320201e-02
1.617606790132479488e-02
2.868095245055763895e-02
1.884990182177850859e-02
8.127524495831688761e-03
9.031300094036708026e-03
2.350196600061391777e-02
3.180072988077314866e-02
2.187033166211100124e-02
3.089057148007932387e-03
-2.027577604646290180e-02
-3.208259638762613053e-02
-4.216011576747109163e-02
-4.397336763480624855e-02
-2.898937336471138493e-02
-1.903580703472536675e-02
-2.319432466539010293e-02
-2.474237352549953778e-02
-1.079285613358084948e-02
-9.743762150468477518e-03
-2.634903697640311737e-02
-3.691525489794824505e-02
-3.135563903546596809e-02
-1.748902499037707087e-02
-8.810094572668935795e-03
-7.772986615604245489e-03
-1.752037868046521290e-03
5.906163058677931302e-03
-1.306808160242448925e-02
-3.670769200785425207e-02
-4.914879725588216369e-02
-5.042706308255253539e-02
-4.559075029599637258e-02
-3.673570812564862925e-02
-3.065158181437251106e-02
-2.849458436262113439e-02
-2.188757984593571460e-02
-1.293535828960382626e-02
-2.699097150151774389e-03
8.402983838354308871e-03
1.094302252495870688e-02
1.512585327350065081e-02
2.070344817505444940e-02
2.075682496991312562e-02
2.172947149420919113e-02
1.874577931094967287e-02
7.852357495407791960e-03
7.797860055837340168e-03
8.772358080091990180e-04
-7.537407607715881398e-03
-1.229766272492070073e-02
-7.417425538031270638e-03
6.419856849818990178e-03
7.440203859890176692e-03
1.731150025092696720e-02
2.974093617684747670e-02
3.083965523121823607e-02
2.877377106690248709e-02
2.925589191138136189e-02
3.010782551074600924e-02
3.552589907376278028e-02
4.282519404206801966e-02
5.123928688017383853e-02
5.309005598351190097e-02
4.677912092730913962e-02
4.419067526152437031e-02
3.936240188268311235e-02
3.086645325693459715e-02
2.172954457973387196e-02
1.758737374475611084e-02
1.944959291362752599e-02
1.377428266557525517e-02
-5.129994786565905858e-04
-1.205012205282621554e-02
-1.043644239155326094e-02
-1.647308747362830408e-02
-1.666201355492864106e-02
-1.225361651537962976e-02
-2.377308893533880071e-02
-3.093028128182265246e-02
-3.790385842846632353e-02
-3.858355380799945167e-02
-3.128157903712257271e-02
-1.945412421615774420e-02
-4.739377018987619115e-03
4.594472785386792546e-03
5.557277125692485290e-03
8.927226306890989095e-04
-3.029151379611087248e-03
-1.024079244198227399e-03
-1.448287118919893172e-04
2.597045395855563255e-03
5.656381097159895836e-03
1.773685800457028023e-03
4.044065699014319851e-03
1.189574106285842120e-02
1.173061650076252446e-02
1.643900525728540785e-02
1.110505313317644224e-02
3.846418078435384809e-03
4.347906586954720844e-04
-3.300712827484054718e-03
-6.125468356403996825e-03
-1.104037244383377324e-02
-7.494530766569705398e-03
-9.070522658948833999e-03
-8.525475177719633521e-03
-1.402503910075570369e-02
-8.165699501556721723e-03
-2.839884232528904970e-03
-4.176545393419378929e-03
6.986976159501848138e-03
6.315685615307031590e-03
-9.010811785284473163e-04
-1.827357373598584951e-03
-1.122116167005296136e-02
-1.325415734826226877e-02
-1.729391100132041115e-02
-1.249297160870984497e-02
-7.376132216586515737e-03
-1.010526751738217294e-02
-1.468015338215446219e-02
-9.081241869235378433e-03
-2.130196989850856662e-03
1.933628598853044363e-03
4.557442786215094854e-03
3.888515340651630108e-03
9.668264803473023555e-03
1.534903210403480711e-02
2.681751518960821118e-02
3.099751996452915909e-02
2.635196039739036086e-02
2.457257148982405770e-02
2.432188814016829001e-02
1.993034949497901956e-02
1.841109633159389650e-02
1.686375396488971196e-02
1.729873464594935614e-02
1.737325751928239445e-02
1.576990727883102045e-02
1.290765887574973382e-02
1.084552643503427713e-02
1.199757356058059159e-02
2.022481107391869634e-02
2.329620588679539098e-02
1.784787491656069161e-02
1.504234088063184909e-03
-7.195196819317965960e-03
-1.028827367118335251e-02
-9.728462913968592002e-03
-2.587178850023630784e-03
1.016497839104653529e-02
2.231520325084413586e-02
1.209063579534104017e-02
2.689864012200410097e-03
-4.999415315802551753e-03
-1.728757692251472328e-02
-1.867646987171054165e-02
-2.029928522356861872e-02
-1.830753414312094596e-02
-1.220494155594209484e-02
-1.109869469252919641e-02
-7.467269865863699653e-03
-6.115187659265539089e-03
-1.108863325196478115e-02
-8.407344607993605737e-03
-8.053074708023327810e-03
-1.603082260194212474e-02
-9.406350644857945642e-03
-1.728786926461345005e-02
-1.637525031792202990e-02
-2.986250176623351116e-03
1.579824010056568280e-03
-7.341782019986455021e-03
-6.558646261188175695e-03
-3.664946720652507376e-03
6.327988345294997125e-03
4.117784631575869929e-03
-1.732648278348656798e-02
-1.722243335818240961e-02
-1.549020897587690369e-02
-1.019462675222545210e-02
6.415666613070614664e-03
1.607443029833511075e-02
1.942184477609031415e-02
1.432549369271921870e-02
-5.383625919050472400e-03
-1.521411622547371584e-02
-1.813527156144787225e-02
-1.652098285413590786e-02
-1.509759353729066972e-02
-1.651216386749107187e-02
-1.654246999839211613e-02
-1.382558870390130333e-02
-9.290704982971072917e-03
-1.189388956289983736e-02
-1.613747874429323839e-02
-1.580079809392951479e-02
-2.436403412606765601e-02
-3.201706303382885477e-02
-4.068330093208405440e-02
-3.633276326624081815e-02
-2.939183098728798821e-02
-2.140643347511925199e-02
-9.251799121999229950e-03
5.100443872753228705e-03
1.609728170571869676e-02
1.878402740219938666e-02
2.216679091205862179e-02
2.072581234560682759e-02
1.713304976149757075e-02
6.041273831971505359e-03
1.443704656522395774e-03
2.788870536301580119e-03
8.021818465301427600e-03
1.318801494842597975e-02
1.847285359994932721e-02
1.028522844098831053e-02
-6.777561769449275651e-03
-1.537507491266279676e-02
-7.439351195435564730e-03
-5.577473092345995760e-03
-2.360667319564020098e-03
-1.212245236041882904e-02
-3.205165684884451506e-03
1.529490009208776119e-02
2.274777210958930929e-02
3.180462777542279740e-02
2.952362855012936188e-02
2.396459737184453154e-02
2.100287956967242936e-02
2.279666632560088321e-02
2.886561520958492305e-02
2.973996170318506799e-02
3.266849867715199834e-02
4.121706888067082353e-02
4.892393745828034490e-02
4.728974512641358902e-02
3.693157733179366214e-02
3.288142117238926354e-02
3.213058921549997310e-02
3.196858296912379743e-02
2.780173358864543309e-02
2.782950608802420289e-02
2.276838222754934415e-02
2.472458938116050067e-02
1.673648770457856344e-02
2.399982459474076305e-02
2.402384537051924576e-02
2.283272185111016872e-02
2.649618249942749248e-02
2.458426517377301085e-02
1.805602249085212774e-02
8.302466880076398575e-03
5.069382524763811279e-03
1.005578861717314936e-03
-3.568887979380137073e-03
-7.636462855500172550e-03
-6.206471479592084659e-03
4.124679032737442116e-03
1.507878619560609583e-02
7.775763865542122989e-03
7.053751967218705766e-03
7.089807492727989756e-04
-1.669383012000643079e-03
1.351263648721734000e-03
-1.509932322804145247e-03
7.295884310486798474e-03
1.100648512222335805e-02
1.978208332724286887e-03
2.081972724482189160e-03
-7.334181125419632526e-03
-7.512266187225623976e-03
-1.190950550334000761e-02
-1.740962974873196470e-02
-1.787818104746173933e-02
-2.143790897441519294e-02
-2.418266021565101953e-02
-1.608444301521640488e-02
-6.888627405122807294e-03
-1.642536262601162382e-03
-1.198181144909105794e-02
-2.235442581575626184e-02
-1.891584932688231829e-02
-1.708500820994060532e-02
-2.001556721675704781e-02
-1.005993013023840504e-02
3.828000526215777355e-03
1.022337372526663929e-02
6.587149615813758102e-03
-7.487100404893805988e-03
-1.509269680713704563e-02
-1.089020605245591584e-02
-8.266679334824278413e-03
1.588187430264228345e-03
1.281985879876631693e-02
8.508275717578043032e-03
9.118296230248637557e-03
7.800880924190820714e-03
6.246960860265349594e-03
6.952625962901786555e-03
-4.175765814489448662e-03
-1.370083171327086957e-02
-1.641732321829671506e-02
-1.612651591559109004e-02
-1.643554587578384060e-02
-1.870455907502959966e-02
-2.286921588976753572e-02
-2.089178957215733975e-02
-2.323439989475684433e-02
-2.763193155296994954e-02
-2.550879706098743357e-02
-2.551854179761156236e-02
-1.914014880212824843e-02
-7.185793148475679015e-03
2.210800578837355396e-03
9.447010558422131929e-03
7.455332563499139989e-03
-2.749550524023211887e-03
-8.830826499836776089e-03
-8.082284556054161392e-03
-9.289145825111210647e-03
-7.061669565725812135e-03
-1.396549875998226269e-02
-1.124396435375342972e-02
-6.435107362635755432e-03
-5.815293389657910129e-03
-4.891005120859095653e-03
-8.597147715590116104e-03
1.341294783155248371e-03
3.494170211314613379e-03
-8.866151170099249856e-03
-1.626026242575728809e-02
-1.132677025321698026e-02
-3.727873357402832193e-03
-1.914236572971023858e-03
-7.244188482695783013e-03
-1.003949054516928979e-02
-9.242931411671271094e-03
-1.013913047715102669e-02
-5.450036299143924158e-03
-1.063728141337659788e-03
1.729522654076466864e-03
-5.400581760776459843e-03
-1.924332120113623340e-02
-2.836717193126062422e-02
-3.134711239091984847e-02
-2.334410126730299823e-02
-1.901967949561243071e-02
-1.908686945463581447e-02
-1.707182845365646726e-02
-1.461803068617562734e-02
-1.081726669882429603e-02
-1.177278684850345189e-02
-9.438824979657861949e-03
-1.043249577322048934e-02
-9.310681693050540039e-03
-6.724477316689322741e-03
-3.667114924551376394e-03
2.157467635293486806e-03
8.208430171653534335e-03
1.320984315846403419e-02
1.252076846993017793e-02
9.769317722265261073e-03
1.315074133083867988e-02
2.205029258571714057e-02
2.551708008711794234e-02
9.149917900593940168e-03
-2.865707784582852136e-03
4.235963924985016783e-04
8.407174075102684385e-03
3.873021209419262242e-03
5.480488601094333535e-03
1.675795048699321374e-02
2.290500343501965935e-02
1.856369890712778609e-02
-2.711448603822859751e-03
-2.768918188063672001e-02
-3.878673156661258115e-02
-3.832142039281033474e-02
-5.297117019669750348e-02
-5.962438912682287151e-02
-4.219397872723994886e-02
-1.300359580781430303e-02
9.255502121916398288e-04
-1.770033960407134963e-03
-2.289416241552531123e-02
-3.445909403183605030e-02
-2.413145162469121016e-02
-1.818411705377632678e-02
-1.395643615492182105e-02
-1.242846145225809905e-02
-3.114978147428120077e-03
2.410104804642392365e-03
1.098845735946871530e-02
1.004214598589936620e-02
-7.142088004716451617e-03
-6.049288877844853120e-03
2.237778882181261743e-04
-8.158122968831459793e-03
-5.058931294734431323e-03
1.918738641291372130e-02
3.462183113345904117e-02
2.823464351317244575e-02
1.720640326643571583e-02
1.480561686619014800e-02
2.348301248787998396e-02
1.884917096653170032e-02
1.613501819829564476e-02
2.365466602351404615e-02
2.287703604090840157e-02
1.446762067638216777e-02
1.438598414531351045e-02
1.921057888607915348e-02
2.210167170956786956e-02
1.534172355156670879e-02
3.181656507778735880e-03
-1.512721753662802813e-03
5.212386534722932008e-03
1.296831986123495040e-02
1.916529022261850498e-02
1.941862901300434735e-02
1.620369422965420650e-02
4.483041722089855900e-03
-5.007941960348666170e-03
3.547230302233005724e-03
8.900744985114915353e-03
1.130460097739708269e-03
1.905568629743859552e-03
1.764077490145634849e-02
2.605523316718557497e-02
1.675427184891760055e-02
7.099771485926163403e-03
2.786166371888383446e-03
-2.397295348349972374e-03
-4.770316557769234585e-03
-7.082328407368969000e-03
-1.128601289228655345e-02
-1.580367279123363541e-02
-1.984106334566042296e-02
-1.218959359575908993e-02
-1.482108663558095486e-02
-2.181079132133756024e-02
-2.925662276662817016e-02
-3.802103888637149709e-02
-4.675816974356725164e-02
-5.446966707107323002e-02
-4.255721378490442269e-02
-2.436525221814567210e-02
-1.154641661672489196e-02
-7.445831445290612520e-03
-3.408587061913184030e-03
1.037909461652025255e-03
-1.739250337411505547e-03
3.900306471966828877e-04
1.056139427691617921e-02
1.852418400011693680e-02
2.646743552638631050e-02
3.020990162688377834e-02
2.957259585166561663e-02
2.515676845044070506e-02
2.515043437163501719e-02
2.290120298773624594e-02
1.580752196220016476e-02
1.548134126554894484e-02
1.883445641422926489e-02
2.208878429538245480e-02
2.053966351424436898e-02
2.801782312328553529e-02
3.592957478841740659e-02
3.504402184769950940e-02
2.424332120113623437e-02
1.619504577590029012e-02
1.393567986591242452e-02
1.165039295650436776e-02
7.349699618493560523e-03
2.666135578520651122e-03
1.276984393804296396e-02
1.896744770730708976e-02
2.046411744356579562e-02
1.986766647664429952e-02
1.895833637856352699e-02
1.698760956738241609e-02
1.051708008711794463e-02
1.988671743674447776e-04
-1.003218199270119147e-02
-1.171273490905724510e-02
-8.644117346118427095e-03
-1.434890542245869380e-03
8.147476844069596186e-03
1.065431034062726788e-02
6.171317342220532243e-03
6.827917695954472191e-03
1.060709709168335471e-02
1.228760128435628721e-02
8.758885981709128160e-03
-1.654390734704417687e-03
-2.647279513152957838e-03
-2.097459547162088944e-03
3.580581663329094125e-03
1.069482408314209251e-02
1.616892988174761792e-02
1.704943992126252764e-02
1.451366455693118597e-02
1.789693966546319209e-02
1.929796481175604858e-02
1.462482763997095987e-02
6.828502380151919675e-03
5.698795063316425442e-03
5.837487027319368700e-03
4.845058687676317977e-03
5.443848391387601411e-03
7.310550139106114509e-03
7.749794142438814169e-03
8.736400001948946281e-03
1.273140095206076738e-02
1.135809958146356130e-02
4.133156953600436272e-03
4.909300863870902018e-03
9.003089081509848060e-03
1.107494189700787730e-02
1.029448594078123495e-02
1.873759373218540289e-02
2.094921043271502636e-02
2.228026837004662766e-02
2.259892125765571025e-02
2.214033395212410688e-02
2.868899185827255074e-02
2.806581595115937786e-02
2.863295962268379638e-02
1.992706064636837887e-02
1.551795711341411727e-02
1.658018212912750269e-02
1.999853828950637694e-02
1.714851953088837588e-02
8.579558465983560048e-03
2.847241508680123986e-03
5.836926704963481781e-03
5.342088979190114453e-03
-1.301370597206184072e-03
-5.118520359190991721e-03
-1.503688382812233505e-03
7.394257426707399883e-03
1.783225897612052135e-02
2.022700363965912462e-02
1.729315578423204144e-02
7.324899263785147538e-03
-2.738003011123616489e-04
-1.400905773269212930e-02
-2.638850315973084726e-02
-3.204313020429840064e-02
-3.013243097072193510e-02
-2.473067984155058116e-02
-2.486150293072953918e-02
-2.150936225571162957e-02
-1.847458329070010910e-02
-1.743725607706137631e-02
-1.744159248485911348e-02
-1.374336748863519940e-02
-1.062678145966409853e-02
-1.175826719093349577e-02
-1.214386641915035647e-02
-1.070313147111416445e-02
-9.798089057148007958e-03
-7.998041307938548797e-03
-6.723575928551590516e-03
-1.040104463576610461e-02
-1.477236295246030055e-02
-1.940759309877752165e-02
-2.201606419832487574e-02
-2.638070737043154285e-02
-2.953361690516909457e-02
-1.764742568420232111e-02
-8.819181539570938866e-03
-8.145259916487606472e-03
-1.219660980612846321e-02
-8.318643142872455751e-03
2.523034121195289001e-03
-4.748805051671465757e-03
-1.035422117628715701e-02
-1.127731571484951595e-02
-8.936069655377389120e-03
-8.545281354908179292e-03
-7.371893256155019093e-03
-6.935158522503032455e-03
-2.589663757862784108e-03
3.266922953239880922e-03
6.361437153757326483e-03
8.723463864080412133e-03
1.346737218559825207e-02
1.177972997334814434e-02
7.942325776290080908e-03
1.529212284214988412e-03
-4.453929321425265445e-03
-7.456550655577156086e-03
-1.153567304459678609e-02
-1.529592328943329450e-02
-1.275576279362109280e-02
-9.557028634908568826e-03
-7.049805348885932431e-03
-1.059023869732360693e-02
-1.298539751216873893e-02
-8.404226292273884666e-03
-8.940406063175128024e-03
-1.230972183649306322e-02
-1.719880237186889246e-02
-1.651715804501093648e-02
-1.408869659275283938e-02
-1.255119641003902761e-02
-1.669862940279381522e-02
-2.296688251258289029e-02
-2.318175395514497639e-02
-2.352240558568302956e-02
-2.411727303290310195e-02
-2.618824882210495780e-02
-2.837521133897553602e-02
-2.597556994528330346e-02
-2.390951524807663139e-02
-2.518575904189749443e-02
-3.045205833199342987e-02
-3.807828921403826755e-02
-4.360745277457013513e-02
-4.257353621874984673e-02
-4.448667163648234446e-02
-4.358187284093179015e-02
-3.820789421113920253e-02
-3.896652195732779739e-02
-1.795475031548584774e-02
-3.557510999371464588e-02
-2.328275815025409104e-02
-2.256932162015990936e-02
-2.940108848708091263e-02
-1.735025994084944678e-02
-1.575041780558275942e-02
-2.853039626971481599e-03
3.851875130944897984e-03
1.023428783028566521e-03
1.183325293925618395e-02
8.483718981285233093e-03
8.618707945371005194e-03
4.137274104824131826e-03
-9.768245801236605328e-04
1.916801874887326309e-03
3.267190933497044316e-04
-1.840585853565842624e-03
-1.604712067394598474e-03
-3.618098899331997909e-03
-2.895575402335812728e-03
-1.209806615701694175e-03
-4.144363400718186798e-03
-5.339433538460038910e-03
-3.408489614546942746e-04
3.247798907615024027e-03
6.211636190002874092e-03
8.013145649705951529e-03
3.963720345548360328e-03
4.818942793523648370e-03
4.501995234823790576e-03
9.374412270572356556e-03
1.133383518726947467e-02
9.799039168968860444e-03
9.431443341665082802e-03
1.106736536428261537e-02
1.152354084749974278e-02
1.335927869459508158e-02
1.267731766379684086e-02
1.248005983268287225e-02
1.613701586930359200e-02
1.703769751363044815e-02
2.185296166907848767e-02
2.412830894712993113e-02
2.226847723873142879e-02
2.575119738451268556e-02
2.765872957868631063e-02
2.706015913154907054e-02
2.661287572050146169e-02
2.354723030223300484e-02
2.338917067418960077e-02
1.962906660040245749e-02
1.908014558636516450e-02
1.942530415759188139e-02
1.781717899619467832e-02
1.767765872957868453e-02
1.780606999644317179e-02
1.546579841063345541e-02
1.039495417537602412e-02
9.993397940937150462e-03
8.606795004848006095e-03
9.788344320523875708e-03
8.453364126701064241e-03
6.586808550031913664e-03
7.773522576118572711e-03
7.181846530142906547e-03
5.844405790322501452e-03
5.265203007225722175e-03
2.123285535400191992e-03
1.961856664668995293e-03
3.471611146029750239e-03
3.804515710951621860e-03
3.559533032220971692e-03
6.760411032990806075e-04
1.561145786132265298e-03
4.868543502940473472e-03
2.315444433075584778e-03
2.561160403237201268e-03
-4.609065528481428838e-04
-5.447843733403495009e-04
-5.194139515394247640e-04
-1.272287430751465297e-03
1.800678720905870645e-04
1.118276740775388592e-03
1.754666510750880603e-03
2.150814416363361348e-03
1.533945790030159665e-03
2.099557101720433017e-03
2.781220918051637361e-03
3.210963803175809553e-03
2.932239973884105851e-03
3.084988720467357528e-03
3.681537134755089816e-03
2.262474480970965308e-03
1.546555479221785323e-03
1.583086060641495773e-03
9.999269144753189769e-04
1.396632706259531408e-03
-2.082900910645637128e-04
-8.043963379279765909e-04
-2.781708154882843779e-04
-1.859921847212274134e-04
-1.798288824248802503e-04
-3.850194163877235709e-04
-5.725714898240587183e-04
-3.312893748264218730e-04
-8.289530742207864211e-04
-6.848308557340466530e-04
-3.988739956830816120e-04
-6.934257134365300231e-04
-8.963695983706798784e-04
-9.323764001968437142e-04
-8.909344715185709513e-04
-7.991268715984777915e-04
-9.584825496128902226e-04
-1.073716496377394216e-03
-1.026586077694784972e-03
-7.692007854257718871e-04
-8.275011084637909180e-04
-8.715424456365504459e-04
-8.527277953995098837e-04
-9.163877235808009147e-04
-1.064875584075151375e-03
-1.129829126043295755e-03
-1.082883857356545330e-03
-9.738646163740808563e-04
-1.078601045610239756e-03
-1.177795155891424046e-03
-1.154259180759991971e-03
-1.094874755772538323e-03
-1.183076803141703019e-03
-1.313614858774404511e-03
-1.276377783949444187e-03
-1.251643206213243946e-03
-1.302396230735873486e-03
-1.319883160607876601e-03
-1.318769824448569545e-03
-1.335918124722883888e-03
-1.350868986888456883e-03
-1.356888797938013511e-03
-1.358745170264910422e-03
-1.360121614313068890e-03
-1.358915703155832858e-03
-1.354131037473384376e-03
-1.346888261977499234e-03
