1.565986698530614542e-05
1.705384821004671584e-05
2.758782201405152160e-05
3.858738714297683080e-05
4.374763114953579877e-05
9.159741311555203184e-05
1.561266950995216180e-04
2.287573459299657762e-04
2.613587127816189388e-04
2.108534245099720917e-04
7.661550614604486001e-05
-1.666262382854110562e-04
-3.980949455214263322e-04
-2.029806622009263750e-04
4.701036110257770487e-04
1.215991286619934634e-03
1.461194738458960508e-03
1.319458685253082925e-03
6.707627000307202257e-04
2.435098484334666735e-04
1.125849295229583918e-04
2.572398054650128110e-04
1.132970807782995295e-03
2.205566349756033113e-03
4.972850480153521123e-03
7.335397308586908208e-03
7.114490781930108559e-03
4.505144644502870332e-03
1.538338473323252759e-03
-7.979485256274710574e-04
7.362247605216857248e-04
1.751808305638562083e-03
1.223196581673974357e-03
2.469505164592716937e-03
2.794976241676607343e-03
-5.066487398712940781e-05
4.214179988749206640e-05
-1.498166759093393606e-03
-3.985996353466400577e-03
-5.451886901603437280e-03
-4.843187086323902553e-03
2.527789857529852587e-03
5.914366305072032634e-03
2.465024795630542907e-03
3.136294180307920478e-03
9.610531061364696592e-03
1.212683872666557583e-02
9.428084692139206829e-03
3.592473937657839934e-03
3.249280866869606269e-03
2.158360895116278200e-03
-5.253362271543073753e-03
-6.868289919369316432e-03
-4.076976169863034613e-03
3.443277252253150889e-03
9.216553826267010266e-03
7.033022274176238021e-03
8.680026650814484310e-03
2.373693890659846900e-02
2.217036573056345786e-02
8.264545240555518091e-03
5.974290741235751753e-03
-6.081811617042158155e-03
-1.888066579160499383e-03
3.451555761243810944e-02
5.370458290278436880e-02
2.088837378166280220e-02
-5.443827822971565936e-03
-1.350801319773867019e-02
-5.131159509912267512e-03
1.038400312788002357e-02
-2.921607506912056278e-03
-2.499363651959513044e-02
-6.392644694373406100e-02
-8.921360149053057798e-02
-6.747124464889146800e-02
-4.685356813711604937e-03
1.646693184493055670e-02
1.820964775442950045e-02
3.267477628077510715e-02
5.754621003873942875e-02
5.721028210764854405e-02
5.006961926837927984e-02
3.859548611803757800e-02
2.253182737613156073e-02
2.381230326073512787e-02
7.390015519710831093e-02
5.309935407681658226e-02
-1.247162366496575015e-04
1.488914777238289217e-02
7.427996919995690818e-03
-6.068605899085972172e-02
-9.493155767627238506e-02
-1.190896432860294590e-01
-1.396151590471136905e-01
-1.165354739097303333e-01
-2.813946993604602570e-02
1.096357855008398136e-01
1.118460476602739229e-01
8.627203778989742111e-02
3.543301589074761976e-02
1.527937474316673873e-03
-1.305510893719902948e-03
-7.577369149687411369e-03
-4.889586633100470592e-02
-5.954741491089132061e-02
-8.499255931601562564e-02
-1.295433055787176546e-01
-7.092428056764639444e-02
5.600820270577579890e-02
3.503345315560803946e-02
-3.088123232089495102e-03
-6.541657856205290722e-02
-7.468930656016979641e-02
-5.119509752682036702e-02
1.625587973620481064e-03
3.681710280112827222e-02
5.067843877294542915e-02
2.774641031881236106e-02
3.200196290430043500e-02
7.562368092432045219e-02
9.384477895383583346e-02
1.042054825672553975e-01
1.385946083966024256e-01
1.709869179609732892e-01
1.282422830332456964e-01
-1.656810918854653356e-02
-1.256410358708791863e-01
-1.425603134263452032e-01
-1.343332708289280975e-01
-1.455856596276067227e-01
-4.880570040175703783e-02
-1.670555238600592712e-02
-9.199677636854725060e-02
-1.393678011881156475e-01
-1.953740090724479239e-01
-1.106499527227317869e-01
2.077231507007807482e-02
4.775123778670570945e-02
3.105003411144668241e-02
-4.643665045541773423e-03
-6.196434057187540784e-02
-4.670714824316075237e-02
-3.458378050580692559e-02
-1.281525160682867211e-02
-5.210314024791640186e-02
3.468212520297308393e-02
1.777461709402391177e-01
1.010081827575613628e-01
6.916245426871840685e-02
8.012918463668315672e-02
7.347366237248104115e-02
6.889913783817210036e-02
1.378992136413869363e-01
1.477061548220818532e-01
3.291024500396969033e-02
7.492988202625981697e-02
1.267054725931481829e-01
6.805532836755781578e-02
8.203224429381325566e-02
1.768907915052523455e-02
-1.876815786218975490e-01
-2.206922828337635201e-01
-6.054881527554468318e-02
-1.370135129204584912e-01
-1.715378876436770006e-01
-1.428918527502603120e-01
-2.210553403364864666e-01
-2.246121069703050921e-01
-6.930049591261085162e-02
6.519355752466596265e-02
1.338700732897398285e-02
-1.350928988346253024e-01
-1.840757393805680375e-01
-1.642432245889670350e-01
-1.510187553112120884e-01
-1.144133828581003626e-01
1.836053604841830431e-02
9.398401749059441534e-02
1.333590000359067829e-01
1.636978404063052228e-01
1.592398134442985780e-01
7.942740645284840362e-02
1.113880366568388430e-01
2.160216079058763505e-01
2.107656523664566683e-01
3.593654871952411400e-01
2.228087883853516193e-01
-5.324577397077187579e-02
-1.017171422985928414e-01
3.467781638865505278e-02
-5.608560177778486658e-03
-6.893703944559921581e-02
-4.614141688177491457e-02
-4.767144492896440572e-02
-1.344397942940127322e-01
-1.794912407390414355e-01
-3.723198576495417855e-02
5.847499890284819923e-02
3.855722544275062141e-02
2.321772678127580550e-02
-3.572238468934645084e-02
-6.205729925114402551e-02
-5.026112212695841436e-02
-3.933696124859863835e-02
-8.323671748141822646e-02
-1.036225957414551729e-01
-7.703761036349635917e-03
3.629737202223028841e-02
1.018148885493259381e-01
3.360113146272277196e-01
3.907224844304186262e-01
2.904555773212739722e-01
3.543229775502794721e-01
4.769418589342067638e-01
4.881567450897469906e-01
3.536706709382442804e-01
1.306943175516359357e-01
-7.008725348994011839e-02
-2.156014985098683723e-01
-2.472645013544837456e-01
-2.425866450693998089e-01
-4.032451755243388059e-02
4.750747060630602925e-02
-1.192193066798590828e-01
-4.255592481916943282e-01
-6.958056884328283065e-01
-9.152121093640906979e-01
-8.347649501893085189e-01
-7.853412541043450767e-01
-7.400548176932681965e-01
-6.526018456087995245e-01
-6.542814852642540036e-01
-6.605771417400427836e-01
-5.776524143323931160e-01
-3.202929195807682761e-01
-2.836348838415473153e-02
3.558282698115691756e-01
6.996357456044108858e-01
9.842967655965113583e-01
8.853057462826501300e-01
7.670088450382805956e-01
7.606812714193952329e-01
4.446297411918658793e-01
7.515050927791452895e-02
-2.009056489353637787e-01
-1.993058021376506450e-01
-3.056816504354695208e-01
-2.871465675107420790e-01
-2.631436790092918088e-01
-2.893293011342554788e-01
-2.965728967600110288e-01
-2.772335018292512721e-01
-2.503568735562479164e-01
-2.014697844395947901e-01
-8.024448531611935720e-02
1.080510993460975181e-03
3.908856608244996172e-02
2.381529549290042902e-01
6.645228985553501833e-01
8.936879859883741783e-01
7.822532705097565708e-01
4.687072360153042294e-01
1.675067524705863564e-01
-5.084919548851181414e-02
-5.521226894980629796e-02
-5.833815415182187075e-02
-7.220814764870396585e-02
-7.519958188542542887e-02
-8.445036684766345225e-02
-1.910743709330577633e-01
-9.474005481769326442e-03
4.527047783952858340e-01
4.988370190984204866e-01
5.127090074167461875e-01
7.372461091007743716e-01
8.545974649809094936e-01
8.941188674201772102e-01
8.522994306779599905e-01
7.908708991458173188e-01
6.844072787044831463e-01
5.748476953827862390e-01
4.010748097937752998e-01
2.950524438557504125e-01
2.252839628324868615e-01
2.118009646956500736e-01
1.694860143068593894e-01
1.500875726613710714e-01
1.203699196884886746e-01
8.400392580860087388e-02
2.859217471444130965e-02
2.916193561514308571e-02
1.682129192615968577e-02
-7.565998667459275344e-03
-1.825201776189013317e-02
-3.404310410175184765e-02
-1.128298935962241956e-01
-2.256418337994565981e-01
-2.387593806478381930e-01
-2.319809773827144483e-01
-2.295153780785081643e-01
-2.610786398509469253e-01
-2.827599551564139446e-01
-3.425698885692741724e-01
-4.070433155528248581e-01
-4.339734050405147925e-01
-4.839436822010061978e-01
-4.823597939748412444e-01
-4.676779081504414126e-01
-4.714959963933627596e-01
-4.428304122497994655e-01
-4.043064205322981497e-01
-4.064727966199745413e-01
-4.119864830898986030e-01
-4.184337459953959559e-01
-4.251961906889714093e-01
-4.469636822807990240e-01
-4.345878100451228132e-01
-4.047452812498752994e-01
-3.804156409959744134e-01
-3.300268502966299256e-01
-2.091937330689529750e-01
-6.942976034215177228e-02
9.423416809961339402e-02
2.655845425275983329e-01
3.904934789287010655e-01
3.708692234958048672e-01
3.119625452325762160e-01
2.230844727088478197e-01
8.665464454276697315e-03
-1.924962796580078073e-01
-3.732821595139018678e-01
-4.041867312456861594e-01
-2.672362546828433438e-01
-1.805201696396155631e-01
-1.545308379446955482e-01
-9.739476319474643651e-02
-4.155093377591771719e-02
-3.358896305191721998e-02
-8.214036361605271674e-02
-1.397152990835790198e-01
-2.012683074737980082e-01
-2.164580748377212538e-01
-2.407885130201995461e-01
-2.136852730312109871e-01
-1.812375074307098766e-01
-1.483277411838866411e-01
-1.407406373055547673e-02
1.845796312772043646e-01
3.215803773404242727e-01
3.505495733076932074e-01
3.483907775415022168e-01
3.202203080802237256e-01
3.351339921563620816e-01
3.087536754585096799e-01
2.427849303208869658e-01
2.059373865445303653e-01
1.503863969136122469e-01
4.826630068342582097e-02
-1.323512162426341288e-01
-3.266153066639004843e-01
-4.107177766518118611e-01
-3.508791178101647867e-01
-3.990361022784850173e-04
4.171051949140032189e-01
4.719707638969235508e-01
6.011075248654492581e-02
-3.209176976568827167e-01
-5.294455593279844274e-01
-4.500756037327098280e-01
-2.900913229256849024e-01
-3.166388056605053125e-02
8.566800585679576474e-02
2.816612075053161537e-02
-8.081620114183578341e-02
-1.190046638925349731e-01
-1.099661279318888130e-01
-3.549696986622727368e-02
2.911908685053600856e-02
9.020821946227593202e-02
1.987065577760134538e-01
3.019605105147038504e-01
4.061855423321057978e-01
4.623078488244516948e-01
3.326492425662978536e-01
1.215033772327038936e-01
-6.151151610419351018e-02
-9.022856664099995760e-02
-1.329955435688951436e-02
-7.019377695502475312e-03
-4.733033046212033190e-02
-1.077486844152579781e-01
-1.173880605946961558e-01
-8.202905257950360296e-02
-3.121735973413019422e-02
9.471132938890639008e-03
4.047253330354399353e-02
9.594891661247401116e-02
1.396670244046455400e-01
1.450147417304676889e-01
1.074678135560085956e-01
-5.350948936560687846e-02
-2.128231112033161787e-01
-3.650527231307525433e-01
-4.607997638131410834e-01
-4.498801112312436623e-01
-4.475262219278751674e-01
-3.986610758471009208e-01
-2.096605212867396206e-01
1.587032064759883246e-02
1.324473666362123714e-01
1.337547726103036350e-01
1.866167429353398355e-01
2.488244517233262343e-01
2.949040291403516312e-01
3.252041699747455494e-01
2.802959517093624453e-01
2.319219306679859149e-01
1.483839951485942388e-01
-2.055946762205314998e-02
-1.697361649158783681e-01
-3.102003199693595392e-01
-3.260599483740210247e-01
-2.444274662974917078e-01
-1.387083132188837720e-02
2.522052751058252440e-01
3.519858447470366469e-01
4.528124987532365919e-01
4.762636196434056890e-01
5.057909666505751023e-01
5.670000678239289771e-01
5.409117929854098117e-01
4.766466253605639025e-01
4.083798459199917130e-01
2.351144429062154706e-01
8.853416530686337993e-02
-2.004424513961754976e-03
-4.566265973532709216e-02
-6.682611939405304347e-02
-1.449261716583748541e-02
6.046064416774054456e-02
2.034490462758678231e-01
2.484817413993273272e-01
1.858583118225087538e-01
1.646238365203930576e-01
1.693838794489505029e-01
1.667295700361860478e-01
1.763633607155823402e-01
1.419032192428455741e-01
9.305762241221787745e-02
-7.850859169595728049e-03
-1.343320739360619742e-01
-2.392548942944116852e-01
-2.800278477073517291e-01
-2.939361417759496220e-01
-2.376358972108406353e-01
-1.660345742452592754e-01
-1.077227517364920534e-01
-9.137399311387638112e-02
-7.199909036142174146e-02
3.864088825409237732e-02
6.566952192109283548e-02
3.108466421170640731e-02
-3.257096577285367028e-02
-1.138404701395178131e-01
-1.366277144532792864e-01
-9.261876169464071384e-02
6.072396059828684411e-02
1.764216095017334951e-01
1.885920151287258095e-01
1.344302191510837741e-01
1.078986949878116414e-01
5.505986459152041601e-02
2.138137395321744547e-03
-3.972020634433012093e-02
-8.521039381764937415e-02
-2.564885557093784518e-01
-4.253517867615669301e-01
-4.626030823980945006e-01
-3.486066172216924497e-01
8.114295289428642699e-02
3.079146535593598744e-01
3.587299370833316736e-01
3.287741024300914749e-01
2.525132755367067161e-01
-1.870731580816200820e-02
-2.190022701068027322e-01
-2.765887755387015368e-01
-3.488471926877824703e-01
-3.542411898710945972e-01
-3.925369740154558973e-01
-4.443424869039971914e-01
-4.387410282905576664e-01
-3.865676703278289605e-01
-3.288794290023099864e-01
-2.891904615617855723e-01
-2.041691768169831001e-01
-3.315540855937984532e-02
9.030596571300901487e-02
1.970001875132156854e-01
2.250888692953093573e-01
2.489896229388507132e-01
2.647339506640760676e-01
2.720677122190792718e-01
1.924503987648065739e-01
5.240794896448818657e-02
-1.207313813340567810e-01
-1.439538956867970620e-01
-2.062310242610183864e-01
-2.215476622687503061e-01
-2.701455022760912428e-01
-3.613870392461170922e-01
-4.336701921810978688e-01
-4.590044245139617285e-01
-5.126850695594237228e-01
-5.610634792079760569e-01
-5.564873588165122342e-01
-5.364952583094286798e-01
-5.332556682851318230e-01
-4.386213390039457316e-01
-1.602057059872570854e-01
1.353282877649621685e-01
3.944946917801387398e-01
4.044420683904583758e-01
3.117566796596036860e-01
1.872598733687347583e-01
4.259183160515302158e-02
-1.546170142310561713e-01
-2.910939201832043466e-01
-3.036640880274806276e-01
-2.569553439271650142e-01
-1.865317635418453357e-01
-6.467490394934749531e-02
2.870280751169962397e-02
1.535027069726988547e-01
2.126814788808253642e-01
2.440668025805010077e-01
1.608029555274507472e-01
-1.032260252384809007e-01
-2.791261884148749650e-01
-1.554835646661267279e-01
1.840043247728895826e-01
5.684203806917241808e-01
8.391455780793060093e-01
9.599599439854137328e-01
8.852259534249088402e-01
7.550558749486333543e-01
4.822760114742129511e-01
2.348072404039114325e-01
1.353621997295021973e-01
2.164776240878678870e-01
3.476339422858260031e-01
3.536838367597716082e-01
9.283938894629541194e-02
-1.879760142669629486e-01
-4.261138085529964092e-01
-4.940215201337327944e-01
-4.597704359482782110e-01
-1.044312963546632916e-01
3.123132348423492410e-01
5.143447610004427961e-01
3.657991853149224482e-01
1.633116429748373288e-01
9.772231287577447245e-02
1.327964603888305839e-01
2.893297000985441958e-01
4.798104121700066393e-01
5.047297216426157584e-01
4.848533207792570243e-01
4.741530985561481781e-01
4.528045194674624185e-01
3.723605520069898644e-01
3.033181859891720400e-01
2.604905664893935047e-01
2.157786386540540557e-01
1.735227349799919327e-01
9.982046607008206174e-02
4.516235851728912093e-02
1.015272352971685523e-03
-4.256031342634520459e-02
-1.598410526273793264e-01
-2.988254491340480157e-01
-4.280527749961100525e-01
-5.357491950895474364e-01
-6.081851513471028259e-01
-6.187457360691643871e-01
-5.881651233398098588e-01
-4.330996732482474965e-01
-1.044640114263372249e-01
2.615669721403237058e-01
5.605448256326576173e-01
5.694377396279258763e-01
4.272508567758099840e-01
3.061967133321896184e-01
2.969491200842612200e-01
2.841056617022210129e-01
2.597492908409768098e-01
2.905848417508148929e-01
3.198620381489652442e-01
1.190968246432261707e-01
-1.557568552038906817e-01
-4.073305698406934905e-01
-6.198388982202203135e-01
-6.343931154722340926e-01
-5.779596168346970986e-01
-3.871768887966838268e-01
-6.704036321708842228e-02
1.518888964248810147e-01
2.901786961049116487e-01
2.841403715953385034e-01
3.080858092392149694e-01
2.956520871816763485e-01
2.510482786685763190e-01
1.649011167010440981e-01
1.739528184832175306e-01
1.488144776161085814e-01
5.410474408435700377e-02
-1.585256673675139172e-01
-3.755466808166000869e-01
-4.106818698658282751e-01
-3.723198576495417855e-01
-2.277643238153752581e-01
-8.134442986008322274e-02
3.901591468547650071e-02
1.024157287681179557e-01
1.622256621809781696e-01
1.764914282522571376e-01
1.931481873057542542e-01
2.526900167166036826e-01
1.450127469090241664e-02
-2.437308746494100953e-01
-4.730160503333346589e-01
-5.073868238054012325e-01
-4.484757569349966944e-01
-2.360675685919353395e-01
-1.701909842050038091e-01
-1.732857501925002541e-01
-1.785871876608324804e-01
-2.131099665268961496e-01
-2.598382598773583685e-01
-2.873137335477101706e-01
-3.954773408232228893e-01
-5.154977677948046066e-01
-5.052962509325789053e-01
-4.248570710435708442e-01
-3.304649130856296413e-01
4.201971681514787144e-02
3.930484462335775975e-01
4.019086451571719509e-01
1.625268802189515915e-01
-7.552633363787605858e-02
-3.012327996521031448e-01
-3.685951270501777177e-01
-2.366189372389277401e-01
-1.275935670998089022e-01
-1.369257407769430279e-01
-1.881727036612952653e-01
-2.163543441226575548e-01
-1.222801607028154852e-01
5.178915535270437603e-02
1.032695123459499015e-01
1.819512545432058204e-01
3.115073269791620580e-01
3.834513602687423250e-01
2.016971940841575106e-01
-2.676439961859013866e-02
-2.347533802249360535e-01
-2.856999229998922751e-01
-1.389764172208945436e-01
1.203144636523584832e-01
2.900462399610610476e-01
4.105422323647809901e-01
4.409353318784435261e-01
2.816859432912159900e-01
4.636683170489409173e-02
-1.173150501298628745e-01
-1.092611580337443933e-01
-8.072483831972200596e-02
-2.443564506541019352e-02
1.153828660796572120e-02
1.018878990141592472e-02
-1.259881348020538624e-02
-3.237990177499212169e-02
-1.158089599399957509e-01
-2.375967987105473966e-01
-2.947927181038024758e-01
-2.564889546736671688e-01
-1.437819420783645608e-01
-2.733679368359737821e-02
1.138089519607099892e-01
3.487362806155220873e-01
5.236087117842082028e-01
5.283763350342510767e-01
4.659025170656974635e-01
2.713431930707881912e-01
4.333510207501326678e-02
-7.458677273797222063e-02
-1.224979952044492372e-02
3.364294292017921267e-02
-5.221604714162034894e-02
-1.155073429377336397e-01
-1.012152452234000438e-01
-1.014729761539044650e-01
-6.516004452441462313e-02
7.908908473602527245e-02
2.325590766370501938e-01
2.748137834182462491e-01
2.305064053716551764e-01
9.980370956995637810e-02
-1.940398724910133085e-02
-1.041296793524011666e-01
-1.812494763593710534e-01
-2.121795818056325389e-01
-2.035651448838814159e-01
-1.913887547925584853e-01
-1.491029287968433925e-01
-3.550235588412480742e-02
4.099916616463659957e-02
1.305997630152124986e-02
-2.477444553937976739e-03
8.835383344836802988e-02
2.107117921874812894e-01
2.435513407194921931e-01
2.734944085154937810e-01
2.677186025078894804e-01
9.461238624530717012e-02
-1.392664642587841950e-01
-3.039373785652446092e-01
-3.023291535174686406e-01
-2.526720633236118618e-01
-1.930843530195612001e-01
-1.181133776715646150e-01
-1.573491216801184076e-02
4.430498426085881236e-02
2.224162075252644061e-02
-6.509780609537639540e-02
-1.793990799883502241e-01
-2.272157479184037931e-01
-2.218221496993804109e-01
-1.844379989547135501e-01
-1.351260128705879526e-01
-1.076832542719101116e-01
-9.206340340476124040e-02
-9.578773503983657733e-02
-1.416195556335752281e-01
-1.701917821335812153e-01
-1.471767292109683045e-01
-1.099114698243360139e-01
-5.727291950097546797e-02
5.534472509365686438e-02
1.587594604406959431e-01
2.196222606114526521e-01
2.671983530754162284e-01
3.333649845002373269e-01
2.783107054087588517e-01
1.164864013022194333e-01
-1.674776280775107720e-02
-1.034550307401984337e-01
-1.295512848644917725e-01
-9.884140770559626810e-02
-3.392708528659599959e-02
3.455154419127943327e-02
1.035025074905545073e-01
1.771433359000035568e-01
2.097455006802340927e-01
1.952890296789534241e-01
9.865628827563643899e-02
-6.900645923183415520e-02
-1.304641151570522795e-01
-4.446297411918658654e-02
1.196469963973524619e-01
1.327258437097295352e-01
7.292468751122085924e-02
3.756045306384624832e-02
3.786781515186575520e-02
1.029427605934992752e-02
-1.074115595913009841e-01
-1.762141480716061248e-01
-7.511739524195189255e-02
-3.126850695594236840e-02
-2.224126168466660294e-02
-2.609956552788959654e-03
2.626780876843713350e-02
8.561294878495424865e-02
1.348387585827192370e-01
1.556718758103961819e-01
1.618518326424601694e-01
1.654804128482459391e-01
1.414571771680716572e-01
8.624211546824443742e-02
3.395377599751046166e-02
3.764890344665248328e-02
1.035823003482958249e-01
1.554715957374655233e-01
1.432297755027947261e-01
1.146766992886466691e-01
1.024691899828046315e-01
1.134375162079242216e-01
1.116541458374060852e-01
1.236745408918447746e-02
-1.656328172065318349e-01
-2.594233370171036279e-01
-2.844551544191279424e-01
-1.968234463333186912e-01
-2.087843957087400990e-02
8.381920534292974789e-02
7.846031701702380068e-02
2.576232101464597662e-02
-2.934988769155272639e-02
-4.611588316729769294e-02
-4.779552282275213032e-02
-4.298600832239506120e-02
-5.695733874860860885e-02
-6.664179789267062060e-02
-6.965238241524999985e-02
-2.921615486197830236e-02
7.219458286288793492e-02
1.721590750411930715e-01
2.037618342782137326e-01
1.928361972319857509e-01
1.531827376131562335e-01
1.030720250230401785e-01
3.299729901176545743e-02
1.146986423245255349e-02
6.891190469541071117e-03
-2.716942816448499748e-02
-1.126040798088163014e-01
-2.077606533439191883e-01
-2.194279650028525819e-01
-1.853464406400983089e-01
-1.161835874070911850e-01
6.641837789099497812e-03
1.531097271483229660e-01
2.093828421417998908e-01
2.012487582236514028e-01
1.018910907284688860e-01
-4.019006658713978469e-02
-1.685831581215165298e-01
-2.550295433055786987e-01
-2.429501015364114447e-01
-1.518274559244202071e-01
-4.682883235121624438e-02
7.925345802297235898e-03
3.369436941699348320e-02
5.036884248490917232e-02
7.181915746721510840e-02
9.095029303927004705e-02
1.108151239382562797e-01
1.191403117506951853e-01
1.113988086926339105e-01
8.390697748644518339e-02
5.560205705987256858e-02
4.741890053421318058e-02
6.445507462627018958e-02
8.099334128602148075e-02
2.294164349349089513e-02
-8.293948908633187733e-02
-1.764658945377799160e-01
-2.126535513806158961e-01
-2.206950755837844835e-01
-2.053564945401737118e-01
-1.479407458238413131e-01
-6.931166691269463609e-02
-2.609852822073896114e-02
-3.760230441773156768e-02
-7.243196661466831665e-02
-8.402467195161361646e-02
-4.520424976760329533e-02
1.208387027277188323e-02
1.890951090967847234e-02
-4.666924663573363170e-03
-3.064045737266057196e-02
-3.420089447793528414e-02
1.771569006858195877e-02
1.122525922704658702e-01
1.539403707974099089e-01
1.648197279861479403e-01
1.450271096234175827e-01
8.842724287749002821e-02
4.484278812203519246e-03
-7.328375537105673299e-02
-1.371320053142043027e-01
-1.629274403648129366e-01
-1.564430737804659022e-01
-1.257387821216122692e-01
-3.908944380388510581e-02
2.542519619068896869e-02
-2.525818973943641868e-03
-5.836528372345391180e-02
-6.305351308004419897e-02
-1.840920969164050111e-02
4.135823402447246638e-02
5.804292057817904416e-02
3.121384884838957624e-02
-1.195121464677696699e-02
-2.879432991952889792e-02
-1.398852578705679986e-02
1.509257966319434673e-02
5.259147253729318239e-02
1.001009379650427411e-01
1.207944176916724011e-01
1.471356358892315364e-01
2.019593136218377216e-01
2.473371128550283515e-01
2.656643353853396228e-01
2.403185330881032755e-01
1.735809837661430877e-01
9.884898802708169674e-02
4.228981563860218645e-02
-1.571703856787778561e-02
-6.071358752678047283e-02
-8.904523856069643251e-02
-9.069495589449787232e-02
-7.329931497831629339e-02
-1.708987468531691575e-02
6.271838307753072050e-02
1.217455485559487544e-01
1.316003654512884480e-01
1.143655071434555859e-01
8.141744032491651795e-02
4.951186719276757381e-02
3.318983917749521867e-02
3.792618362730351689e-02
3.139326308902089940e-02
2.112543836201221520e-02
-1.818926067927659597e-03
-2.009579132571843313e-02
-3.140315740338082279e-02
-4.182143156366073533e-02
-4.538817230469700120e-02
-4.286033457145250331e-02
-2.588879269416594422e-02
-8.625488232548304129e-03
-2.482303938974422114e-02
-7.492509445479533792e-02
-8.722795622563823958e-02
-2.834206400185119296e-02
5.512689059202310199e-02
5.598187106272117797e-02
-1.189400316777645267e-02
-5.720110592900828905e-02
-6.828273801212052241e-02
-7.327218540668424540e-02
-7.044871513550822473e-02
-6.854964512126518472e-02
-8.394368220100618949e-02
-9.585316518318445778e-02
-9.044799699978853247e-02
-6.900645923183415520e-02
-4.743326324860661081e-02
-3.754732713874781025e-02
-3.008238612561789371e-02
-9.615677700689011578e-03
2.838814437719679520e-02
5.870919094031892826e-02
6.193002964304664820e-02
5.234411467829513942e-02
3.449800318373502650e-02
-1.718578570032196261e-03
-6.746446225598345947e-02
-1.219422379502810572e-01
-1.169105003411144567e-01
-5.768624650407541687e-02
1.349416913692055332e-02
6.088753595665651747e-02
8.316769665947200407e-02
8.552318181999528368e-02
6.616663142482116788e-02
1.177423408830675575e-02
-5.300479954039313824e-02
-7.738470929467103354e-02
-6.591967253011182803e-02
-3.103204082202602049e-02
6.201261525080889805e-03
4.168737956265534950e-02
6.811078440368802112e-02
7.495780952646927120e-02
6.715646182510202900e-02
4.788409289484497899e-02
1.324729003506896000e-02
-2.910340755398984139e-02
-9.094510650351686487e-02
-1.295832020075882995e-01
-1.496766394440033621e-01
-1.671006068246831122e-01
-1.830296550155795510e-01
-1.959150046479339602e-01
-2.029702891294200007e-01
-2.038380364573566805e-01
-1.865138101488535705e-01
-1.553423313079246304e-01
-1.133976197790535767e-01
-7.154546796516242368e-02
-4.861938407893109243e-02
-4.473067915690866203e-02
-3.781407466217698299e-02
-3.194674624674345015e-02
-3.890053421318257626e-02
-5.846542375991924806e-02
-8.944460181369165430e-02
-1.040750212448483675e-01
-8.318126144528803501e-02
-1.884208594488707283e-02
4.356011793384374081e-02
7.292748026124180882e-02
8.473602527837732767e-02
9.049467582156719980e-02
1.026886203415932203e-01
1.187190054618211116e-01
1.397547965481609755e-01
1.592027097654488965e-01
1.689402311599088602e-01
1.568400432477288775e-01
1.053297639328303614e-01
1.022908529457528144e-02
-5.373290936728253309e-02
-5.561442495282246934e-02
-1.131530546700764729e-02
5.833017486604773899e-02
1.104839835786298741e-01
1.205893500472772495e-01
8.967480420827531051e-02
2.174758327382115761e-02
-1.383388722875415408e-02
-2.299594253318385222e-03
3.252281078320679725e-02
4.650447438449784032e-02
3.439662635797469808e-02
4.388248107911859978e-03
-3.002194303587885429e-02
-3.447933165502355818e-02
-1.315301477364761058e-02
1.630259845441234257e-02
4.542008944779352825e-02
5.465850651708165087e-02
4.167461270541673868e-02
1.905840438222374672e-02
2.743270469860242811e-02
5.103471388276035331e-02
4.834968421976548747e-02
1.381409860003431208e-03
-7.682655825477061051e-02
-1.344254315796192811e-01
-1.459930021663760902e-01
-1.368228079904567629e-01
-1.342973640429444837e-01
-1.264748712342758097e-01
-1.123032607351315826e-01
-8.538194846179318620e-02
-5.143288024288945187e-02
-2.214239833392513124e-02
-1.247098532210381798e-02
-1.698650303811305787e-02
-4.617971745349074009e-02
-7.989579052778984780e-02
-7.721874015056910678e-02
-1.599571512353929054e-02
5.798826247062624506e-02
1.217483413059697039e-01
1.657217862429133937e-01
1.989730659208694130e-01
2.108354711169803108e-01
1.904112922852275458e-01
1.425347797118679816e-01
1.010416957578127162e-01
9.581725839720085791e-02
1.159214678694110018e-01
1.459116134514799323e-01
1.599284258066060449e-01
1.471196773176833006e-01
1.271674732394703078e-01
1.070473051957119143e-01
9.637221772279162824e-02
1.111394819049746768e-01
1.265055914845062135e-01
1.016852251554963282e-01
6.021288734445379154e-02
4.603170170238061673e-03
-3.972547267294104095e-02
-4.392756404374244250e-02
-1.185725855678658285e-02
4.966586740820828905e-02
1.190760785002134420e-01
1.583836360807344135e-01
1.567622452114311171e-01
1.142613774641031699e-01
4.347194682603959526e-02
-2.564007835658629886e-02
-8.108909271531104801e-02
-1.147836217180200208e-01
-1.300930783685552428e-01
-1.341094518629637466e-01
-1.280591584247293968e-01
-1.124935667008445939e-01
-7.956624602531826851e-02
-3.722201165773651732e-02
1.466018216709422291e-02
5.116238245514643374e-02
5.798427282773918612e-02
4.849929582803043371e-02
3.840478118803585666e-02
2.430211171798012104e-02
3.338481302538609530e-03
-1.467522312077845781e-02
-2.493602607630590953e-02
-2.872419199757429362e-02
-3.531185043626745151e-02
-4.868561215085637217e-02
-6.072515749115296735e-02
-6.345088151159589129e-02
-6.225159485974410267e-02
-7.963925649015156372e-02
-1.170361740920570076e-01
-1.653702987045629347e-01
-1.808429317491791199e-01
-1.712813536060387165e-01
-1.335900003590678453e-01
-8.354870755518672976e-02
-3.428140547139625627e-02
9.581526357575732844e-03
3.518354352101943361e-02
4.832055982668991001e-02
6.000223420001675467e-02
5.689270653383814852e-02
3.053660696831026616e-02
-2.002756843234962045e-02
-6.003853995028905072e-02
-7.747327936676387528e-02
-6.892108087405095229e-02
-5.130600959908077768e-02
-4.369496786342653982e-02
-4.264250006981874785e-02
-3.138073561035551601e-02
-1.768764287908589083e-02
-7.262346947324744022e-05
1.537388938316131166e-02
2.517967356741897950e-02
3.229400476363360195e-02
3.911262362905895684e-02
3.755454839237339082e-02
2.728329257248183343e-02
1.934841152368451528e-02
1.947376610319610443e-02
1.122525922704658598e-02
-3.467841483508811266e-03
-1.132651636352030068e-02
-1.507295062018998606e-02
-2.160232037630311838e-02
-1.320795215620249735e-02
3.573347589657249398e-03
2.071151291247920467e-02
2.270429963813938926e-02
2.387398313976915598e-02
2.949207856404773009e-02
3.552226420213126096e-02
4.000375026431383929e-02
3.627546888278029846e-02
1.264242027696100938e-02
-2.493462970129543821e-02
-4.931597572701267723e-02
-6.551073413418764813e-02
-6.209998843003562696e-02
-4.990404908856607702e-02
-3.985170497388779154e-02
-3.976656599467780911e-02
-4.078572027017861312e-02
-2.720441733260455658e-02
-3.008230633276015586e-03
1.133082517783833183e-02
1.036321708843841206e-02
-1.353023550861962368e-02
-4.503668476634656304e-02
-4.550506884128801416e-02
-1.726234694732474081e-02
1.395457392608787442e-02
2.703948549565328430e-02
2.767044751824264057e-02
1.061388635103271798e-02
-1.001559950368842433e-02
-2.977027636256278365e-02
-6.162362506932004408e-02
-1.123080483065960616e-01
-1.412780422024424443e-01
-1.380276801423504507e-01
-1.167588939114059809e-01
-7.355146040877880154e-02
-2.774728804024751902e-02
1.084249288846155478e-02
3.565623641027890894e-02
4.755534632095080594e-02
4.703310206703397583e-02
4.402969890165131517e-02
4.281285782109642973e-02
4.017331008701410799e-02
3.599763015212507911e-02
4.173246252727917660e-02
5.587654449050265260e-02
7.281377543896046245e-02
8.302087780122800742e-02
7.833304740892642337e-02
6.067329213362111090e-02
2.748784156330166470e-02
-9.162893129435983712e-04
-1.601562344154574755e-02
-1.384258465024795597e-02
4.633411663322015844e-03
2.131155520269380557e-02
2.067784032651237211e-02
8.639611568368513878e-03
-9.466185781710679051e-03
-2.124209552003000073e-02
-2.340555916839883246e-02
-1.512150457412556916e-02
9.649031115224875402e-03
3.778993732271024308e-02
5.861064676100841836e-02
5.648656088793491820e-02
3.373386688157543195e-02
-1.113712801567131629e-02
-3.251686621530507082e-02
-3.059357906873755306e-02
-1.538553914039154230e-02
3.000023937857322284e-02
7.820338401509679960e-02
1.064484597983634401e-01
1.098129256450255109e-01
1.016189970835710416e-01
8.496542974438357765e-02
6.881415844467761445e-02
5.576563241824224193e-02
4.323216928852698093e-02
2.993413099593455334e-02
1.132607750280272343e-02
-8.884934709494151511e-03
-1.211267549441649369e-02
-6.554025749155192523e-03
1.398234184058184861e-03
3.310972714832295487e-03
-3.300874928685133217e-03
-6.599228403065641145e-03
-2.115041352648524327e-03
4.410669900937166758e-03
-6.232699911030962873e-03
-9.968521717621055614e-03
1.173310087014111172e-02
3.946391168526505039e-02
5.467885369580569033e-02
6.189571871421788163e-02
4.815897928976377307e-02
9.279550287453770113e-03
-1.671333218963570386e-02
-3.194175919313461953e-02
-5.311611057694225896e-02
-6.122785249492317117e-02
-3.195396750036904460e-02
2.827184628703884733e-02
6.500724120184001031e-02
6.720912511121129862e-02
4.945681012092607853e-02
1.778973784056589111e-02
-1.660050508878950157e-02
-6.016341577265418850e-02
-9.043523014254993553e-02
-9.463153653116508635e-02
-8.588703725129563649e-02
-7.724866247222210436e-02
-6.479339634309332074e-02
-4.652123088462351702e-02
-2.469090241732462346e-02
-1.773879010089806935e-03
6.887001344509652810e-03
-1.147373418605300739e-03
-1.389700337922752417e-02
-1.343336697932167971e-02
-7.622252632166894720e-03
-3.366596315963758107e-03
-8.152316586142373950e-03
-1.517057718163647081e-02
-6.389612565779236204e-03
5.713846853568137034e-03
1.864368100411331955e-02
3.242462567175611460e-02
4.694213820920889457e-02
5.261580935890428079e-02
4.246376406847823110e-02
2.777764922261808170e-02
1.731828174060139752e-02
1.665416578562052899e-02
1.567024005681251497e-02
-7.929893995188489267e-03
-5.106982274016652612e-02
-8.409887930931300715e-02
-1.039533371367928755e-01
-1.056269923279167244e-01
-8.894509852423108931e-02
-6.874274383699914559e-02
-4.590203830855099643e-02
-1.280595573890181034e-02
2.237591213210505386e-02
4.476858076433578443e-02
4.314080646641318961e-02
2.071063519104404671e-02
-1.441665436526776319e-02
-3.478445954302630122e-02
-3.593303783378349464e-02
-1.595314563393430626e-02
2.007249181125797186e-02
5.269440532377946823e-02
6.966475030819990755e-02
6.291866315046139302e-02
2.190525396071797692e-02
-3.532992351854585128e-02
-6.817900729705683727e-02
-7.752275093856349220e-02
-7.631029846518437576e-02
-6.629350206862982819e-02
-6.362084029858486312e-02
-7.709785397109104876e-02
-9.522719021420392171e-02
-1.009563174000295133e-01
-1.090357432106252022e-01
-1.026128171267389894e-01
-8.008370270777062649e-02
-3.378246073193988397e-02
3.926403057662308273e-03
3.503852000207460793e-02
5.989970037781917889e-02
8.291754605045302540e-02
1.025078895188091671e-01
1.183938495665252943e-01
1.432194024312883618e-01
1.675326851493522673e-01
1.741806270920689959e-01
1.642260691245526483e-01
1.437807451854984375e-01
9.192376590371395539e-02
1.113309847635538148e-02
-6.498928780884821732e-02
-1.176154702392588763e-01
-1.535757174375321776e-01
-1.685923343001567987e-01
-1.661231443173521449e-01
-1.553012379861878345e-01
-1.344230377938870624e-01
-1.014721782253270449e-01
-5.978998519842488452e-02
-1.166400025533714281e-02
4.109372070106004360e-02
1.005485758969714566e-01
1.450993221596734717e-01
1.682899193693172535e-01
1.792965461661526483e-01
1.797792929554875296e-01
1.395569102609625356e-01
8.908314016812354796e-02
5.675785660425534951e-02
2.744303787367992353e-02
-4.888150361661127222e-03
-4.589725073708651737e-02
-7.301245965473630861e-02
-9.321601123483436169e-02
-9.648193290218591567e-02
-7.094143603206076731e-02
-2.736204812307250003e-03
4.293294607199708846e-02
6.257475593359639043e-02
8.726984747595242786e-02
1.047560532856703919e-01
1.080395293817250357e-01
8.776855283683557274e-02
3.244557129691320874e-02
-2.265638402706573670e-02
-5.566230066746724603e-02
-4.490821826538306250e-02
-1.079485655238999510e-02
1.745520628448547426e-02
2.597265498765205516e-02
1.331802640345662418e-02
-2.083335660625017325e-03
-1.101041695757812777e-03
1.409289484498242422e-02
2.174243663449684436e-02
2.500939560899903893e-02
2.307473798020339209e-02
2.441011135093297535e-02
1.316151271299705917e-02
6.808604861778821266e-03
5.998986630706685218e-03
4.704028342423069789e-03
6.924902951936771738e-03
1.501573914118947174e-02
4.648652099150604906e-03
-2.203838834385933934e-02
-3.492050636547522346e-02
-3.590558909072048832e-02
-4.697884292376988680e-02
-9.551604035922743596e-02
-1.559718969555035084e-01
-1.703860777421812855e-01
-1.538912981898990229e-01
-1.157084209392417185e-01
-7.369189583840349278e-02
-3.039405702795542480e-02
1.672697676830946917e-02
6.057833863290896376e-02
7.731608743701350039e-02
7.257519479431395748e-02
6.435413666122745402e-02
5.837685368782639939e-02
4.860422343596024208e-02
3.033098077391092537e-02
1.571735773930875435e-02
1.931246484127205733e-03
-1.107596679021260848e-02
-1.604865768465064610e-02
-1.515214503149822992e-02
-1.679986754385615066e-02
-1.784814621243252519e-02
-2.351511476207764420e-02
-3.280838942106292094e-02
-3.094881687140184010e-02
-1.488635502236194778e-02
-9.227724826350792997e-03
-1.388016708624410962e-02
-2.544506461226655677e-02
-2.807020973552657242e-02
-3.383013696444030910e-02
-5.091502459614839771e-02
-7.191012132504019660e-02
-6.398708951561744851e-02
-4.256151031921132089e-03
6.094378992136412904e-02
7.895742652075211920e-02
7.387342458976496606e-02
4.171889774146315955e-02
6.396434855116117993e-03
1.929163890540157690e-03
3.554037718083854352e-02
6.012750898667060251e-02
6.967272959397403931e-02
7.401745069798801313e-02
7.663984296765595505e-02
6.785744208035937586e-02
4.470634233529756363e-02
2.100483145753623271e-02
-1.239426448938555454e-03
-1.296897254726729273e-02
-1.650910237024683785e-02
-8.730495633335859026e-03
1.157622811182170992e-03
1.114299279071530313e-02
9.282582416047938448e-03
3.545755219450306712e-03
-6.882612737333880341e-03
-1.382443177511180968e-02
-8.210924440153361328e-03
3.716368307872761848e-03
9.700178337037051318e-03
3.549661079836743515e-03
-1.704064249209053319e-02
-2.291136210397807030e-02
-4.368180204189922068e-03
3.916955583305738176e-02
7.976213749107317896e-02
9.995212428535521498e-02
9.849311188155547570e-02
7.523748349285254433e-02
1.687251894082960474e-02
-5.223679328463309152e-02
-9.524554257148441783e-02
-1.034322897757421617e-01
-8.706876947444434911e-02
-5.165869403029734602e-02
-6.863422555047097792e-03
4.420085458150640328e-02
7.561889335285598701e-02
6.688396921591546751e-02
3.225730004907260973e-02
-7.933205398784753948e-03
-4.491739444402331055e-02
-7.036493263487984817e-02
-8.837577648424688181e-02
-9.335485080730424046e-02
-8.604263332389117114e-02
-7.065138899417112983e-02
-4.202370645803493732e-02
3.862229651823865292e-03
5.352425104428902569e-02
9.237379762137490347e-02
1.009212085426233474e-01
8.385192041460368118e-02
4.889267461669506015e-02
1.899161776029427429e-02
1.444629741191865747e-02
1.643014733751181622e-02
-2.975355975886597934e-03
-6.353745676224521743e-02
-1.336977207170186033e-01
-1.682707690834593373e-01
-1.608803545994597906e-01
-1.278848110305646490e-01
-8.469094231375348669e-02
-4.928206376247262072e-02
-7.904081005709178223e-03
2.363819524514360754e-02
3.760617437133201985e-02
4.410231040219590032e-02
3.986084125609916373e-02
2.490051825461102666e-02
1.191634516794401639e-02
1.561286899209651802e-02
3.055811114347154606e-02
5.324218329217351303e-02
6.614907699611807801e-02
6.367869012044731492e-02
2.915395632936895742e-02
-2.500931581614129762e-02
-6.314008833069351123e-02
-7.452134259462435406e-02
-6.630028446153785060e-02
-4.757329971394259893e-02
-2.196082968613479250e-02
5.964196944731476810e-03
1.734876261225857738e-02
4.797944535984584140e-03
-1.963299275081887424e-02
-2.783673583377551525e-02
-1.984639874884798830e-02
2.420205147437252870e-03
3.165969144101911381e-02
6.356259151243370820e-02
9.288806258951760875e-02
1.079389903809709894e-01
1.097470965373889412e-01
7.936437009523276964e-02
9.756711576746766174e-03
-3.453394986614747447e-02
-6.047540584642268485e-02
-6.860669701455021641e-02
-6.980957434500037473e-02
-5.742811660928229950e-02
-1.192340683585412300e-02
4.107536834377954749e-02
4.578833348626964311e-02
-1.278189819229280601e-04
-5.441434037239326754e-02
-8.065501956919836346e-02
-8.224090261680676306e-02
-6.016261784407677532e-02
-7.735518593730674256e-04
6.019772670148294119e-02
8.084173485631300504e-02
7.522830731421228934e-02
5.975328048386388535e-02
3.962477408647151894e-02
1.964966945808680615e-02
-5.304469596926379010e-03
-2.960737924348391323e-02
-4.885836368786629358e-02
-6.028111023782260769e-02
-5.932798455210273880e-02
-4.539375780473889344e-02
-1.955036724662775199e-02
6.537468731173871721e-03
2.280424019246037048e-02
3.243236557895702588e-02
4.021958994450406527e-02
4.964432333661813329e-02
4.750906646346084866e-02
1.588631911557596491e-02
-3.701251550973672089e-02
-7.346967272959396833e-02
-8.570072092846969802e-02
-8.698498697381597256e-02
-6.810599683222354206e-02
-3.028446153784774761e-02
2.862508926825959796e-02
6.161803956927815185e-02
5.718434942888261929e-02
1.780621506568947146e-02
-2.313143080562858611e-02
-2.729482264042545209e-02
-1.660656934597784171e-02
5.402375433374958374e-03
3.218309269137319129e-02
5.927771505172571564e-02
7.975016856241197438e-02
8.483417049339912752e-02
7.228155707782595030e-02
4.465048733487864824e-02
5.050568723593550600e-03
-3.928042800888891656e-02
-6.374771094239355118e-02
-5.876025836927336460e-02
-3.571113389640493546e-02
-5.793001368447510228e-03
1.897418302087779812e-02
3.808273721419196123e-02
3.968158660118333014e-02
2.009255971497991150e-02
-8.999836424641629792e-03
-2.436670403632170898e-02
-2.641319135524178990e-02
-2.608991059210289884e-02
-3.348156186539742729e-02
-5.010512709007416271e-02
-5.084839755993440791e-02
-3.876293143000769659e-02
-2.558406377045190430e-02
-7.942860334571451644e-03
1.250046878303922963e-02
1.643210226252648024e-02
9.760581530347218343e-03
-8.242761790392141852e-03
-2.491759392616766516e-02
-6.188853735702116998e-02
-1.013349345100119925e-01
-1.096784746797314081e-01
-8.257842640505247411e-02
-2.177575015260383925e-02
4.749350685620130214e-02
9.194251722528316850e-02
1.271854266324621285e-01
1.332736216781235938e-01
1.086264058504123192e-01
7.978647431268426349e-02
6.265853843422473923e-02
1.704423317068888902e-02
-2.653264126328052155e-02
-3.049415716799189213e-02
-3.211562783015291939e-02
-5.018491994781546645e-02
-3.164840075164871563e-02
-2.829103646932562663e-04
5.579635266847263739e-05
-6.699009371671141473e-03
-1.048633746793324432e-02
-3.139286412473219455e-03
-3.012347944735466795e-03
-8.659559782803841546e-03
-2.230106643154370835e-03
1.944212823510167373e-02
4.882923929479072306e-02
6.575091063598896557e-02
6.488396123662970583e-02
3.457328774501394059e-02
-2.360990867707431218e-02
-6.981396295217613679e-02
-9.964332592589637827e-02
-9.689406301241974828e-02
-6.513291495278257515e-02
1.382826183228339162e-03
7.205175364753101108e-02
9.346137427238887518e-02
7.197395561123323682e-02
3.602551775590566441e-02
6.443472744754616920e-03
-2.128646034893416812e-03
4.408675079493633818e-03
1.574356969307677198e-02
3.346883490458768540e-02
6.252169368319841769e-02
7.748006175967189768e-02
5.128127381318097616e-02
-4.505862780222542191e-03
-4.400217036573056406e-02
-4.159003227621095589e-02
-1.495876704076217964e-02
-3.965589330099062067e-03
-1.116114566585144768e-02
-2.883622116984308273e-02
-3.822863845457193099e-02
-4.339973428978372016e-02
-5.215540456973696143e-02
-4.667243835004328267e-02
-3.156609441888856560e-02
-1.101815686477903254e-02
9.508356307026956736e-03
2.536622926881814538e-02
2.735718075875028313e-02
1.233218564606282028e-02
-4.804607239605982426e-03
-1.312903701989634811e-02
-1.191056018575777260e-02
-8.334244301792545148e-03
-1.039066583150142185e-02
-5.121145506265733886e-03
1.230350011370482180e-02
1.803673663170409294e-02
6.360727551276885300e-03
-8.042760992463563949e-03
-1.101516463261373313e-02
-3.103124289344860211e-03
1.964643784734828105e-02
5.824958407972902208e-02
9.533690539359820915e-02
1.163790799085573785e-01
1.211020191582651284e-01
9.367801188115651434e-02
2.469233868876396717e-02
-2.977302921615486084e-02
-4.418888565284521258e-02
-3.899859963534663132e-02
-1.687989978017067488e-02
1.499507279103447395e-02
3.444406321190189579e-02
4.148909431116820645e-02
4.757768832111837487e-02
5.128965206324381104e-02
3.901874733192631922e-02
1.518134921743154696e-02
-7.841443612382256040e-03
-2.275417017422770236e-02
-3.115001456219653603e-02
-3.905840438222374367e-02
-4.322897757421733517e-02
-3.198285251487138769e-02
3.530606545408120512e-03
3.335612749302809682e-02
4.495090744427465701e-02
5.184461138883458831e-02
4.429899979652821007e-02
1.815068083255867715e-02
-9.868501370442329598e-03
-3.114502750858770541e-02
-4.434129001113110147e-02
-4.730359985477699397e-02
-4.085633694927966880e-02
-2.308902090173908447e-02
3.260751090169918941e-03
2.535749195089547284e-02
4.116992288020299151e-02
4.268758303444258190e-02
3.811477404657508811e-02
2.244904228622495931e-02
-4.088984994953102046e-03
-3.709067261389432935e-02
-5.180311910280910315e-02
-4.606361884547714031e-02
-3.696783150940158996e-02
-1.457205095571895322e-02
1.556603058460236978e-02
3.886366991290609446e-02
4.611468627443157664e-02
4.130557073836320370e-02
2.105885122222709779e-02
-1.223248447031506127e-02
-4.391399925792641851e-02
-6.914011226855083792e-02
-7.904320384282402523e-02
-7.664423157483173099e-02
-6.353506297651297097e-02
-4.158803745476741948e-02
-2.328930097466975699e-02
-1.632087101883510430e-02
-1.028158899496905976e-02
-2.318425367745333143e-03
-6.178680146340100390e-03
-1.734413462650958096e-02
-2.689689565886957401e-02
-2.467945214223874958e-02
-2.250126671161663955e-02
-2.372844096724901694e-02
-2.826007684052200472e-02
-2.659663513518904787e-02
-1.795219609892718254e-02
-5.653962313833288574e-03
3.128426604534628318e-04
-8.903606238205617014e-04
-6.823087265458868678e-03
-1.632158915455477616e-02
-2.281692725684123998e-02
-1.899433071745747909e-02
-3.095436247501485907e-03
2.330107042118659960e-02
4.010229444362434920e-02
4.157686645468364195e-02
2.670670938244317644e-02
6.134953660297866145e-03
-1.435732837553710568e-02
-3.746314567383073058e-02
-5.496371419794213870e-02
-6.605332556682851075e-02
-6.474591959273724717e-02
-5.229304724934070309e-02
-3.097004177156102364e-02
-2.990616359929622759e-03
2.664754297842799810e-02
4.141967452493327401e-02
4.443983419044161137e-02
3.590167924069116029e-02
1.798523034203208457e-02
-3.636739025489828508e-03
-1.937502244174123950e-02
-1.958934605763438044e-02
-1.088346652091171270e-02
4.687391531584007669e-03
1.506018376295137698e-02
1.697138229157107991e-02
2.069184397304597162e-02
2.795574688109667139e-02
3.326069523516950177e-02
3.199530020067903324e-02
2.752721933859699974e-02
2.092232564263172764e-02
1.481601761826298845e-02
8.277910544227185322e-03
3.854214459263751065e-03
8.956907867176807855e-03
1.848820462080438820e-02
2.945788732450558070e-02
3.859169595729485674e-02
4.209512106571340617e-02
3.689605783386328691e-02
3.246316562204516754e-02
1.643844579471691325e-02
-5.407123108410566122e-04
-1.587774138336877153e-02
-2.672629852901866471e-02
-2.629433989363611987e-02
-8.803386408882540523e-03
1.610116138504442615e-02
3.196777166475828214e-02
4.223635442391551753e-02
4.957290872893967137e-02
5.754740693160554504e-02
5.940697948126662936e-02
5.464414380268822063e-02
4.656870763497959059e-02
4.071669944823239073e-02
3.207688839771951489e-02
2.986331483468914610e-02
3.640098304800736678e-02
3.498059038735442522e-02
3.159545819053736354e-02
2.680896392963865588e-02
2.118133325885999604e-02
1.193820841096513222e-02
3.986088115252803439e-03
7.434101073612899881e-03
1.093042461769246944e-02
1.010237423648209162e-02
-8.795806087397116651e-04
-2.024165266966953397e-02
-3.223739173106614925e-02
-3.882684550905848159e-02
-3.689518011242813589e-02
-3.140339678195404327e-02
-2.927580002313992860e-02
-2.657884132791273751e-02
-2.575162877170864353e-02
-2.804495529605144713e-02
-2.740573471268586622e-02
-2.923007871565416055e-02
-3.945880494236960606e-02
-5.242709925034609586e-02
-6.112093006554982638e-02
-6.239482303938973656e-02
-6.089551524243064923e-02
-4.999541191067987528e-02
-3.848377611719974722e-02
-2.893452597058037215e-02
-1.815111969327625613e-02
-4.643425666968549470e-03
6.885285798068214481e-03
1.585767347964683535e-02
1.161169603708771952e-02
2.537716089032870785e-04
-9.868541266871201992e-03
-1.488731253665484359e-02
-1.363528280583604750e-02
-1.209316614069874500e-02
-3.789957270924679007e-03
3.992954290661442779e-03
2.949399359263352258e-03
-8.416510738123831464e-03
-2.988781124201572367e-02
-4.500795933755968870e-02
-4.405563158041723298e-02
-3.373933269233071047e-02
-2.306400584083718314e-02
-1.711137886047819565e-02
-1.429828166080853932e-02
-2.324030816001659491e-02
-3.388084532553491124e-02
-3.700665073469273231e-02
-2.828696703358082182e-02
-1.973907735518593692e-02
-1.156182550099940642e-02
-1.238943702149220526e-02
-1.545412110162019265e-02
-1.924208754074422517e-02
-2.030345223799017926e-02
-1.804794752821674980e-02
-7.789937322710243327e-03
-3.184896009958148883e-04
4.625911134694333723e-03
1.528069132531947004e-02
2.876803817290313897e-02
3.391232360791385236e-02
2.624945641115663739e-02
1.230908561374671230e-02
3.057817904719348483e-03
2.959772430769721542e-05
-5.493458980486657251e-04
-2.474428383915355540e-03
-2.878156306229029317e-03
1.124668360935012629e-02
2.613156246384385969e-02
2.980171474851285932e-02
2.886949479152120870e-02
2.502240184481087024e-02
9.721961787200425822e-03
-4.631177463305258951e-03
-2.146942537173497645e-02
-2.915690866510538617e-02
-2.864902712558198630e-02
-2.380125194993795712e-02
-2.586812634401094643e-02
-2.390458370071294955e-02
-1.974681726238684126e-02
-1.086970225295133714e-02
2.440652067233462039e-03
8.592493885872276235e-03
5.610435309935406754e-03
7.681937689757389887e-03
1.817425962202123130e-02
2.795123858463428868e-02
3.283603764627027882e-02
4.044101512473618348e-02
4.004643944320544074e-02
3.319929463113756307e-02
2.355114123734784390e-02
1.357041121249237016e-02
3.036138185271036218e-03
3.750499702771604819e-03
8.045553742484508331e-03
1.907532046806490258e-02
2.498505878738794053e-02
2.355708580524957033e-02
2.148179326468487721e-02
2.395676822967576086e-02
2.610930025653403555e-02
2.575362359315217647e-02
2.316402618801590915e-02
2.205271116182390412e-02
2.015408000829845697e-02
1.615673711046124172e-02
1.315887954869159569e-02
1.057941583648847571e-02
9.145538182877249733e-03
6.189212803561952581e-03
-3.182909167800390270e-04
-2.156114726170860196e-03
1.018719404426109750e-03
5.259027564442706436e-03
7.792530590586836149e-03
9.865389448990419946e-03
1.316470442730671014e-02
1.416454883123411529e-02
1.019281944073185953e-02
6.500404948753036628e-03
2.585671596535393888e-03
1.242119457887324490e-03
2.666310258568755677e-03
3.739292795901838756e-03
5.085198823853277240e-03
1.503273501988836849e-03
-2.672861252189316205e-03
-6.230346021727594871e-03
-7.377168869614480172e-03
-9.562934621722009310e-03
-1.211518896943534519e-02
-1.214622839109671081e-02
-9.208614436921749163e-03
-8.357783194826230375e-03
-1.041464358525268433e-02
-1.165402614811948158e-02
-1.036804455633176178e-02
-8.094227385706703401e-03
-5.216697453410944381e-03
-3.069707040522802639e-03
-2.406847823051358557e-03
-2.091015723182617411e-03
-2.811549218229476149e-03
-3.914278532928517490e-03
-4.207158217267971748e-03
-4.411068865225873346e-03
-3.835698526624881522e-03
-2.887795283444178577e-03
-2.388052615410394403e-03
-8.729378533327480580e-04
4.931916744132233211e-04
7.013113956169782313e-04
6.874952622990715585e-04
4.180587195640117970e-04
-3.603493331311914032e-04
-1.460456654524853320e-03
-2.714158045713328023e-03
-3.453630375545084681e-03
-3.555473989523197723e-03
-3.026235891625340350e-03
-1.991897035296370279e-03
-7.766318636818817216e-04
-2.406883729837342269e-04
-2.310741315544845406e-04
-5.194554935387733731e-04
-1.044795710335967619e-03
-1.409397204856193157e-03
-1.686398110505128462e-03
-2.135117235656236456e-03
-2.236506030345223814e-03
-2.145023518944819216e-03
-1.934537939509034217e-03
-1.799771792426859947e-03
-1.777856684048210838e-03
-1.627570826135352460e-03
-1.490574468679308406e-03
-1.338668815754301671e-03
-1.175823562032962373e-03
-9.923598338712701604e-04
-9.119964571971161992e-04
-8.605779396686202148e-04
-7.723988525787056462e-04
-7.162685668005855724e-04
-6.558174977757739955e-04
-5.793360436307346158e-04
-5.193477731808225075e-04
-4.838120239857330186e-04
-4.511129108833468178e-04
-4.262215289109471143e-04
-4.133948270290325848e-04
-4.054993237555306598e-04
-3.842413095603811903e-04
-3.587522790834992001e-04
-3.404442068390458047e-04
-3.083451360268742430e-04
-2.692474336622128757e-04
-2.311886343053433130e-04
-1.910895315760286102e-04
-1.488631512593307723e-04
-1.068482220156473801e-04
-6.501362463045933090e-05
-2.325870041372596683e-05
1.825341413690060444e-05
5.940179294551343868e-05
9.997765799983243152e-05
1.396877705476582516e-04
1.783246691588635964e-04
