6.895796229405896883e-04
6.703850305865419927e-04
6.384365562696718566e-04
7.151101616554540264e-04
8.146860950801901530e-04
7.828423847937288462e-04
9.017267845186093022e-04
1.082535836130836581e-03
5.625782883379415152e-04
2.703048633284899343e-04
1.183523806487171010e-03
1.137915013596549211e-03
5.055411062170620320e-04
1.266219066142542900e-03
2.174495880040630460e-03
1.460091736850975585e-03
-1.236839588049612904e-03
3.208348326736236672e-04
2.126290761179005541e-03
3.117686445811944373e-04
2.334857725891747397e-03
6.689866585284753864e-03
7.640805134348481638e-03
1.374249001325493014e-03
-1.289103174350121573e-03
4.030358794029361737e-03
-1.412483317466897139e-03
1.825736422809407010e-04
1.063632761078796285e-02
4.308867136434652717e-03
-1.094642914079830241e-02
-1.091914494331355096e-02
4.174919491120110073e-05
7.975412337558817136e-03
1.801508602037888221e-02
2.015751044224086200e-02
1.950906664358821596e-02
6.781831184152391570e-03
1.713429382211067954e-03
-1.927667269439421738e-02
-5.223671204922999273e-02
-4.350995941532561501e-02
1.592272058522098410e-02
-1.113550544089714515e-03
3.307906040329596647e-02
4.213167472135045943e-02
1.011738126363640605e-01
2.752315057324145053e-02
-4.247990124851395294e-02
-3.629905120228112125e-02
-2.105989314068898444e-02
-7.220883570722554101e-02
-9.657376070984463601e-03
6.280922470062540175e-02
7.130467657521830094e-02
-3.727007711543629809e-02
-8.278954728273990593e-02
1.763939309741688680e-02
-9.689215226313081797e-02
-3.800146669642572722e-02
1.406625641679686532e-02
9.977999553614132211e-02
7.803052732746959541e-02
5.804883825800192382e-02
-2.030577432005866920e-02
-6.777139577573210172e-02
-7.614796325060012305e-02
-5.212374909470213202e-02
1.017413603837096468e-02
7.974319147676288411e-02
5.403728688490989050e-04
-2.804870160926661166e-02
-1.399601896684446282e-02
-5.213832495980250635e-03
-5.372982723044898712e-02
-4.971007693323798576e-02
3.998925029948848658e-02
7.658888316988626821e-02
-6.473733835593352415e-02
-8.309564044984764364e-02
-4.142752378826734805e-02
-2.030249475041108823e-02
-4.963719760773614709e-02
-8.931589088142991018e-02
-2.187627823504493738e-02
-6.093895900993436671e-02
-3.590459185300240441e-02
1.445884823335960231e-02
9.625536915655846792e-02
1.970351779394281799e-02
-1.686814763529363714e-02
6.428412005046893474e-02
4.083647245844740370e-02
-2.878724247407090514e-02
-1.638942156590340871e-01
-6.266118857069978565e-02
-5.504894302203233725e-02
-1.969326913879412000e-01
-2.489298126545838874e-01
-1.532583890936089765e-01
-2.182394176941892527e-01
-2.708432593456348014e-01
-8.568604497565376898e-02
1.144264624830897276e-01
2.549705977471178886e-01
2.594585977106781960e-01
2.147434875490227546e-01
8.730760996806974806e-04
-1.556128468031028333e-01
-2.577227032763811931e-01
-2.239012302941136290e-01
-3.435185227360720850e-02
1.371128855202445318e-01
2.155734008681749886e-02
-7.493133401050373378e-03
5.158398659020410962e-03
-3.408024013737753072e-02
-1.328927170779034550e-01
-1.668585822238215222e-01
-3.935765984485813801e-02
2.056914198259095494e-01
3.722252335554634972e-01
3.507190000956541542e-01
4.191586081870812275e-01
3.083861328863401474e-01
6.857215736468359746e-02
1.216674789674821594e-01
2.269179788741055581e-01
2.131752155633799828e-01
1.007287932550184339e-01
1.805544294687552731e-01
4.021030240365125463e-01
5.733963132171212562e-01
6.604825522339791144e-01
6.179893505085610750e-01
5.042338333158727925e-01
4.560332694120916019e-01
3.608915874483581976e-01
1.468158567192460739e-01
1.132854455432014962e-01
2.549596658482926048e-01
4.219535303200769305e-01
3.922474617497415106e-01
1.890448708897199404e-01
-7.059091468108463774e-02
-3.377706214328986545e-01
-6.521333145061742886e-01
-8.762281305086522254e-01
-6.765205588022282779e-01
4.639725609339485912e-02
5.374622507868690446e-01
6.087382311276710034e-01
5.688777950360069946e-01
5.509768107096169043e-01
5.827658615019518651e-01
4.276449501459864133e-01
2.405769309605040041e-01
7.436515275051129581e-02
-4.424936572212025132e-02
-1.322235937706396636e-01
-7.454006313171572529e-02
6.792717533399229846e-02
4.825021294427921104e-02
-4.494900724693792760e-02
-9.661794380093013945e-02
-2.452639825818412056e-01
-3.332183965637398604e-01
-2.940225288214957655e-01
-2.908745974556005698e-01
-3.253957119626858518e-01
-2.950883889569602125e-01
-2.642194396490860631e-01
-3.128099079443020236e-01
-4.276936881949158220e-01
-5.868880983506498117e-01
-7.688996588336576288e-01
-7.962248509390045248e-01
-6.816949909128591223e-01
-5.352029916963119138e-01
-3.781571551555290567e-01
-3.893486865779057782e-01
-5.224582196491771580e-01
-5.824424594950374789e-01
-5.819323042165245319e-01
-6.809844174892162316e-01
-8.315485490181788730e-01
-7.781598881302353998e-01
-5.575359500047827321e-01
-2.647368828601491808e-01
6.462073143513057116e-02
3.138680246514318761e-01
3.925663087988121025e-01
3.755826929821764470e-01
3.423178358484292860e-01
3.930372914398677642e-01
3.291198454958299546e-01
2.069208029479687183e-01
1.457909912043764133e-01
1.014489320901335173e-01
-1.103156130290014296e-02
-2.153023808764650271e-01
-3.117504247498189551e-01
-3.611480315749678316e-01
-4.604105839000460776e-01
-4.028568695596722593e-01
-2.115030905388970706e-01
-2.605444996606556818e-02
-5.504393256840408970e-03
-2.575906094989091275e-02
-5.304795004122237444e-03
1.092880145394254376e-01
1.955028901207519487e-01
1.973517475095768192e-01
1.473082476621679071e-01
6.461526548571794315e-02
3.775240160152318336e-02
-1.370841892858281827e-02
-3.415863096187045367e-02
4.345816954464087195e-02
7.271124755740386580e-02
3.568208216232959806e-02
-1.443320382069864238e-01
-1.050318619301178480e-01
-1.062931297570841177e-01
-2.417411781853958941e-01
-3.376198523282667452e-01
-3.490710163477437900e-01
-3.048013810632183018e-01
-2.030855284434342767e-01
-1.380990338934413308e-01
-4.231168665534000561e-02
-8.021371862203416359e-02
-1.908486341958905430e-01
-1.410233168292027439e-01
-5.146692417361677790e-02
-1.256945171972433661e-01
-1.217649550653408796e-01
-4.308279546872794546e-02
-3.347133337280963541e-03
1.483700083355728727e-01
1.320218091381564485e-01
3.002906063104386347e-01
4.522868165855125078e-01
3.347812025999699626e-01
2.831202372222045294e-01
4.195608109646945666e-02
1.242278207715187821e-01
1.502598603449925296e-01
3.748716640627491187e-02
-3.890025097817719629e-02
7.532579335978245583e-02
4.111277620125626253e-01
4.001639784823791679e-01
3.543037519187759998e-01
5.758878751577154453e-01
5.365421493024081778e-01
3.140921285773500826e-01
1.111596467174696401e-01
1.226098997453778788e-01
1.115217658660569294e-01
-9.078532028186080127e-02
-2.950965878810792309e-01
-2.464218528657517449e-01
-5.400540218000282611e-02
-1.433235705403546612e-01
-3.391234439125266342e-01
-3.423059929580352101e-01
-1.344532456352116601e-01
-1.165723031233346085e-01
-2.189786873522485688e-01
-5.216292173215936884e-02
3.428999594608751755e-02
-1.341207337126095085e-02
2.543247047248577879e-04
1.747741879648903873e-01
2.461294245721755980e-01
1.892070273889615295e-01
1.214966680483372252e-01
7.678292437403493043e-02
1.591392951658232580e-02
1.141613639365767902e-01
2.252349219507973621e-01
9.456866826697520045e-02
4.587206945399720237e-02
1.126828246204581441e-01
3.841104850574608154e-01
3.922410848087601321e-01
3.335463535284981518e-01
2.845313631622339856e-01
3.004919354471374260e-01
1.987232453163645940e-01
4.192752151078842776e-02
5.482073963405469097e-02
4.285404548580903222e-02
-7.385545296778280033e-02
-1.925248586824329089e-01
-6.469725472690751079e-03
1.390815383003630445e-01
7.616572758619119532e-02
-9.261732432666336737e-03
1.435513184325479252e-01
1.839802132631262743e-01
1.084699441106672657e-01
8.464888107460566413e-02
5.036052491334193359e-02
4.753599555436115176e-02
7.962521806860678453e-02
2.029165395074268574e-01
2.370099434729731891e-01
2.960157783739711945e-01
3.784217982062576535e-01
5.187413740485832259e-01
5.712281532834413422e-01
3.518540955903453615e-01
1.888622170801809441e-01
1.597646908777859420e-01
9.013806077224756352e-02
-6.690595378539772320e-02
-1.675281610268697097e-01
-1.434306120496854908e-01
-1.728688490988015969e-01
-3.342751467835165524e-01
-4.266583462770052737e-01
-4.610346131246556012e-01
-5.000387171416729171e-01
-5.368154467730401613e-01
-5.202171803899955371e-01
-4.307696512268779365e-01
-3.088484611074924779e-01
-2.130832054149339183e-01
-1.730332830769651387e-01
-1.722338879753668173e-02
1.463366751540714494e-01
2.032923235295457376e-01
3.301246691961866042e-01
3.633485317093390621e-01
3.494590987560410311e-01
3.015254553819104455e-01
2.689319990343489453e-01
2.021376417161259431e-01
8.796215741023317991e-02
-9.559171179870732879e-03
-5.152796060872456840e-02
2.235377446581731861e-03
1.838048473861374488e-01
3.681029967067655506e-01
5.416892516659759238e-01
7.212456898711403497e-01
9.091058162256709929e-01
8.383445461212256644e-01
5.162908067285837399e-01
7.968124405008632227e-02
-3.313800155779558221e-01
-5.171198090561672789e-01
-5.474558282963092326e-01
-6.575947089609686103e-01
-7.262925831621429573e-01
-6.010312424558511557e-01
-3.908932727827604259e-01
-1.960380976674060971e-01
-7.846279282685239553e-02
1.859493215390291554e-01
4.421957629782136689e-01
4.956614026537184969e-01
4.255874756879125531e-01
2.052190706975006995e-01
4.393001762768686258e-02
-7.753358142670389863e-02
-2.190392682915719980e-01
-4.425975102600425704e-01
-5.663406835169740861e-01
-5.353715251365349648e-01
-3.699837388004973970e-01
-2.733635175206453743e-02
3.706883907789433885e-01
5.911287641032882956e-01
7.347739146674199251e-01
9.586592026090799967e-01
9.406853389571880886e-01
6.454830760541312440e-01
3.607421848310793933e-01
5.199894324978022314e-02
-3.622020488200382027e-01
-7.583640413407974901e-01
-8.958691087313988000e-01
-8.261053743947600614e-01
-7.210634915573856940e-01
-4.471397142219449283e-01
5.417985706542285951e-02
4.173912845436615338e-01
6.437385271999308545e-01
7.047612974341923575e-01
6.209546280649173022e-01
5.043841469247202225e-01
2.658911091777845792e-01
3.285960253437854306e-02
-1.799017040097294073e-01
-4.201256257373338632e-01
-5.271179415234512611e-01
-3.264907238283509816e-01
-7.781963277929862532e-02
-2.779949986562874759e-02
-7.694918033533600099e-02
-2.876674516377351193e-02
9.774392937993359176e-02
1.650598293712791931e-01
3.438073070633731326e-02
-2.179989159200331622e-02
4.053739392641921707e-02
1.267298591151539040e-02
-1.209250208389321402e-01
-1.263645514960759220e-01
-1.099858340811055851e-01
-1.822534287445169987e-01
-2.643278476457700532e-01
-3.684906236192784790e-01
-3.526389148268432860e-01
-4.141909711625619273e-01
-4.492764449465020959e-01
-4.232790230526417008e-01
-2.023626566336128585e-01
-1.854778834021891462e-02
1.265030222145294148e-01
2.298705025484989173e-01
3.418441202326672479e-01
3.238565917072437905e-01
1.752014430106449694e-01
2.887319452858463920e-02
-1.173115727813939108e-01
-3.053151803080062510e-01
-3.399843309450171214e-01
-2.915291448977640476e-01
-2.365494372349584151e-01
-3.034248728028022257e-01
-2.959911816016143060e-01
-2.304485266988854364e-01
-2.212065172336830365e-01
-2.170109455636988205e-01
-1.487439703745541963e-01
-9.740913997840951188e-02
-1.459895873663689253e-03
4.820284138270300445e-02
8.541092552188429832e-02
8.929038311750425727e-02
8.495861820798848718e-02
1.440314109892912864e-01
2.046492454712331988e-01
2.150828319083906981e-01
2.152495433654761925e-01
1.388414920219913362e-01
-4.885328936280695228e-02
-2.626256598995176939e-01
-3.109692494795960882e-01
-3.613994652479491365e-01
-3.927412191800165320e-01
-3.629864125607517589e-01
-1.750187892011059732e-01
4.683179907169959799e-02
1.717027798907721226e-01
1.943336324422317574e-01
1.360556798046834159e-01
3.400508333295375329e-02
2.188256407686947277e-02
-2.392865114033369649e-03
2.044438168724748567e-02
1.661347994224313465e-02
1.480479728160116054e-02
4.496522289686209761e-02
1.604980390906482202e-01
2.346541192761261163e-01
1.724702902874633847e-01
7.761010471848084347e-02
4.200299716226126717e-02
1.463790362620193998e-02
-7.587739875467453552e-04
-5.449824861870904147e-02
-1.026892471110179839e-01
-6.572029825863962005e-02
4.602739351647300997e-02
5.022433167381035873e-02
9.239413139231397731e-02
4.341904245676207058e-02
1.877234776192146515e-02
7.354708232175312388e-02
6.191599746744344546e-02
-1.628802820429896964e-02
4.413585617265112365e-02
2.044920994256198277e-01
1.082909342674033687e-01
-2.294892525769674438e-02
2.004199671132043947e-02
5.666185359454498777e-02
-7.493998843040708402e-02
-1.091846169963697072e-01
-7.651099339075617158e-03
2.913879412046041853e-02
-6.972820566545656629e-02
-2.064252235345561959e-01
-2.459841214169563028e-01
-1.829325729590372818e-01
-1.635876669961419672e-01
-1.924756651377191596e-01
-1.420654911838790946e-01
-1.142957351929708015e-01
-9.467161031424654871e-02
-7.345051721546318191e-02
-9.857612017800776449e-02
-1.307300230936362662e-01
-1.107597214187782814e-01
-7.219881479996903551e-02
-7.417612199999089329e-02
-1.234562109127680246e-01
-1.652834778014129480e-01
-1.837315125648512348e-01
1.142825258152235963e-02
2.256762973658678895e-01
3.892052054058239841e-01
4.787306243480716761e-01
5.193562933575049945e-01
4.527723750916685108e-01
3.379414323520436025e-01
2.268988480511613115e-01
1.467707626365918200e-02
-4.963355364146104787e-02
-4.450380566727855230e-02
-7.862039436825013147e-03
1.046387690681922777e-02
5.242938676602548753e-02
5.245125056367603428e-02
6.192601837469994402e-02
1.346317999826911714e-02
-1.260967199748566463e-02
-5.442582478899157805e-02
-2.990338934413162494e-02
2.328125498198514373e-02
-3.009866038689811810e-04
5.073494244810764636e-02
7.802779435276327447e-02
2.330822033242082800e-02
-6.223894397857349103e-02
-1.042106030308689590e-01
-1.105980204153210744e-01
-3.238930313699946856e-02
1.137669045872980456e-01
1.685133984084977166e-01
2.165618267202937264e-01
1.739442746457381672e-01
-1.940293612582615623e-01
-3.808787424672385180e-01
-3.639329328007069875e-01
-4.268719737998825647e-01
-4.557144223630210655e-01
-2.307222796653017050e-01
-1.676347470404161363e-02
1.364656260106312802e-01
9.688030937273675591e-02
-8.407313440314111153e-02
-2.304881548321270346e-01
-2.687889733580515750e-01
-2.494103607071116724e-01
-2.050273069722740038e-01
1.062494021617829965e-01
3.814645100459596039e-01
5.168055169649405922e-01
4.210197639620845700e-01
2.592736664222172749e-01
1.410055524936116855e-01
4.804706182444282159e-02
1.885939300631772619e-03
-8.942748734860460347e-02
-1.949562951794881482e-01
-2.684929010982003983e-01
-2.952874406147371622e-01
-3.856072442049549021e-01
-4.116146870060717888e-01
-3.210666800278763611e-01
-1.641602251971158166e-01
-1.005730136967582372e-01
8.627272354594359149e-02
2.333974064070037380e-01
2.764367475779012095e-01
2.595319325319644377e-01
2.748885174067714487e-01
1.535444404462036616e-01
-1.003889933998660944e-01
-1.829881434447324373e-01
-1.987943026587289108e-01
-2.488806191098701659e-01
-1.132330635279970577e-01
1.257646635480388631e-01
2.044515603008094373e-01
2.152823390619519953e-02
-1.453077101771423074e-01
-1.637047294127292885e-01
-2.339494672976801803e-01
-2.830988289203383856e-01
-1.852105073767542354e-01
-1.101161058754401290e-01
-2.264192109902022840e-02
8.936736190506557043e-02
1.291740494941719386e-01
1.864626652880327640e-01
1.542500034162183897e-01
4.694612851358061223e-02
-8.238688900934222278e-03
2.595660947157934356e-02
-1.993910021362752319e-02
-6.161445925817957137e-02
-3.865378220924566011e-02
-3.262092274336001602e-02
2.585872342751468350e-02
8.917013223042621894e-02
2.371584350986832013e-01
3.423966366191281141e-01
3.904892480220095718e-01
4.076655385554407429e-01
1.862695350754529078e-01
1.776483663643693006e-02
-1.109359982873358713e-01
-8.637521009743055755e-02
-9.626220159332425641e-02
-8.064507312984818543e-02
-2.293270960777258130e-02
2.782582752196628706e-02
6.255232507823139942e-02
2.682086717287431726e-02
-3.676283700994347620e-02
-5.268309791792877284e-02
-6.980746193193983207e-02
-2.788782049822129128e-02
3.554566117490583210e-02
9.819578119804502070e-02
1.459854879043094855e-01
1.866302877366870228e-01
1.381700912358056199e-01
2.112211386483618322e-02
-6.099043003357004084e-02
-1.150618791023089171e-01
-9.526648780865533406e-02
-7.872880236493411121e-02
3.101748648316260057e-02
1.845933105889105141e-01
2.779407946579454669e-01
3.249397606825148999e-01
2.468003698625769460e-01
2.184193385290219280e-01
1.528967254408060694e-01
-1.516236147234457585e-02
-1.143690700142570293e-01
-1.322454575682902311e-01
-1.365562696717242119e-01
-1.164019476999740565e-01
-1.213199356839952531e-01
-5.440897144496928406e-02
-6.830933629709257104e-02
-1.038685256967946946e-01
-1.014507540732710600e-01
-7.454051862750010748e-02
1.571533335458980343e-02
7.952728647496368208e-02
2.205373939264192451e-01
3.482479354653573167e-01
4.501218451223233941e-01
4.660587316264387936e-01
4.312615866740153736e-01
3.539867268528429922e-01
2.344473241900146276e-01
6.134526124960713866e-02
-1.089773664144738363e-01
-1.639452311868853929e-01
-1.463908791524134723e-01
-1.837201251702415550e-01
-1.911164657171098014e-01
-1.738317671869946957e-01
-1.559193954659949810e-01
-1.461175816817815443e-01
-1.932846256507896043e-01
-2.609444249593469989e-01
-2.885023754105155991e-01
-2.845728132786131126e-01
-1.614832764722762826e-01
3.969504557235323250e-02
2.020756942894493535e-01
2.658186853480671297e-01
2.899289882072141333e-01
2.133259846680119198e-01
1.430571055064885633e-01
1.087400531108084628e-01
6.893746498376157605e-02
-2.654825294591898685e-02
-1.112215941441462019e-01
-1.659330147899481245e-01
-4.809989933543165619e-02
1.226814125835265501e-01
1.643410570235172841e-01
1.043039796666681979e-01
3.840795113441225483e-02
2.272923964088712293e-02
-3.304530816567292917e-02
-7.748757635248086639e-02
-1.081041809958048910e-01
-1.049216319502963013e-01
-9.973581244505583254e-02
-7.738053484315002284e-02
-8.080768512487417066e-02
-1.496886686313718129e-01
-2.048214228777312795e-01
-2.118647541916999777e-01
-2.407481973754333204e-01
-2.395980705198573479e-01
-2.136229679194319442e-01
-1.813957301825171731e-01
-1.226212871399875309e-01
-7.984431154089668969e-02
-1.528926259787465958e-03
9.522959265012002905e-02
1.932964685411836803e-01
2.820338797764426753e-01
3.361741087086239088e-01
3.886217153060249063e-01
3.495916480292975415e-01
2.678451860928027228e-01
9.034804432884975534e-02
-9.510524230098250931e-02
-1.962139190401792910e-01
-1.605481436269307338e-01
-1.104691151083396772e-01
-1.452093230877148367e-01
-1.992734842239035353e-01
-1.649641752565580155e-01
-1.633120920465881420e-01
-1.917363954796598435e-01
-1.443375041563990380e-01
-1.246145366924629183e-01
-1.110061446381313821e-01
-8.307468764376585435e-02
-1.094301292241540435e-01
-1.545201124163596007e-01
-1.618718143763579476e-01
-1.298167540459413127e-01
-9.396923581472253761e-02
-3.100628128686669632e-03
9.085728861579386861e-02
1.337444941947062427e-01
1.741360383709648907e-01
2.624275192333095363e-01
3.104404188739233739e-01
2.878728802364934336e-01
2.008590650493529695e-01
1.422094278517452570e-01
4.755649286465853803e-02
-8.368687397798132976e-02
-1.773304303068675425e-01
-2.350622434989364518e-01
-2.129424572175584729e-01
-1.617365321283951718e-01
-6.733503081428982018e-02
-8.002787634200446421e-03
5.559690445064931208e-02
3.901922647705895891e-02
3.466509672452981750e-02
6.222983406288575686e-02
7.146546658710674349e-02
7.606005256421352612e-02
1.387941204604151713e-01
1.660664750547733992e-01
1.543561339339804550e-01
7.319908354248182147e-02
-8.793391667160121647e-03
-4.260807776224031368e-02
-4.941127169868043262e-02
-8.104818689903026119e-02
-7.452639825818413444e-02
-5.292587717100678824e-02
-2.200017308839806798e-02
-2.109200559348823126e-02
4.083902323483996205e-02
9.664937301005280257e-02
4.988999776807066105e-02
-3.330070465197845081e-02
-3.123393807990307650e-02
-3.942311458907447885e-02
-6.916794585066116108e-02
-1.018474909014717156e-01
-1.066853116274408958e-01
-7.245935838863812317e-02
1.683102472886613453e-03
4.171430393411709042e-02
4.707457832477760645e-02
3.292851904655622747e-02
-4.098004472968602707e-02
-1.176500061491931037e-01
-1.563653258389093859e-01
-1.693383012740217186e-01
-2.010713260848771000e-01
-2.090557116893883294e-01
-1.705576634888244514e-01
-5.725263162689429863e-02
2.241458315303291801e-02
8.692408251761631066e-02
1.343243403282302906e-01
1.704196482661552992e-01
1.790066547934099084e-01
1.259500503322841802e-01
6.584738158248346074e-02
5.327979739547510779e-02
1.036594531317612811e-01
1.287823231195995288e-01
1.267180162247598385e-01
1.139541133546809193e-01
9.010526507577172606e-02
5.778875016511723223e-02
1.690112553008321986e-02
-3.556251451892813173e-04
2.106522244136630612e-02
4.853808628001148040e-02
2.738431545816043602e-02
6.256917842225370036e-03
-1.160790011888440144e-02
-1.897927949676826015e-02
-4.388232721906159400e-02
-4.078850875235149470e-02
3.225379314114448000e-03
8.532028186079138737e-03
1.910267330475856618e-02
-1.730638012945190374e-02
-3.526803649432225241e-02
-6.677750397420072204e-02
-6.340228021189664442e-02
-6.473688286014914195e-02
-4.818644353446509265e-02
2.882755385098911133e-02
9.879794662500399061e-02
1.518800588500553717e-01
1.703039523369211106e-01
1.852888526516687229e-01
1.259837570203287682e-01
6.737966940115969194e-02
7.890325725035415849e-02
9.128773213203912607e-02
1.232175311217494768e-01
8.751622703731877506e-02
2.791993295102054157e-02
1.277925307801276375e-02
2.571105169421657524e-02
-2.345712190433677999e-02
-5.005670922515612076e-02
-6.706446631836422700e-02
-4.279715406233915859e-02
-4.812039664572904940e-02
-9.976860814153165613e-02
-1.310793883602607290e-01
-8.633193799791383238e-02
-5.043067126413745133e-02
-5.225493188060545413e-02
-4.643187377300823232e-02
-3.737160712577605216e-03
2.660332238625131782e-02
3.011820115604830345e-02
7.019417785288398215e-02
7.087332206740426521e-02
3.160530379291340286e-02
5.500977038457509349e-02
7.244387153196897577e-02
2.948264788809379713e-02
-2.603791546909233617e-02
-9.125448093977890640e-02
-1.446194560469342971e-01
-1.645505850843350659e-01
-1.738572749509203486e-01
-1.662687151830410104e-01
-8.419384078600353205e-02
-1.633079925845286676e-02
3.637361586218519627e-02
7.593752419821354904e-02
8.883215435841142205e-02
5.162224823609257857e-02
4.909697960745373901e-02
7.358170000136649014e-02
1.929138520822989977e-02
-8.629959779722239099e-02
-1.034421816426089047e-01
-7.597942981037711374e-02
-1.296085924724766913e-01
-1.616595533408338448e-01
-1.536018329150363737e-01
-1.106034863647337163e-01
-7.689360984964084544e-02
-4.091071827130240285e-02
2.173821746279738440e-02
9.891910850365082108e-02
1.481796110976992820e-01
1.347661712390851863e-01
1.174013054509180642e-01
4.392291189345042673e-02
-7.984977749030933158e-02
-1.602488828965888124e-01
-1.666076040466245578e-01
-1.498111969973718038e-01
-1.171653586346058512e-01
-3.933420181196223275e-02
3.324139910085132515e-02
7.073803981944147556e-02
6.847012630898101360e-02
8.107415015874029629e-02
8.397383632214484861e-02
2.814048400982049197e-02
-2.321247511854277953e-03
3.526835534137132133e-02
6.443078969304140424e-02
7.064739615834855768e-02
5.661220455404686325e-02
6.229952491789689240e-02
6.505163044716022469e-02
1.218993263217349118e-02
-4.154176213099148446e-02
-5.583194027539275378e-02
-3.034148518955457480e-02
4.377328152827945906e-02
7.310160744462310123e-02
8.064917259190766685e-02
1.270951667342318792e-01
1.847021740813789004e-01
1.306867509941195549e-01
1.373570312606756973e-02
-6.690094333176946698e-03
-3.168027839902342029e-03
-4.552757799226568591e-02
-1.029406807839993582e-01
-1.335162908067285825e-01
-8.444937392104437390e-02
-1.461280580848224424e-02
3.586737784741803048e-02
2.590509289836522705e-02
3.988179884395170322e-02
6.853845067663899560e-02
6.598767428407451008e-02
4.027224983032782341e-02
3.954259113331906605e-02
1.595460529012804329e-02
3.739697824096638312e-02
4.722306995048761863e-02
3.285131251110271627e-02
1.098901799663844214e-02
3.370140429350326761e-02
5.455700757489490016e-02
5.153615953284352430e-02
4.188953316237058883e-02
4.629750251661421401e-02
3.947873062434807678e-02
4.468222336602275385e-02
7.829289289927622575e-02
6.325014461991154691e-02
4.598002195489681032e-02
3.362488100172633665e-02
2.025471324262894182e-02
1.011323625199848746e-02
7.293079652547817052e-03
-1.023931748511667551e-02
-4.310875872843796669e-02
-5.889560492117646567e-02
-6.600953808172506376e-02
-8.432274609298491541e-02
-1.024920174363786324e-01
-1.093249096979607565e-01
-4.672976801599701413e-02
-8.494404234288812847e-03
-8.960877467079042882e-03
-1.833821472982267650e-02
2.202768503377501574e-02
6.453282074874397423e-02
5.792858737092388549e-02
3.992976255004760527e-02
4.635125101917181994e-02
5.144414938439745288e-02
8.865268901936312895e-03
-1.121918001648894783e-02
-2.161004094907101672e-02
-8.805826702073872234e-03
4.269484970916594124e-02
8.953270687479787660e-02
6.766207678747934717e-02
4.591579704929830974e-02
2.613006226627372780e-02
-1.436615484123694546e-02
-5.152704961715580401e-02
-6.279510433130942870e-02
-6.858217827194010296e-02
-8.345593761529739030e-02
-6.210776119267016893e-02
-7.469447620262274767e-02
-5.120956905543840032e-02
-5.399310379382439573e-02
-7.854705954696390713e-02
-9.174914936162266443e-02
-9.476999740367403335e-02
-1.184844744261891875e-01
-1.110612596280421555e-01
-3.190597656018694106e-02
3.717583503764673031e-02
5.325428963154946876e-02
6.379628406539097907e-02
4.956249629909675880e-02
2.340018493128846397e-02
-3.380958454229505972e-02
-7.400895504712104445e-02
-8.312069271798891434e-02
-4.021453851444604932e-02
-1.862166975644640593e-02
8.047927266433149924e-04
4.440159241326221973e-02
4.356871837151147370e-02
2.384092265226085347e-02
-2.791018534123466954e-02
-8.638978596253092668e-02
-1.360447479058581322e-01
-1.291617511079935221e-01
-7.094073544349348281e-02
-3.589602853225593720e-02
-5.483895946543015237e-02
-2.145335039924205905e-02
1.533841059300996255e-02
1.179055392842339421e-02
3.440765050719455688e-03
-2.075484761388533654e-03
-6.647824324385878062e-04
3.398649910495078752e-02
6.858809971713712705e-02
1.045185181811142394e-01
1.810413544622644644e-01
2.162356917386729638e-01
1.400699641524817685e-01
1.108130144255514982e-01
1.139135742298705012e-01
8.376294177397389240e-02
4.789629271981088454e-02
8.521779530930442131e-03
-5.918621123161505598e-02
-7.703526903858505526e-02
-6.520239955179216174e-02
-8.032850355969956002e-02
-8.366865414660588918e-02
-5.957566012726552701e-02
-3.714581786545566311e-02
-2.939646808568787198e-02
-1.355200167622448888e-02
3.547023107301142120e-02
5.398308288656788329e-02
3.781730975079825724e-02
1.810572968147179662e-02
-9.897240151042403268e-04
-1.386324194569579392e-03
2.418851148532620565e-02
5.645870247470859658e-03
-1.427450908941838015e-02
-1.795327524243763365e-02
-5.108157474002578829e-02
-5.574084111851545370e-02
-6.487990853644649836e-02
-7.594162366027303046e-02
-8.818352836144502382e-02
-8.661798935050857295e-02
-3.958390460096292141e-02
2.400098387089427601e-03
3.871577518550066432e-02
5.424408197102136703e-02
6.882495752501811836e-02
3.734568941564446465e-02
-2.312820839843127488e-02
-8.445028491261313830e-02
-7.720516896616123892e-02
-4.999749477318587987e-02
-1.288547469493169992e-02
9.903708191180691719e-03
4.397278868184075623e-02
5.500111596467175540e-02
5.066889555937160311e-02
4.874624785347611566e-02
3.744881366122956856e-02
3.534223675759880917e-02
3.141472435672607727e-02
1.560341804036603774e-02
4.024173161277393163e-02
3.162680319393644524e-02
3.543114953471106221e-02
4.140329141253798473e-02
3.798980600434543470e-02
6.535726811848356632e-02
1.195357586965532654e-01
1.426416933511280571e-01
9.424754373898269755e-02
4.859684523619733909e-02
6.173835411153270197e-03
-4.394682542213072113e-02
-6.911556383545670867e-02
-6.313718166538369314e-02
-3.836518008025836118e-02
-6.653426922533832444e-02
-5.571806632929612174e-02
-2.779371506916703677e-02
-4.559603900865898118e-02
-9.246837720516896952e-02
-7.557403856227311312e-02
-7.719332607576717686e-02
-5.865282566809844333e-02
3.824757106872976598e-02
7.034995741114416501e-02
4.961123434802611892e-02
3.145781425792904679e-02
2.150933083114316136e-02
-8.660341348540819689e-03
-3.937050482597784229e-02
-1.168597209632825026e-02
2.372222045084972780e-02
2.877530848451997914e-02
-2.059843036152700368e-02
-3.164128795987993653e-02
-4.214734377633335555e-02
-4.828619711124574471e-02
-6.120952350585995988e-02
-1.945604693428562570e-02
4.300117062416588393e-02
5.303792913396587066e-02
7.122997526657891265e-02
6.444217708765105634e-02
2.887966256872293025e-02
2.699299902979397908e-03
8.584091354234517010e-03
2.419661931028828372e-02
6.789574612486962146e-02
9.768608141531651134e-02
7.390100254622145037e-02
1.804150477587330298e-02
6.295498335162907910e-03
-2.403177538591880560e-02
-5.095494691196633674e-02
-6.263568080677414662e-02
-7.936103051366261152e-02
-7.705257787839174533e-02
-5.705357996911739060e-02
-2.198741920643524500e-02
-6.421989514487044023e-04
2.369484515420810025e-02
3.869942288684118104e-02
2.393730556023703979e-02
7.582273926054814914e-03
-9.368546194104973579e-03
-3.882523082248874081e-03
1.391908572886157991e-02
1.170779034440036330e-02
-8.468258776265027293e-03
-1.711894361417685279e-02
-4.429883256430462019e-02
-5.111938089012986464e-02
-1.846980746193194189e-02
-6.124505217704210268e-03
5.701805129793524780e-03
3.538396017144861821e-02
4.473223680314839662e-02
2.641151311144615890e-02
-6.102869167945851152e-03
-6.575719341717492505e-02
-9.168401346445539946e-02
-9.252440318664850727e-02
-8.999549059173457544e-02
-1.084772320432174642e-01
-7.745022569816117919e-02
-4.436688363449196870e-02
-5.669783776151152317e-03
3.906140538669314322e-02
9.399337709129503005e-02
1.261992065263436158e-01
1.327077857894425339e-01
1.256029625445816700e-01
8.701062671664973325e-02
1.124017837214916563e-02
-1.186179346910144414e-02
9.680105310625351442e-03
6.652515930965059721e-03
3.224318008936827729e-03
5.996510902291599977e-03
5.353578602630033011e-03
-7.639028700789375279e-03
-5.790490159013578914e-02
-8.074664868976637322e-02
-7.752629349415371407e-02
-5.403637589334111396e-02
-2.121795017787110604e-02
1.717975230139245219e-02
3.621455673427743244e-02
3.410943741715670441e-02
2.879125083697350873e-02
1.525710459549697124e-03
-3.661762495388105887e-02
-7.041554880409582606e-02
-1.041591320072332849e-01
-1.207027388961515318e-01
-6.770899285327115769e-02
-3.193184872074009313e-03
3.019458779908992113e-02
4.576001749103812688e-02
4.255888421752657136e-02
3.754269134239163197e-02
-1.191736395479659968e-02
-5.791446700160790551e-02
-5.301424335317776737e-02
-1.860486196200254391e-02
-1.591447611152358929e-02
-4.651841797204166705e-03
3.113304576366146201e-02
2.094032549728752288e-02
2.687871513749140549e-04
2.833466186270446312e-04
-4.445743619642800442e-04
-1.661689616062603583e-02
-2.113864836180941176e-02
-3.459085091167481835e-02
-5.815997922939224185e-02
-5.625828432957853675e-02
-2.606847923622467034e-02
-1.434451879147858634e-02
-2.179939054664049511e-02
-6.109200559348824163e-04
1.062166064653071763e-02
1.039742007187723603e-02
3.211855644276012667e-02
4.896169735949094243e-02
4.645738153693387829e-02
4.250304043436078233e-02
1.655827385317549041e-02
-1.134398586141085324e-02
-1.881202144474153001e-02
-1.534469643483449622e-02
5.074314137222661093e-03
2.227315171198090971e-02
1.899298991987829338e-02
1.373119371780214372e-03
-1.618795578046925213e-02
-1.771810276895887520e-02
-1.873235523205232789e-02
-3.671455445679851215e-02
-3.647660345903499385e-02
-3.585075225128791371e-02
-3.376690458729804389e-02
-1.181118788745610243e-02
-1.093941450571874960e-02
9.410907302052920476e-03
9.265467498098306411e-04
-6.154385741159965929e-03
1.462792826852387512e-02
3.577331796794221142e-02
5.885962075420992506e-02
7.588559767879349272e-02
9.361440459868544672e-02
7.754633530866672508e-02
6.452325533727185092e-02
6.183036425997877339e-02
5.924633667515407515e-02
4.616996369698598418e-02
2.304107205487813254e-02
8.570699778173554439e-03
-1.435886690868676090e-02
-3.836672876592527037e-02
-5.610159377974957562e-02
-5.168009620070967286e-02
-4.856313854815274417e-02
-4.957023972743132556e-02
-4.773276973321612798e-02
-5.099002008736409908e-02
-4.577049389407901459e-02
-2.771368445985032680e-02
-1.896707220974670066e-02
-6.463576279601533289e-03
2.729203201224372766e-02
4.708687671095604377e-02
1.979489024829075502e-02
-1.645241663288406328e-04
-1.353159546508397176e-02
-6.391790143982217787e-02
-8.465252504088074947e-02
-1.024979388815756703e-01
-1.008895832669068765e-01
-1.176618490395871519e-01
-1.089992302121244039e-01
-7.977097671961047576e-02
-4.424950237085556459e-02
-1.247502744362101110e-02
7.180617743382785917e-04
-1.288971080572649287e-02
-2.334470554475018625e-02
-5.602097102591315630e-02
-7.695555727631742116e-02
-8.801043996337815090e-02
-4.421411034840872639e-02
3.376175748493447787e-02
1.009519861893678344e-01
1.764740982322208773e-01
2.256275593169385640e-01
2.262944051452804028e-01
1.996410693219034249e-01
1.396768712905562260e-01
7.878437285062928064e-02
1.611922146660533031e-02
1.912002769414369169e-02
3.141454215841232855e-02
7.482338150960414144e-03
2.499824634123011362e-03
-5.608200746102095721e-03
-3.294610118383354408e-02
-6.429778492400053946e-02
-9.096023066306523075e-02
-1.128645674384283620e-01
-1.213841605895937537e-01
-1.146564878542049304e-01
-1.047271352503632569e-01
-6.022109765374122209e-02
-3.030768740235309164e-02
-1.011551373092042100e-02
-9.778583499209715646e-03
-8.553208740053110451e-03
-7.681936403678584803e-03
-6.835397488396246189e-03
-5.970228795532498550e-03
-2.286825695428188962e-02
-2.483449560674316076e-02
-2.425683585298418418e-02
-9.861210434497428949e-04
3.285204130435773195e-02
7.544649974264489023e-02
9.113787401897595342e-02
1.043909793614860165e-01
9.570604124058831874e-02
5.871477309477501211e-02
2.163727959697733100e-02
-1.132881785179078345e-02
-3.438123175170014478e-02
-3.185423223908063345e-02
-1.019855061241408366e-02
-1.053320336520285547e-02
1.322167613338738612e-02
1.110439507882354619e-02
1.768321179187486852e-02
9.102217808974178564e-03
-9.604083064211243331e-03
-8.652324622735617712e-03
-4.754009501642062971e-03
3.561471433581882284e-02
4.641137646271084605e-02
7.405177165085338742e-02
1.314651932896361008e-01
1.581877644722398391e-01
1.379564637129283566e-01
1.274326891104622939e-01
1.184799194683453377e-01
9.666440437093755389e-02
7.910686386597493014e-02
8.267020738723063200e-02
1.011232526042971647e-01
8.068470126308981138e-02
7.811934900542495674e-02
5.107064284120050451e-02
2.470167303601605163e-02
1.281396185678301651e-02
1.124896944078782740e-02
9.262871172127302641e-03
2.036043381418505341e-02
2.552853453341289575e-02
4.264196664859867293e-03
-2.826483435895801085e-03
-5.714786759648540597e-03
-1.770252481313285605e-03
1.650757717237327088e-02
4.948825048624175271e-02
6.990220505509221749e-02
6.527026842366574766e-02
5.678438196054495790e-02
3.222614454703222331e-02
9.088234088393513585e-03
-1.084936298914553586e-02
-3.184762755020702218e-02
-5.642909524872347787e-02
-5.445862048546741552e-02
-5.434064707731130206e-02
-5.121048004700717166e-02
-3.278230489976815404e-02
-5.340278125725946706e-02
-6.568294760431993284e-02
-8.719009205569804022e-02
-8.380894684819692464e-02
-7.944848570426482626e-02
-5.978837665857403283e-02
-4.793136589520864688e-02
-2.886941391357423017e-02
-3.211491247648503179e-03
1.174413890799440655e-02
-1.508688582087172950e-03
-8.611876597082094784e-03
-2.125630292291644935e-02
-2.674967318177470452e-02
-2.606337768343953976e-02
-9.740276303742809519e-03
-1.252827490081579419e-02
-1.399902523902141378e-02
-3.023175625509586309e-02
-4.273543438355478785e-02
-5.767123225274550097e-02
-6.676292810910035291e-02
-7.953093044123878130e-02
-7.279004832810272163e-02
-4.671746962981858375e-02
-2.115568390414546834e-02
1.263504311267599298e-03
2.437763333500348600e-02
2.682642422144383351e-02
1.741260174637083991e-02
-1.081802487917974450e-03
-1.880277488031848257e-02
-1.735192970789055725e-02
-1.761962458037450927e-02
-2.691242182553600995e-02
-2.665442901325948757e-02
-1.999462514974424329e-02
-2.447023562796926330e-02
-1.508825230822488823e-02
-9.453815004942130867e-03
1.536760787278913798e-03
-6.603367935829754579e-05
5.168191818384721033e-03
4.660860613735020447e-03
7.870967154198988194e-03
1.102860058030163135e-03
2.119034713333728132e-03
6.522198587052076973e-03
7.703891300486014580e-03
1.121375961665474832e-02
1.541707471497351552e-02
1.142342432620786080e-02
4.173507454188511365e-03
-3.727062371037756245e-03
-7.610833511735849016e-03
-1.252171576152062878e-02
-1.774497702023767817e-02
-2.002710199917100142e-02
-2.193535603827986846e-02
-2.123776424449191902e-02
-2.041381792011515151e-02
-1.447451728834249843e-02
-9.290018720876739092e-03
-8.255952191162471698e-03
-6.708223065395530274e-03
1.019413230330553444e-05
3.790531153634173721e-03
5.508492718899886918e-03
4.571492340838386077e-03
1.022291963687876068e-03
-3.632952387025658621e-05
-3.087150008426671997e-03
-5.412884153757156931e-03
-6.561234575774001383e-03
-6.254549264146560400e-03
-5.074450785957976100e-03
-1.826752178408589181e-03
1.899403756018238276e-03
5.444677759507336560e-03
8.628319994898447226e-03
1.058640527281920138e-02
1.179756856350294529e-02
1.108640299534027936e-02
9.747974182498940834e-03
8.049749249570695847e-03
7.631376371611682009e-03
7.717783921909803467e-03
8.049475952100064099e-03
8.175466086061374330e-03
8.333750871135688770e-03
8.434460989063545869e-03
8.471811643383241747e-03
8.436374071357969837e-03
8.300089732669525822e-03
8.275720708204845760e-03
8.063049726474782325e-03
7.677017049207209877e-03
7.386592937082368283e-03
7.114160908440793525e-03
6.773222313827486317e-03
6.386961888667721035e-03
5.990953853722083729e-03
5.502115777918476294e-03
4.899039359390729848e-03
4.245047622084258294e-03
3.558788563411845619e-03
2.842721860609180150e-03
2.093399410588455290e-03
1.322495570303497056e-03
5.262342797017413587e-04
-2.946324376767893091e-04
-1.136580410948296975e-03
-1.998396654838959906e-03
-2.877621947608875394e-03
-3.771108813387932541e-03
