-8.309763235049301744e-06
-6.800034120348522090e-06
-1.548430945505125419e-05
-2.551390335411280434e-05
2.938312336019392986e-05
2.257184878631993724e-05
-1.997017221145260096e-05
-1.403777177614299503e-04
1.053555188975825323e-04
2.600603434873472353e-04
-1.850038316601062779e-04
-3.584631534631465416e-04
2.491638450881143957e-04
-1.097132927649726902e-04
-2.387626420706648669e-04
2.519911562257941490e-04
-4.619441169227297386e-04
4.815798271694281046e-04
3.726822583818423912e-04
-1.067380809230104519e-03
5.381865860252407719e-04
-1.581092924292725019e-04
-3.429989309874676307e-04
2.264242837822405985e-04
2.145275638759064991e-04
-1.556314396998509852e-03
1.538194840948270328e-03
7.615042671072961124e-04
-1.870276636228931011e-03
6.559155466341238952e-04
1.828204045187448341e-03
5.505565881852789032e-05
-3.567543843959941272e-03
1.244492934473796775e-03
3.455772186137507203e-05
4.777756834732312975e-03
-2.702496701470339258e-03
-2.037521376811095384e-03
-9.495954399805182911e-04
1.844301145095406189e-03
9.153388852276776429e-04
-6.414487940245363305e-03
2.888108645793634622e-03
-4.614226809513522864e-04
2.551349060796132082e-03
1.620028644582913006e-03
-1.792928007440437212e-03
3.260845936995675556e-03
2.188104931078271517e-03
2.948039386989415728e-03
-4.641069067565169008e-03
-2.538237491383924047e-03
1.989656581443758395e-03
1.300861676382252452e-03
-8.790474919480104413e-03
-7.897691235610636989e-03
2.223092046519242748e-02
-1.083303179933932858e-03
-1.653034578496750950e-02
5.745632801762150244e-03
1.077746240914425301e-02
-8.344378878953935194e-03
-1.354083916795878993e-02
6.555605849438458747e-03
1.456085873212637112e-02
-1.477204717963675508e-02
-1.018759312585042730e-02
2.757612070898781895e-02
1.267481519291067081e-02
-2.498833992122051831e-02
-1.089393937309362636e-03
7.402189480751581547e-04
7.454140463018632708e-03
-1.089746147358630797e-02
-8.692089995170869388e-03
1.935696901239476395e-02
4.167855604886363911e-03
-2.359986186762130095e-02
-3.909792952772208827e-03
-3.065575732727605224e-03
1.430096623874062625e-02
1.261632906324509223e-02
2.997720265423291577e-03
-1.364520891146457464e-02
-1.031740179049280351e-02
7.568966442362062667e-03
3.293700530653968783e-02
-2.426630932022084269e-02
3.977455805205828976e-02
-3.757063118517305761e-02
-2.181046971887859454e-02
7.466935593714700732e-03
2.249686656879996624e-02
6.990351370798760303e-03
1.039003135494930702e-02
2.525772557609044094e-02
-4.253431640294480509e-02
3.266706932346778204e-03
-1.568118936931012231e-02
2.309094586283894773e-02
-2.799423256044323086e-02
2.052834259031229361e-02
3.479697704718651141e-02
-2.907672813374075765e-02
-4.615506322583130122e-02
-6.694508687618577585e-03
4.550526320134169744e-02
2.764449898808401390e-03
-1.768424644247212907e-02
-2.812713682122175429e-02
5.231722568546817026e-02
4.610608401585494787e-02
-3.987526811302089663e-02
-1.008353982106078434e-01
4.943777095065069425e-03
1.148024528127962185e-01
-9.179680782126439526e-04
-1.400626548657955828e-01
-1.559698915440695804e-02
1.521973917194867076e-01
3.557156399147541614e-02
-1.547729277047599217e-01
-8.018722165431409199e-02
2.263981431926465060e-01
3.673358198995926166e-02
-1.139385751177358352e-01
-1.086270824763117954e-01
6.630808198239224183e-02
1.376893644947505546e-01
-7.792537274417030146e-02
-1.225151649815158367e-01
9.268269864440405181e-02
8.493036284514175749e-02
-9.068954747887769674e-02
-2.863508975165064002e-02
1.133728377260988934e-01
8.836441082550604590e-04
-3.310100311073015805e-02
-1.198120904354334215e-02
5.196762969515945213e-02
4.974870638477021240e-02
-1.730204350619600762e-01
5.011412431088590330e-02
9.251374788639574187e-02
-2.543272994432054131e-03
-4.661142288732442185e-02
7.187974228130300861e-03
3.622796795438879003e-02
-1.779018462135355944e-02
-5.744986166124822075e-02
-4.640477464748039155e-02
9.293667510961849121e-02
6.842877170872778414e-02
-5.378054837453686426e-02
-3.241309285825333397e-02
5.656823588167392974e-02
2.207696615068811472e-02
-4.279297065787608656e-02
-2.040231743205854487e-02
9.360683727758141448e-02
1.896499775053347298e-03
-1.075659121208410590e-01
3.483095981365886412e-02
1.134482326897703619e-01
-3.759346980555527962e-02
-8.025656300776375096e-02
-5.514866428466276560e-03
1.218571100339965046e-01
3.403160810028080241e-02
-8.261072947378991782e-02
-2.878271529183216298e-02
1.143657673845239475e-01
6.262115819321747989e-02
-7.866900372709774436e-02
-8.617534282007431601e-02
2.770008213648414083e-02
5.515857019229842423e-02
-8.238495732892703316e-02
-6.633477290018834072e-02
6.175989455711649451e-02
7.681701174537963750e-02
4.917719054701247088e-03
-7.903070693785005374e-02
-1.462277065484928439e-02
6.595779808183105386e-02
-5.269241193716901750e-02
-5.935220867344762063e-02
2.982008395256720984e-02
7.904240141214215198e-02
-4.111199316492372691e-02
-3.289105290167423142e-03
1.590572327571855571e-02
-9.096663772857538008e-03
-7.826520040889385632e-03
1.367737559487039109e-02
5.934120210940799917e-02
-5.236427874673757997e-03
-9.375294941520749548e-03
-1.098823811050314916e-02
-1.095285200711574409e-03
-1.407258003491832464e-03
-9.033376029629669457e-02
2.141464615960343362e-02
7.279947828886451644e-02
6.769903651290037384e-03
-3.128615828264581095e-02
-3.601402786586850591e-02
3.381023858103376217e-02
1.830364083380225590e-02
2.867292481553686614e-02
-1.570334007943987448e-02
2.087807616267151056e-02
7.797118756698526165e-02
-5.804118931427729167e-02
-1.190533254269514861e-02
9.844491008325088888e-02
6.715572499549417318e-02
-4.413357015790291688e-02
-3.310375475174006515e-02
7.210138696465103088e-03
3.153752068890083859e-02
-3.508878857628718040e-02
-4.728722591935764774e-02
-6.643438230474698995e-03
5.222449538343429398e-02
-3.650684677074289564e-02
-9.084075015237211281e-02
-5.048256904211248508e-02
5.492963366027414640e-02
-2.276487640316493533e-02
-1.900819851438901795e-03
-3.340038165260807157e-02
1.446606469933506452e-02
1.023833338607311877e-01
-2.268879352924100049e-02
-8.641074570847187553e-02
4.592144890409016744e-02
6.950672707435896769e-02
-2.685684174899805824e-03
-5.995908309818266668e-02
-2.531812409625790530e-02
1.282519237410210400e-01
1.002629192984966222e-01
-4.325909864495438434e-02
-2.032417082737717623e-02
1.601207420075147214e-02
4.584137615070187771e-02
6.952667647168079591e-03
-4.347881717959548031e-02
-8.551742545460547587e-03
1.377842961095923462e-02
-1.185888484244791360e-02
6.417267097665368784e-03
4.306015499993808698e-02
9.960747840993671234e-03
-2.559892906131894241e-02
6.213260433190843923e-02
1.277959768256793915e-01
9.408823687226469668e-02
3.724346106909507542e-02
6.503531043325962158e-02
7.360763525347427394e-02
2.174539340899428810e-02
-1.532774108158752903e-02
1.167303900863877510e-02
5.594664017753586682e-02
1.864883419849512614e-02
-1.837587141031232427e-02
-7.324290523761108063e-02
8.055112617787432011e-03
-3.042847177985771173e-02
-3.950228317412796814e-02
-1.286634316540526957e-01
-2.125807778613970564e-02
1.210848619845660279e-01
6.264784911101357878e-02
-8.703261657671093610e-02
1.643665240858016574e-02
1.393320941776652055e-01
6.677627370022796993e-02
1.810235829392754098e-02
7.118275161349348068e-02
2.700405454302809427e-02
2.731072493358226161e-02
-7.900360327390246185e-02
-5.559264156161130427e-03
1.181571159500246909e-01
3.804721540808899544e-02
-2.747252142496481135e-03
1.618487725617364856e-02
4.251711864663287876e-02
-5.294735147673693826e-02
-1.960874416480128113e-02
2.355033232944296617e-02
-7.648598933188779231e-03
5.261055061712428121e-02
1.142617553543494313e-02
8.469908741825905862e-02
4.991201627870820584e-02
-5.861311789818653140e-02
-1.914633089308636349e-01
-1.287298837844419175e-01
1.650269179281793896e-01
2.365021689810260230e-01
2.665899876038572286e-02
-2.332194612562066283e-03
1.327628264306125461e-01
1.611512315657250005e-01
-7.213702071572933305e-02
-1.449853406325197214e-01
-4.509072848319916477e-02
-1.874376581333692809e-02
-6.043883170826000462e-02
3.657329890113215909e-02
9.289718906112633123e-02
7.588736983018247451e-02
-9.670449714448454970e-02
-1.984896242496618779e-01
-2.646624630764171648e-02
6.923734141948903464e-02
-4.054281622202440816e-02
-1.957049635476357241e-02
9.950924482588302533e-02
3.917772711700939769e-02
3.960877168121138339e-03
7.510617894746979446e-03
1.010413585401994004e-02
1.125015306003117506e-02
-1.106382568904530211e-01
-1.864388124467729335e-02
1.444377640715481803e-01
1.132107660706153512e-01
-2.370291082344232539e-02
1.073141369684345453e-01
1.090941735377435606e-01
-4.249221629549321949e-02
-8.131388106582061737e-02
-1.107243832540631412e-01
9.178126104955842621e-03
-7.977516341308046877e-02
-1.440112597150125240e-01
-1.188585092434500494e-02
3.337093909380206558e-02
1.930303684860058128e-02
-1.464781058803944214e-01
-6.386035972202921962e-02
7.158600460349540118e-02
6.479605524744819212e-02
9.567483307857722885e-02
-1.112280711409266570e-01
-7.751702921830005977e-02
-4.761989931745544760e-03
-1.252201656763051937e-02
-8.150966032367552849e-02
1.353090574391302425e-01
1.050273857071511024e-01
5.586257754468321179e-02
1.859352621419598783e-01
2.251874211482872701e-01
8.624289560686752842e-02
-5.505620914672987309e-02
-7.479675691590571829e-02
2.820734715666055326e-02
-1.770447100389494488e-01
-3.312164041830446548e-01
-2.707958708875005116e-01
-1.130021916820643790e-01
9.196066804340437273e-02
1.274671557249954790e-01
-1.661922378958751445e-01
-9.272466116980512818e-02
6.049152563359973950e-02
1.260207556281377206e-01
2.816442155690599969e-01
3.518922347314879830e-03
-4.704810831559671364e-02
1.711575740982528293e-01
2.267778696520137208e-02
4.651085040841231033e-02
-1.844590067401446210e-01
-5.787306404857196773e-02
-4.288102317019312076e-02
-1.570045085637947202e-02
8.482580048676528761e-02
-5.826242125147384349e-02
1.582537535822926278e-01
4.603467893164785163e-02
6.303899488057189242e-03
-2.097438359801826746e-01
-7.425385814465100542e-02
-9.516715531224932342e-03
-2.452179918799073446e-02
1.856600980409691543e-02
1.319210994456818942e-01
-4.275458526578788249e-02
8.576177117628525082e-02
-7.386959147761745781e-03
7.812073925587371612e-03
2.208068086605148861e-01
1.084391453953351264e-01
-9.616572583474468361e-02
-7.242167797820424358e-02
3.706254067269367652e-02
1.835000598481919543e-01
1.469183684419795785e-02
-2.164289478137524092e-01
-7.395613058737904311e-02
-3.832925861160449421e-02
-1.559850255696240695e-01
-4.545697190161782086e-02
5.215281513512620704e-02
1.627059087363226242e-01
-2.768921315449501082e-04
1.425735272873359660e-01
9.350791578327524722e-02
9.783198204829403333e-02
2.797332008876793341e-02
-7.386890356736497409e-02
-1.909872750361496507e-01
-1.926657760521930940e-01
3.207216453712582321e-02
1.898233308889588911e-01
-1.149255887479895717e-02
-1.272207462725582772e-01
3.930691666242455001e-02
2.976546387852055386e-01
2.566221680454681131e-01
1.785828773634876299e-01
1.333518151887831960e-01
5.118093553042694921e-02
1.991582730150693314e-01
3.200763855544349612e-01
2.180620467531323714e-01
9.375611380236888170e-02
2.742519319959440538e-01
2.969227022765701940e-01
1.909033499853474702e-01
1.141101399347035500e-01
9.247687589686298670e-02
3.497033043081067549e-01
3.705373542146197380e-02
1.041277366789619130e-01
2.814832445699804175e-01
2.664303924252826028e-01
1.165535971515012231e-01
2.028055731737014589e-01
-7.430462592128379840e-02
6.873585484543343581e-04
1.768493435272460168e-01
-2.070032015343150344e-01
1.150335906576284289e-01
-3.024094744503252885e-01
3.828248071443607348e-02
-4.394109286925989427e-02
-1.568187727956259769e-01
6.890453043934076371e-02
-2.021520584338484805e-01
-1.469307508265241535e-01
-1.306686900400226281e-01
-1.819990396772875330e-01
1.762178419154723230e-01
1.408661340406885121e-01
2.294510888931386439e-01
2.267916278570632216e-01
3.154096024016322247e-02
5.590591589058924171e-01
1.056630147804396708e-01
-1.313490332797221868e-02
-2.386952268659221499e-01
1.767778008609884322e-01
-2.066110926904032169e-02
-2.920165263559054702e-01
4.000555831484000624e-01
1.571586004603495179e-01
2.952194364914375591e-01
1.496039700676490836e-01
-2.266444150630331777e-01
2.399967530636082924e-01
1.170984220714628571e-01
8.089769536307214737e-02
-5.161982227150716529e-01
2.778868497700315854e-01
-1.929147995635897284e-01
3.428998719111109872e-01
3.554501065572980567e-02
-7.128607573341550797e-04
2.977702077076216369e-01
-7.391279224147299931e-02
-5.555535682592705610e-02
1.820898438306144673e-01
9.886439775521126128e-02
1.110683383803015428e-01
-5.460356420060012983e-01
-2.569578682486767934e-02
4.940832839184468583e-01
3.298295771140513644e-01
4.509375528831005564e-02
-6.538380576716439074e-02
2.768783733399005423e-02
-6.297653262964700294e-02
-1.923369549515092092e-01
3.521715262939935087e-01
-2.452936620076798246e-01
8.547463743690142824e-04
4.331743343436441629e-01
5.889653692220697678e-01
4.944905267879130539e-01
7.166483911842924659e-01
-2.288938815886323863e-01
-1.821531315738423584e-01
1.379191265190778115e-01
6.122566345504300012e-01
-5.520190853820446941e-01
-3.982284935178216356e-01
-4.920690826991946931e-01
-8.611975967167419255e-02
-1.671195409162138934e-01
-4.696569666734998899e-02
-1.280455506652779796e-01
-1.979943288678785718e-01
-7.608796445980470224e-02
-3.892608954665338628e-01
-2.939660640114247769e-01
-8.647774816706311762e-01
-7.083425627958872539e-01
-1.367491287616652285e-01
2.696099136122304674e-01
-3.272595444107979229e-02
-3.987568085917237992e-01
-5.307874233496000516e-01
-5.920059325380172544e-01
-2.658924466078457227e-01
-1.419145092654631735e-01
-4.183512442232736328e-01
-7.400442188710291136e-01
-7.830165965227512404e-01
-4.611929189270250196e-01
-2.327186625924035357e-02
1.148320329536527303e-02
1.506550969334336798e-01
9.327595244614005077e-02
-9.824527852798212169e-02
-1.286580659540833560e-01
-1.571063192811612830e-01
-3.601086347870711135e-01
-1.816715943971085601e-01
-6.172095883682631179e-01
-1.046011565147164646e-01
-6.638072530505380320e-02
-2.044895774717647163e-01
1.408565032971538233e-01
-1.964245176717264729e-01
1.242621818587059598e-02
1.013291801898356936e-01
1.288327951582124709e-01
-3.739452616053898781e-01
-9.893566525736785522e-02
-2.534165062689260894e-01
2.300743355818826164e-01
-2.427442666120007142e-01
-2.981623165515333573e-01
-5.071301897669221459e-01
-6.847953948536057711e-02
2.458453660301662125e-01
2.391753882221509531e-01
2.270489062914895773e-01
-1.449949713760543824e-01
7.819861069645410098e-03
2.142537755954207201e-01
4.531374898705214926e-01
3.394451866231723569e-01
-4.736853691120041510e-01
-5.893464715019419708e-01
-6.692142276350057095e-01
-8.306007245070778575e-03
-2.333556674861970714e-01
-2.034797252211287266e-01
-5.529711531714726069e-01
6.437271527807394977e-02
4.760421496369897087e-01
7.597404652199454267e-01
1.700500385917651514e-01
-5.174268304259952572e-02
-5.909300409031434942e-01
-3.609244963465086387e-01
-1.054245850869312134e-01
7.166167473126786210e-03
-3.587933503843354077e-01
-8.399342908126833374e-02
-1.214992591206580652e-01
-1.741169640044080980e-02
1.460928761390073993e-01
1.866259240354466165e-01
-5.410978222137226290e-02
-1.838082436413015497e-01
-3.048240394365189232e-01
5.569362678667489838e-03
-2.169682694516942081e-02
-3.230013799479664605e-01
7.001908263040371172e-02
3.151055460700374899e-01
1.810786157594735657e-01
-1.953334920112982306e-02
-2.606134233303386005e-01
-2.479503714027452843e-01
-1.450596349397872131e-01
-2.427112469198818290e-01
-2.220189065253790339e-01
1.426890962097520643e-01
1.543766913993332712e-01
-2.783271123316167772e-01
-4.325731007829794299e-03
1.140105305301449034e-03
2.649211173313484879e-01
3.629524557708102561e-02
-1.304288845260092033e-01
-3.045144798229043950e-02
-1.490123672505190289e-01
1.026931686384467413e-01
-5.456407815210796014e-02
-7.944125177652822112e-02
1.108179390483999827e-01
1.689934084439607409e-01
-1.753662090229060055e-01
-1.327126089821817345e-01
-4.023958538273262470e-02
2.814763654674556359e-01
7.744424831358800998e-03
2.131998970886261890e-01
8.927011346391702795e-02
-8.885695456627945576e-02
7.026961954435576030e-02
1.442850479954983223e-01
1.325660840984041744e-01
1.875876225684092180e-01
-1.301235899559599618e-01
1.901934266047914102e-01
2.115241477135926529e-01
-3.957162452757763405e-02
-2.348222921444776401e-01
-1.129369777901295668e-01
1.054785172507253788e-01
3.797292110082150507e-01
1.155694727443078856e-01
-3.897039096691288784e-01
2.937982139098204715e-01
3.465169040186340532e-01
-2.800964175009871271e-01
2.400394034992618386e-01
2.261078450661012651e-01
-1.065134094345515231e-01
1.741004541583486553e-01
-1.228928277101256072e-01
2.089376051642798382e-01
3.806111119518902353e-01
5.519571734593217878e-03
3.139966347430448584e-02
-1.614002550771216071e-01
-1.623592019690743016e-01
4.097578693493331703e-01
1.523212155649325272e-01
-2.314075056511826975e-02
3.127377589810123037e-01
5.704110538922649853e-01
5.073970989448832736e-01
3.815549248182884684e-02
2.175915161404382535e-03
2.052187623393901261e-01
6.424724044802218592e-02
-1.441914922011614669e-02
-3.931338301879783725e-01
1.449027914022225048e-02
-1.839403224097771183e-01
7.432017269298978046e-02
6.255965901664604922e-02
-2.609560026360721041e-01
-3.851471921567224399e-01
-8.131952192989093386e-02
4.029461820293076327e-03
3.837232179340954175e-01
5.551353188257647231e-01
-3.263308655699542760e-01
-5.597154252867553303e-02
-1.467092437252266179e-01
4.083655389983200518e-02
-7.832339761625338459e-02
-9.485470647557435464e-02
-1.946276960922570243e-01
-2.036269380151587566e-02
3.213008658038437049e-01
1.718743765813336710e-01
-5.692305998990148108e-01
-1.847850761998186542e-01
-1.065530330650941819e-02
2.087711308831804169e-01
4.551186713976547449e-02
-3.030657408311881670e-02
-2.099873562095594670e-01
3.050180301277173878e-01
1.598373229834942622e-01
-2.527877562981623027e-01
-8.856101557566392612e-02
2.188393853384311971e-01
3.272994432054416314e-01
-3.633748326658310379e-01
-7.129089110518284367e-02
7.049910640458202371e-01
-1.535732122244403419e-01
-2.903792999550106405e-02
4.359466126611257625e-02
1.571943717934783102e-02
-4.177252458935197255e-01
1.190058596195305851e-01
5.054626953149183866e-01
-2.054595309277570114e-01
-6.138938609513248101e-01
-3.812508684866937614e-01
-2.552945012581878462e-02
-1.457227804231748525e-01
1.883030492309850992e-02
1.623619536100842087e-01
2.720231027779191901e-01
-9.601232184844235573e-02
2.444640422431927640e-01
1.946111862461975539e-01
1.534315027124301123e-01
-6.080094766516380700e-02
-2.514545862288622424e-01
5.935578580676050681e-02
-1.484757972535870885e-01
2.170549461435062888e-01
-5.218473417084112942e-01
-2.195204164883832465e-01
4.484665792562038678e-01
4.632538980434455778e-01
4.184489274791253210e-02
7.702352240317318632e-02
-2.532844275004505485e-01
2.821161220022591065e-01
1.199163776297089007e-01
-3.439688844434599657e-01
-6.356263216475724898e-01
8.373986536220537347e-02
-1.550081930111069928e-01
-6.511221879948653202e-01
-1.040317044077161412e-01
5.842463048900787825e-01
-1.509976762391671279e-01
-5.773121695451124274e-02
2.372932657713743565e-01
2.388837142751008003e-01
-5.195662313111981678e-02
2.644354526930998150e-01
-4.632910451970793653e-01
-2.939192861142563701e-03
-3.056908063546397158e-02
-8.436503819965630868e-02
-5.368630466994752659e-01
-5.206462504075867054e-02
4.207658092094672675e-01
4.088608343801033995e-01
6.472850246065496582e-03
-4.517231463914291867e-01
8.577195224802190709e-02
4.638413733990608828e-02
1.352461824420538861e-01
3.276681631007691831e-01
3.861818091764475658e-01
3.774412215084770733e-02
1.863617664984955069e-01
3.245945800927027558e-02
-9.326604653850438520e-02
-1.264216697232812270e-01
-2.207160045071879795e-01
-3.263143557238948333e-01
1.732488212657823656e-01
-1.229617563174238010e-01
-7.101613975034359871e-02
-1.584202278633920283e-02
-2.538306282409171222e-01
3.005768815377270285e-03
-1.742008890552103062e-01
-2.848705146531762544e-01
4.538611714561271437e-01
2.146362536957978073e-01
4.995356605795781002e-03
-2.959940234357264499e-01
2.867787776935469268e-01
2.804857747038890237e-01
-5.068701596914859664e-01
-2.914414333848348582e-01
1.831437223374089707e-01
4.936333906133270055e-01
2.397628635777661887e-01
-2.212236822735158259e-01
-3.338951267061893713e-01
5.015787540294341929e-01
-2.926163840960652740e-01
2.895180363189096551e-01
1.505202665239482041e-01
-2.846393768083440579e-01
-8.259160556877107040e-02
3.587273110000976373e-01
-4.998053213985489962e-02
1.084288267415479817e-01
-1.351716129706853897e-01
-2.262922050137650964e-01
2.582690251898975831e-01
2.413835801326015551e-01
-1.383690198241976366e-01
3.338951267061893713e-01
-1.248601134501588356e-01
3.282776515844636200e-02
2.852750058816326262e-01
2.233947270303326960e-02
6.401018657501866826e-02
7.891293670262601589e-02
1.255679730999574584e-01
1.148295564767438069e-02
6.146079117933957170e-02
1.797206809210842859e-01
-7.482358541575231427e-03
-3.688726114036258164e-01
6.620434511631874408e-02
4.349560218975591086e-01
1.316932635700615861e-01
-4.564353316208953903e-01
6.326462944338429040e-01
4.961332564708278124e-03
-2.203376538683257321e-02
-2.998036704139430686e-01
2.068793776888691871e-01
-4.460258736804161295e-01
1.027418726843221108e-02
-2.623139374744613006e-01
-2.652664482780918154e-01
2.142372657493612498e-01
1.294720013648139323e-01
2.159020085603551853e-01
-2.555352698465547245e-01
-2.033256333245739289e-01
1.725980581669392944e-01
-7.409096099686449631e-03
4.760063783038608748e-02
2.376496032821573678e-01
-3.898181027710400509e-02
-2.666725368341544278e-01
3.100053794581743571e-01
-1.070535565647963254e-02
-2.236781460543531552e-01
-8.778216358780967232e-02
-1.190764392114347092e-01
2.633733192632756182e-01
-1.910010332411992140e-01
-2.191434416700259458e-01
1.338976031830983182e-01
1.598730943166230545e-01
-4.325620942189397633e-01
-3.562728472192603357e-01
4.684916467058041212e-01
1.405964732217175883e-01
3.162130815765251679e-01
-4.708374206667501061e-01
3.415295546881771394e-01
2.016870311031741525e-01
9.474615423773351947e-03
1.448615167870738740e-01
-1.299909608592824395e-01
2.969006891484908817e-01
2.399816190380537895e-01
-3.040921029278835855e-02
-1.055877573988187185e-01
1.398782949181317792e-01
-2.810154655982961547e-01
-1.723504104760476274e-01
-3.048914546412616333e-02
1.733616385471885846e-01
9.257579739116915396e-02
1.200208024060348856e-02
-3.384614749621304899e-03
-3.231554718445212582e-01
1.222838895546331283e-03
-7.789923215457618400e-02
-6.544117748222096076e-02
-4.084604706131619301e-01
-2.384159353034165651e-01
-1.497250422720850238e-01
-4.094400548126889139e-02
3.085593921074680779e-01
1.936825074053538653e-01
-2.862600933631794242e-01
-6.530373301377609407e-02
2.238102248228287239e-01
-4.260352017434397565e-02
1.672062176080259810e-01
-3.497184383336612162e-02
8.084747791464133582e-02
-5.157414503074270878e-02
3.342927388321209614e-02
2.656943284551324114e-01
-6.354282034948592617e-02
9.044327560849099723e-02
-3.301350092661510804e-01
1.332795846122731276e-01
-9.950332879771171812e-02
7.442074517190187810e-02
-3.272801817183722539e-01
3.187542220491745293e-01
-1.762563648896110224e-01
2.974358833249178720e-03
-2.829072187926074192e-02
-1.661537149217364451e-01
-1.252542860248280487e-01
1.858994908088310860e-01
-8.289511157216383763e-02
2.389071032236850245e-02
1.752671499465493776e-01
1.158183586736539900e-01
3.004269171026870966e-01
1.125712846999128991e-01
-1.335733222900807315e-01
-4.231652401701063715e-01
-4.051612530422830649e-01
-1.561459965687036489e-01
2.941669338051480231e-01
3.039077429802198096e-02
3.178131608237862449e-01
6.819708353569359227e-02
1.844961538937783807e-01
1.783599944416851546e-01
1.292046794407014365e-01
-2.336844885868809840e-01
4.261012411276774575e-02
-1.601083596229701395e-02
-3.081136262638630580e-02
-2.167880369655452999e-01
2.238157281048484826e-02
1.177648695240623988e-01
1.438695502030022944e-01
1.520529305664665709e-01
3.875906493735201130e-01
1.000897034969229632e-01
-1.723600412195823162e-01
-7.929004910303380504e-02
-3.221236064658060116e-01
-1.162465140147955628e-01
7.425289507029754488e-02
-3.116357267565444261e-02
-5.161087943822496860e-02
2.749934992481140594e-01
2.221867566269833949e-01
-1.983025126609881950e-01
-1.339692834314064052e-01
3.398593085951634452e-02
-5.598117327221020789e-02
-1.461878077538491805e-01
-5.989524502675282885e-02
-8.049774434228212927e-02
7.554933073211536620e-02
2.464287139242665459e-01
-7.254109919803422568e-02
-1.329284752194089675e-02
6.735865851997484451e-03
-1.408840197072528944e-01
-1.515727692102377400e-01
9.584708580579742732e-02
-2.326938978233143718e-01
1.927882240771339739e-01
4.603509167779933908e-01
7.674712006372799711e-02
-7.201113313952607620e-02
3.998574649956868066e-02
-1.351772538347556785e-01
-2.598250781810001325e-02
-1.403240607617367575e-01
1.898274583504737656e-01
-4.664595598199876292e-02
-3.552189687124658601e-02
-9.551647613845706819e-02
-5.632485323434762575e-02
-3.302547056500820116e-02
-1.853230220172555065e-01
-1.093423715568372055e-02
3.074890037546141319e-01
1.477947661036350391e-01
1.672543713256993414e-01
-3.338538520910407925e-01
-2.029968122238900163e-01
3.676632651797716034e-01
1.437842493316951742e-01
-1.566275337454374195e-01
-2.287397896920775886e-01
-1.985061340957213205e-01
-1.458300944225612572e-01
-2.935024125012554164e-01
7.019793929604767162e-03
1.794977979992818107e-01
2.074035653012565039e-01
1.254169080085135723e-01
6.002044469270360200e-03
-7.733156861423230721e-02
7.738742692673342138e-02
-1.754308725866388641e-01
-2.207600307633464654e-01
2.938821389606226242e-02
-5.208732607909041107e-02
1.328675263710395182e-01
8.971973160493588312e-03
5.437256393781841196e-02
-6.544723109244274251e-02
1.327812624253789375e-01
-4.547595822458617987e-02
-1.379700318777610790e-01
-1.806576146849577305e-02
1.498873890916695428e-01
-7.208171273143020030e-02
4.673098168920489931e-02
-1.683054981914839385e-03
5.131480286555894360e-02
7.684617914008466666e-02
-7.270757347913361923e-02
-1.774492012674058483e-01
1.581849625570449225e-01
3.728473568424368889e-02
-1.850244689676805790e-02
2.621419599113420928e-01
-3.374708841985638724e-02
4.105792341907905235e-02
8.968588642051402273e-05
-1.548912482681859271e-01
-7.578803558972481424e-02
-7.735825953202840610e-02
2.408428826741547679e-01
-1.409211668608866541e-01
-1.433013363344564362e-01
4.696322019044106566e-02
-9.977794257050047813e-03
1.384268042854056857e-01
-2.628009779332149062e-02
-2.520338066614477013e-01
1.387913967192184149e-03
-2.845705857830963664e-02
2.193759553353631098e-01
-6.279203509993271093e-02
-6.742744954522253420e-02
-4.527316228215601951e-02
2.186041200320841260e-01
-2.626468860366600877e-01
-2.287301589485429276e-01
3.482339280088161959e-02
2.888920379891557477e-01
2.803591992174332970e-01
9.857079765945415961e-02
-1.727012447048108246e-01
-3.395497489815488268e-01
2.191393142085110990e-01
2.954959764129332367e-01
2.184170084434104153e-01
-2.109972084601954290e-01
-1.791882383856672201e-01
2.244664912036915816e-02
5.097827717004728421e-02
8.789566877946834722e-02
-1.505051324983937289e-01
-7.559844752414220104e-02
5.584469187811880175e-02
1.407010355800940582e-01
1.541221646059168573e-02
-1.324730786322693143e-01
1.186610790009892114e-01
7.137784296109592197e-02
-2.097438359801826746e-01
-6.601874693020048923e-02
9.566726606579999126e-02
4.156298712644752869e-02
6.653096490419473097e-03
8.673929164505480779e-03
-8.794285942278826096e-02
6.948691525908763655e-02
1.086914708759436320e-02
-1.414687434218581952e-01
-5.515857019229842423e-02
3.733275181986656782e-02
1.385024744131781449e-01
4.598982718318636587e-02
7.052786105313555744e-03
-4.118614989014073025e-02
3.947284061532196214e-02
-1.308215436981229572e-02
-2.190512616961940578e-02
-4.555671888822696025e-02
-1.750607768708062895e-01
8.943218511940057014e-02
6.864312454339956127e-02
1.631695602464919848e-01
-5.767494589585863557e-02
-2.488198899618760118e-01
-1.419392740345523478e-02
2.157630506893548350e-01
1.245504162544937565e-01
-1.855404016570381953e-01
-1.253525196088817358e-02
1.342609573784565580e-01
-1.792047482317266766e-02
-2.185036851352224752e-02
8.192749701102995359e-04
-9.872956734572579940e-02
-2.645867929486447195e-02
-1.046700851220146306e-01
1.064717220732514374e-01
-9.242431955357376105e-02
-8.235661542652497613e-02
-1.520460514639417927e-02
1.397696050982404625e-01
7.220154669741166154e-02
-5.476109564841731558e-02
-9.945393684158388651e-04
7.062086651927042269e-02
-1.055624423015275593e-01
-2.099405783123910185e-02
6.251700858099248914e-02
-1.072259468740670157e-01
3.241364318645532233e-02
2.543245478021955233e-02
-1.978195996637494569e-01
-1.145135305067559589e-01
7.117353361611029883e-02
1.124191189520650225e-01
4.054075249126697783e-02
2.148123587204318549e-02
2.053123181337269607e-02
-7.784777646769092119e-02
2.014600207198567750e-02
9.259409580388502925e-02
-4.011851317829670527e-02
8.519300697953741119e-02
-3.909958051232803600e-02
-6.324247873325453129e-02
-5.801092126316831875e-03
2.212099240684663182e-01
-8.651049269508101491e-02
-1.759619393015509625e-01
1.512728403401578381e-01
-6.170224767795894072e-02
-1.140153459019122295e-01
6.304215926773329426e-02
7.328885764247652923e-02
6.735852093792434048e-02
-6.752788444208414342e-02
-2.445823628066187694e-02
4.735546661640334734e-03
3.875590055019061814e-02
1.903158746297322831e-02
-1.094414306331938647e-01
6.377258237381318307e-02
9.018283278690329696e-02
-7.028516631606173022e-03
-8.019024845942498980e-02
-3.034028168549018304e-03
-6.442444612906021370e-03
-3.797347142902347903e-03
6.465957385335678598e-02
-4.574286740254718958e-02
-1.256023686125813110e-01
8.300517721256013559e-03
1.014591952275538216e-02
1.113502440017665601e-02
-1.281955151003179305e-01
1.376673513666712978e-01
1.064301722940018263e-01
-8.586633353466173457e-02
8.775863705717496660e-03
7.728988125293220768e-02
1.327847019766413006e-01
-8.640785648541148001e-02
-2.716557587030965157e-02
7.389586964926206369e-02
-2.566840799681910368e-02
-2.120304496594156013e-02
9.604410330210678970e-04
4.996883766556279444e-02
-5.017920062077020973e-03
1.391504858710113091e-02
-7.784268593182258958e-03
9.007799526442582597e-03
-1.193112917716303116e-02
4.339159015958141824e-02
4.018111301127209184e-02
-3.781057428123696385e-02
1.095908447400318307e-02
-7.121618405176387279e-02
-8.238757138788643797e-02
4.523367623366384566e-02
-1.198386437711790320e-02
-1.657588544368147204e-02
1.121079083538445084e-02
1.555365080850091945e-02
-3.455868493572854250e-02
4.861337930408246577e-02
-8.928455957921904718e-02
-2.664579088353816877e-02
2.430992283022787373e-02
-1.688695845985149161e-03
-8.404928739376944791e-02
7.862690361964616570e-03
9.183615628770608330e-02
-1.425019846210783848e-02
-4.130061815615287263e-02
-8.242623194407563969e-02
2.113466668684536517e-02
1.188944181586293336e-01
-6.705872964989494089e-02
-1.230041315889763703e-01
4.073144121325355388e-02
2.267806212930235932e-02
4.010104025788378823e-02
-3.986948966690009172e-02
-2.071848098409688824e-02
3.472529679887843140e-02
-3.716834126952461154e-03
5.525487762764517974e-02
-8.746201015630696018e-02
-2.832401673548062132e-02
-1.937733115586807997e-02
-5.215446611973215130e-02
-5.854790400625172614e-02
5.502800482637832530e-02
-4.284827864217521931e-02
4.944010984550911009e-02
4.965638882888781698e-03
-8.145077520606350263e-02
3.840699247013437678e-02
8.808910914246483037e-02
1.050126644277480925e-01
-6.896080149799335701e-02
-8.451679120135270618e-02
-5.731200444665186799e-02
7.425151924979259133e-02
7.211996054146790902e-02
4.380447389311800666e-02
-1.865475022666642640e-02
-2.799794727580660631e-03
1.135296812636636156e-02
1.615282063840822735e-02
-5.209269177905973686e-02
-8.948859376010366920e-03
6.213741970367577666e-02
5.055768884168294897e-02
2.720134720343844736e-02
8.339219552060359378e-03
2.338234464578812719e-03
-4.727814550402496124e-02
-7.655684408789291753e-03
-2.945824315976440164e-02
3.230509094861448022e-02
-2.431432545584372856e-02
7.195224802191406421e-02
-1.683206322170384406e-02
3.451892372313537793e-02
-4.194312633196622259e-02
1.055336876529740231e-02
1.039919431951229767e-01
6.098915991024146666e-02
-1.791731043601127449e-02
-7.740778907020673394e-02
-1.288933312604304340e-02
6.488906071358306604e-02
-5.422397532328341457e-02
-3.300909830099925391e-02
8.162385342558668710e-02
1.593475308837307911e-02
4.125095103592404944e-02
-2.724083325193061775e-02
1.017782480026525743e-01
-1.252183771096487472e-02
-6.594527811523596961e-02
5.706050445834633805e-02
-3.932081244952458088e-02
-5.929043433277519926e-02
6.037031584711331778e-02
-1.267233871600175442e-02
3.623938726457991144e-02
-1.141079386218956347e-02
2.214094180416845831e-02
5.173690459647872775e-02
-4.500102498627618630e-02
8.380851880540256260e-02
-6.457647429485759150e-02
3.583352021561858614e-02
-3.574904483661443810e-02
1.957173459321803061e-02
-3.646006887357447490e-02
1.702646665905379122e-02
6.538366818511388845e-02
2.259331158619721711e-02
-2.194227332325315513e-02
-1.017940699384595367e-02
-3.039462659543585091e-02
8.759298826837855212e-02
-4.571204902323623524e-03
-3.554996360954763845e-02
2.030876163772169646e-02
9.082203899350474452e-02
-2.936014715776120998e-02
-8.633081053713408115e-02
6.385210479899949831e-02
2.522897092753690826e-02
-8.114107801039845136e-02
-1.236930049158066480e-01
9.768022904659764971e-03
6.947425771044206388e-02
5.513903354112808380e-02
-5.911199041328271675e-02
-3.795297170349967199e-03
5.887218489926929199e-02
-1.213308586908517506e-01
1.290185309263812072e-02
2.225513490607960998e-02
3.863964371752203353e-03
1.797963510488567382e-02
-1.424442001598703357e-02
-2.049105785462805324e-03
2.504970151574145015e-02
-8.597227171354315106e-03
-2.240551208727104351e-02
-3.990471067182690609e-03
3.227358465905104390e-02
1.341740055225434936e-02
2.582029858056598612e-02
1.277811179642258975e-03
-1.058776427792124455e-02
4.321287107598794225e-06
-5.718584170634762043e-02
-2.949470240314567421e-02
1.692589418014167971e-02
3.914580808129447878e-03
-5.508028600556657238e-03
2.399871223200736141e-03
2.583034207025214357e-02
-5.385291653309742105e-02
-7.599317042701340952e-02
1.225466712710792799e-01
6.984627957498151796e-02
-1.114739302651618774e-01
-3.397354847497176256e-02
3.589240533323060506e-02
6.222203266473042005e-02
-6.772104964097962199e-02
-5.413041952894657310e-02
6.839850365761880602e-02
1.430880841561886323e-02
-3.392718332395482095e-02
-2.164729740699109298e-02
2.354359080896869724e-02
3.564682137309637538e-02
-2.964810638944800555e-02
-8.744522514614652339e-03
7.160856805977664115e-03
-4.022225004437020995e-02
-1.007462450418868463e-02
2.282555008743339300e-03
-4.635730884005949404e-02
-1.527669814085374882e-02
6.201813606589628991e-02
5.767494589585863557e-02
-2.045528652149925797e-01
4.853289380454267610e-02
1.100027653992149551e-01
3.678600075119799195e-02
-1.298123793577394547e-01
-9.461902842307579053e-02
1.308207182058200024e-01
5.481048760454516194e-02
4.829446411103421530e-03
-1.055321742504185950e-01
9.304426427310585890e-02
-2.731870469251099307e-03
3.203240332453266559e-02
3.995203889719731172e-02
1.345102560539541796e-02
-5.873226395391551585e-02
-1.710406293553317497e-02
3.006841955371134315e-02
7.862869218630259491e-03
-7.989169540985004148e-02
-8.380906913360455443e-03
8.894087961708163625e-02
-6.672027780567635347e-03
-8.254716656646106376e-02
-7.030662911593900388e-02
1.470476955694452192e-01
4.495245852245131901e-02
-5.405750104218402796e-02
-6.459202106656355968e-02
-4.705168544890959287e-02
3.823817929417656220e-02
-1.739986434409821273e-02
2.276253750830651429e-02
-4.480166859510840288e-02
-2.160065709187316413e-02
5.111874844360305564e-02
1.538910267610846261e-02
-8.301343213558985690e-02
-1.280601343626305150e-02
1.079785206902766498e-01
-7.723498601478456099e-03
-3.715719712343448777e-02
-1.622463846876680965e-02
-2.145880999781244088e-03
4.445564973811257092e-02
-5.520122062795199125e-02
-2.066193476134329382e-02
6.764524193115668826e-02
2.078176872732475852e-02
-4.932412817694151880e-02
2.795681024270849427e-02
7.067177187795371796e-02
-3.838291561129768964e-02
-2.703047029672320245e-03
3.470796146051600972e-02
-7.155945126774980632e-03
4.448522987896906533e-02
-9.011197803089817174e-03
1.264546894154000914e-02
2.017062925902434953e-02
-2.015755896422729079e-02
-4.395595173071340650e-02
2.186577770317773423e-02
-7.071992559562708704e-03
1.490811582757667082e-03
1.964809263124295876e-03
-5.148265296716328550e-03
-1.041347533635371761e-02
-1.724150740397804513e-02
-4.645320352925475654e-02
-2.041937760631996890e-02
4.836807050804923375e-02
8.036318909689765810e-02
-6.205597112978251256e-02
6.065799991469911570e-04
3.253485297294173711e-02
1.377540280584833680e-02
-6.382720244785983210e-02
5.104184007737613826e-02
1.530187565609440270e-03
-1.829937579023689989e-02
1.097874494901897140e-02
1.064495713631216645e-02
-2.129233571671305253e-03
-1.112789764996099549e-03
-4.722325026587731456e-03
7.856168972771135350e-02
-3.343518991138339988e-03
-6.308921232900270570e-02
-2.379096333575936306e-02
6.114256389654380147e-02
8.089742019897115666e-03
-3.941106627464954076e-02
-1.638629737809886230e-02
2.131971454476162819e-02
1.445739703015385715e-02
1.928460085383420369e-02
-2.252782253016142114e-02
-1.509054962653352122e-03
5.080299763771619487e-02
1.818752158318416925e-02
-4.955622909612719673e-02
-2.640323372851484038e-02
3.144479038686696232e-02
1.493329334281732123e-03
1.823939001622092160e-02
4.920140498789965511e-02
-5.453683690610987636e-03
2.049917519560727833e-02
-5.086408406813613253e-02
-2.001213473685369004e-02
1.916572996220620995e-02
5.635071865984076292e-03
-5.145376073655926310e-04
4.960919818556790845e-02
-3.944312289241496544e-02
-2.702207779164298926e-02
-1.779073494955554086e-02
1.848057135073929644e-02
-2.692411937169028949e-02
-1.171413476712174218e-02
1.440112597150125344e-02
-2.304017808620616170e-02
-2.081148645023175522e-02
1.799243023558174184e-02
1.022280037257219075e-02
2.101084284139953864e-02
5.457893701356146023e-03
-6.846289205725063221e-02
-3.701865199858565131e-02
2.215937779893483936e-02
-5.698621015107884630e-02
2.673246757535024942e-02
-1.687897870092276015e-02
4.042958619446672397e-02
1.421607811358498695e-03
-3.889774764425133619e-02
-9.179047904694160806e-03
2.658594269157268236e-02
3.223822607207373070e-02
-3.124240719058828455e-02
-2.019195447685112957e-02
1.042514229423572442e-02
7.044503665873735887e-02
-2.324600083374722334e-02
8.394500019949395486e-03
-4.043261299957762005e-03
-3.185588555374711112e-02
-1.459621731910367912e-02
4.154455113168115110e-02
2.188545193639856654e-02
-4.717798577126433579e-02
2.763844537786222175e-02
5.160840296131605220e-02
2.523144740444582552e-03
-1.242020585026395096e-03
-2.113521701504734659e-02
-9.686092793589775804e-03
9.111729007386780042e-04
-6.596564025870928737e-03
-3.227950068722233723e-02
2.892497513204436710e-02
8.513921239779372041e-02
-1.680936218337210700e-02
-7.625086160759121656e-02
-5.859729596237955862e-02
6.685304448440437808e-02
6.007932981031562092e-02
-1.181719748114781927e-02
-3.922849489364219240e-03
8.403773050152784502e-03
6.324330422555751209e-03
-8.759271310427755447e-03
-1.412541154230854447e-02
3.427499074760709946e-02
3.409572133581164483e-02
-1.824007792647339837e-02
-1.124742893543136633e-02
-1.714891468399466420e-02
-1.596392048307809439e-02
1.664687778173708221e-02
2.676865165463053128e-02
-1.947611506812375187e-02
-5.423718320013097734e-03
4.865946929099841667e-02
-1.241167576313323764e-02
-1.816289439614550069e-02
4.736234571892811857e-02
1.942548487354145773e-02
-6.731298127921038488e-02
1.092219872626537525e-02
4.638111053479518353e-02
-4.930445394372067608e-02
-3.498312556150674074e-02
8.158615594375095287e-03
3.828619542979944113e-02
-3.170922308791905564e-02
2.077736610170890369e-02
4.825828003175394038e-02
1.311747168217445659e-03
-3.372191090461573726e-02
-3.323514560996313622e-02
-8.485799468658119724e-03
3.148001139179378016e-02
-2.247939364838705614e-02
-1.530751652016471183e-02
-2.485089545277564815e-02
2.801817183722942611e-02
8.955862302380580842e-03
4.407853733770477310e-03
2.310607988839344026e-02
6.318070439258212552e-03
1.287349743203102491e-02
-2.969763592762633686e-02
9.747647002981403228e-03
1.693181020831297998e-02
-1.923617197205983523e-02
1.292323334328509925e-03
9.733407260755132240e-03
-4.002371914550539693e-03
-5.920926092298293541e-04
-2.007445940572808937e-02
-1.554800994443060642e-02
1.039861647490021752e-02
1.418759862913244888e-03
3.124171928033580778e-02
3.410645273575027992e-03
-2.580186258579960507e-02
2.204036932525635026e-02
-2.359807330096486133e-02
1.949014843727427809e-02
1.552214451893747967e-02
-2.696443091248543200e-02
-2.634049631348895498e-02
4.099821280916406477e-03
6.770866725643504870e-03
-3.544237444606026383e-02
9.926627492470821434e-03
-4.139197263768179882e-03
1.240632382136896798e-02
1.262589101575451941e-02
-1.754941603298667066e-02
3.208784889088229803e-03
-6.535450079040887490e-03
1.341078285562552139e-02
3.367994837921465309e-03
-2.480329206330424835e-02
4.392238171039252771e-03
5.722615324714275774e-03
-2.209705313006043656e-02
-7.133051473572551461e-03
-4.453407150689491639e-03
-4.152432657025833217e-03
1.297448265709462423e-02
1.499451735528775816e-02
2.124872220670602149e-02
-7.284749442448740231e-02
1.896293401977604265e-03
2.050316507507164362e-02
1.283134229175924776e-02
-6.958501126109082995e-03
-5.073076706120611956e-02
1.417989403430470682e-02
5.730471259797561417e-02
-2.527285960164493001e-02
-2.893488103968003960e-02
1.876853058242609201e-02
3.179796351048856662e-02
-2.662818038107476332e-02
-8.049306655256528720e-03
-2.504529889012559879e-03
-4.234706723222060772e-03
4.861489270663791468e-02
3.672876661819192163e-03
3.310389233379056051e-03
-8.396439926861382031e-04
-6.931672626262487015e-03
-1.585468033498477463e-03
3.101237000216003348e-02
8.518145008729580830e-03
-1.137084003472570853e-02
-1.486642846627657388e-02
-2.524121573003099660e-03
-4.597854545504574848e-03
7.322763363000609101e-03
3.783932892979050347e-03
-5.160551373825564671e-04
-7.138706095847911076e-03
-4.183044663261051982e-02
-3.921170988348175734e-03
4.386363417483101629e-02
-2.321325630572932536e-02
-2.421925625895143125e-02
8.353968347873462486e-03
-8.074745576393119791e-04
-5.796703258906029700e-03
5.472326058453109293e-02
-1.017741205411377102e-02
1.461080101645618806e-03
-8.764760834242520463e-03
-1.289855112342623176e-03
2.942990125736235588e-03
-6.061727562775249406e-02
4.357966482260857560e-02
1.079336689418151571e-02
-2.941036460619201459e-02
1.165409396028556366e-02
3.116921353972475217e-02
1.758436187381249433e-02
-1.993770284753569599e-02
7.069295951372999223e-03
-1.274107470842923868e-02
-2.108651296917198742e-02
5.491752643983055168e-03
4.391784150272617926e-02
-2.883293274026297107e-02
-2.132810704984184919e-03
1.195923719007923117e-02
-3.043837768749337383e-02
2.253979216855452050e-02
-1.331592003180896884e-04
4.070901533902281100e-02
-1.483863689207651042e-02
-1.230320607452269240e-02
2.535664707039660820e-02
1.718220954021454361e-02
-8.337953797195801070e-03
-3.257406385733291332e-02
-5.218101945547775657e-03
-1.256924848556557721e-02
1.824035309057438908e-02
-1.234099986379376748e-02
-1.225100744456475085e-02
1.868639409828036155e-02
-4.026806486718516147e-03
-6.687381937402918364e-03
-1.925144357966481964e-02
-2.035278789388021009e-02
2.856010753413066108e-02
-6.615550348839287741e-03
-2.607661394063884655e-03
6.576559595728902023e-03
2.737772739217350388e-03
-1.275656644731501532e-02
1.886566351007582052e-03
4.904428628623394397e-03
-1.771190043462169544e-02
-8.964199774640600749e-03
1.898824911706718799e-02
-2.264174046797158470e-03
5.005400095481942792e-03
-9.063822937404293970e-03
3.721291785388510659e-02
-3.589735828704843784e-02
-1.885204288707677906e-03
-1.704462748971918157e-02
4.506596371410999911e-03
-1.322649169898698282e-02
2.543204203406806627e-02
-1.900186974006623161e-02
-1.540451186576394238e-02
8.498745939609734026e-03
5.266750958602936343e-03
-6.038077208295095782e-03
-5.836946008675922802e-03
-6.396065703684034043e-03
1.505188907034432470e-02
1.306635995041542653e-02
-2.296973607635253295e-02
-5.481874252757487111e-03
-1.137268363420234664e-02
3.346614587274485131e-02
2.750402771452824593e-02
-5.696584800760552680e-02
-3.072083363716035780e-03
3.932012453927210410e-02
-2.885164389913033936e-02
-1.198682239120355333e-02
6.745510353737209364e-03
1.915554889046955020e-02
-7.581692782032883882e-03
7.222452289984439104e-03
-3.049643731280241975e-03
-1.325352657190932183e-02
-4.841842553853053545e-03
-8.280967311880622211e-03
-7.969302692893472789e-03
2.502369850819782804e-02
1.066822226105093412e-02
-6.128922636237184654e-03
4.278485331689686061e-02
1.191046435317862605e-02
-8.482965278417915755e-03
-2.316014963423811829e-02
1.771754129869200500e-02
-2.293066277401184863e-02
4.750942093090767052e-03
-6.266532203142648541e-03
1.744210203360028674e-02
-2.461274092336817113e-02
-5.123954548393797395e-03
1.153219626354667210e-02
2.402210118059157004e-02
-3.737099962990428348e-02
4.130832275098061251e-02
3.037536510836650293e-03
-4.512072137020715218e-02
-4.442634476135705335e-02
1.032069000149964388e-01
-4.503019238098120158e-02
2.280862749522246172e-02
-3.878355454234018451e-02
1.206009859129738258e-02
1.292443030712440988e-02
2.447901117028667903e-02
-3.383087588860806544e-02
6.046167032864224050e-02
-5.767618413431308683e-03
-2.468428358962575925e-02
1.391862572041401014e-02
-5.553320611579730393e-02
1.695891387226056710e-03
2.944187089575545091e-02
1.469101135189498572e-02
-7.346620090556505757e-03
-3.755013145964924276e-02
4.936361422543368571e-02
1.082732214424377221e-03
-1.659927439226568588e-02
-5.212034577120929976e-03
-3.510089579673077425e-03
3.470328367079916765e-04
2.688876078471297976e-02
-1.977810766896107367e-02
-2.120675968130493472e-02
-8.121000661769661386e-03
1.226421532141230494e-02
-1.335621781439906217e-02
-4.784140641875297799e-03
-1.137846208032315155e-02
2.313043191133111812e-02
9.827527141499011257e-03
-1.141683371420630991e-02
-1.225144770712633703e-02
5.872345870268380966e-03
-1.608912014902887447e-02
2.625079281656597652e-02
-1.429587570287229985e-02
-2.198052113329086385e-02
4.188424121435421060e-02
-9.155081111497868906e-03
-1.048761830336566829e-02
1.231331835523410230e-03
2.478403057623489864e-02
4.857967170171110204e-03
3.592762633815741596e-02
-8.670118141706759703e-04
-1.206908269919473170e-02
4.399089757153921976e-02
-9.767802773378972750e-03
-1.823196058549417242e-02
3.166505924971004318e-03
2.428240642012880271e-02
-9.484562606024166814e-03
-1.387652561296242801e-02
9.102304636927847567e-03
1.624802741735102002e-02
-4.405748728397897683e-03
-3.624901800811458847e-04
-2.421100133592170994e-03
2.781496314864776928e-02
-1.278756368329162299e-02
9.969360477354681851e-03
4.937847308688718406e-02
-2.846091087572350659e-02
-1.773047401143856838e-02
-2.583364403946403123e-03
2.064033437941552307e-02
-9.451391573649733577e-03
-3.164854940365059710e-02
-1.324989440577624238e-03
2.531399663474304465e-02
1.300326482205825356e-02
-2.538265007794023032e-02
1.923066869004002102e-02
2.869851507692899959e-03
-4.239384512938903365e-02
4.784512113411635431e-03
5.697988137675606343e-03
1.556961032635838064e-02
-1.410628763728968664e-02
-7.973031166461898300e-03
6.391718110888380301e-03
-1.292393501174262695e-02
-3.615271057276783079e-02
2.360398932913616160e-02
2.004845639818446379e-02
-2.409323110069767557e-02
-2.737470058706260867e-02
1.170062420976309726e-02
2.516045506639021795e-02
-8.609981027435235565e-03
1.629604355297390242e-02
-4.316045231474920519e-04
-8.640978263411841498e-03
-2.101854743622727853e-02
1.369542635989538272e-02
1.078904681779596295e-02
-1.085474224690749848e-02
-1.631241581698285315e-02
1.322065822004597768e-02
4.854293729422884049e-03
-1.515053540054949952e-02
1.248310836375043052e-02
5.097084773932052983e-03
-3.364211331532842436e-02
2.972996770949274357e-03
1.469555155956133070e-02
-9.166073917332448560e-04
2.271741059574403435e-02
-1.343978515186994641e-02
4.095308589660158136e-03
2.295900467641389525e-02
8.844214468403593455e-04
3.896860240025645013e-03
-2.883073142745504538e-02
5.392156997629461192e-03
-3.134573131051029971e-02
1.511297550076426757e-02
2.015260601040945454e-02
-1.694309193645360256e-02
3.181997663856782343e-02
-7.204690447265487373e-03
1.415155213190266367e-02
-1.001908263040370527e-02
-3.268688113873911144e-02
8.433311916394140018e-03
1.525482259482498736e-02
-1.446262514807268064e-02
7.984216587167171364e-03
1.362964838155354859e-02
-5.541928817798713949e-03
-2.088151571393389444e-02
4.720508943521192595e-03
-1.902525868865044198e-02
2.210118059157529721e-02
1.415581717546801795e-02
-2.118405864297320113e-02
-2.398935665257367791e-04
5.041474109121826808e-04
1.129501856669771348e-02
-3.279447030222648607e-03
9.589317579271337474e-03
8.546156714210436517e-03
1.605871451586939969e-03
-5.316775792163050580e-04
-3.725309181262975115e-03
2.378490972553756397e-02
2.079965439388915469e-02
-2.315010614455195390e-02
-1.837518350005984402e-02
6.964224539409690287e-03
-3.903147739733282915e-03
6.458252790507938018e-03
-1.999603763694573350e-02
2.456486236979578235e-03
1.718386052482048787e-02
-6.220538523662048035e-03
3.500156155627311746e-03
2.420109542828604264e-03
1.358858013948068162e-02
-1.916270315709531213e-02
-1.137913623237057827e-03
-6.350677385225613446e-03
6.830866257864533220e-03
-2.484814381176573758e-02
1.591549160130372592e-02
8.700358676405641617e-03
-6.042053329554411892e-03
-1.179449644281608395e-02
9.651738555581082860e-03
8.143536601640802980e-03
-1.905318784490100253e-02
-9.306146202941777482e-03
2.072536008662165599e-02
9.447291628544973036e-03
-1.263611336210632499e-02
4.494681765838101639e-03
-1.837160636674696826e-02
-5.602863907963110540e-03
2.722831328533553696e-02
-2.478747012749728598e-02
9.985443819057590511e-04
9.735581057152959544e-03
-7.164832927236980224e-03
2.111774409463443650e-02
-2.809631844191079128e-02
-6.324963299988029496e-03
-2.153090299227201476e-03
2.959665070256273928e-02
1.005353317584774600e-02
-4.671337118674148692e-02
1.314747832738749449e-02
3.012070073289957808e-03
-2.839693522224315952e-02
-1.462497196765721180e-02
8.860985720358979106e-03
2.749192049408465469e-02
-9.743519541466540840e-03
-2.367732056205018934e-03
3.725831993054857724e-03
-3.844056249045524104e-04
-1.148584487073478488e-02
-1.664784085609054970e-02
1.339535990776499243e-02
-1.331071943030024372e-02
1.174112836542893189e-02
1.120773651386345292e-02
-1.584725090425802632e-02
-8.452655952693786598e-03
2.501241678005720545e-02
7.425619703950943166e-03
-7.428550201626494057e-03
-1.848098409689078077e-03
7.482193443114636827e-03
1.896031996081663090e-02
-7.842108087210508324e-03
-3.231086939473528253e-03
5.987969825504684679e-03
2.493550841383029414e-03
-8.166732935354321238e-03
-1.142819799157722589e-02
1.181229956015018324e-02
-1.590696151417301391e-02
4.804200104837522134e-03
1.164421556905999820e-02
3.869054907620531752e-02
-2.986631152153365262e-02
-3.552808806351887699e-02
7.689034297829367912e-03
2.562575756116554013e-02
-8.747934549466938273e-04
-1.802888947896301441e-02
1.310020513483728909e-02
-4.044128066875882568e-03
-1.570017569227848131e-02
6.061397365854060207e-03
1.322643666616678433e-02
1.079175718419071901e-02
6.823698233033724699e-03
1.598799734191478370e-03
1.668471284562330834e-02
1.703293301542707291e-02
-2.887764690667396147e-02
-7.791945671599899599e-03
5.402338069366118337e-03
1.655511055405667342e-02
-4.292890172376550586e-04
-1.008963470589772926e-02
8.289703772087077260e-03
-6.733650780984508713e-03
8.568114809469496579e-03
2.307718765778941222e-02
-1.153566333121915435e-02
-8.829754594896531764e-03
4.918627096234516952e-03
1.531260705603304170e-02
-5.817189226224789289e-03
-1.545555480649772259e-02
2.268507881387762590e-02
8.108645793635177804e-03
-5.353881671181650627e-03
8.628816010148051760e-03
2.595664239260689083e-03
9.292649403788183927e-04
4.587604682742669701e-04
1.145099533734430901e-02
-2.898330992145440460e-02
-1.145032118529687969e-02
4.942002286613678998e-03
-1.198763412530147454e-02
2.582525153438381543e-02
-2.067569296639283280e-02
6.799181111635450511e-03
-1.387776385141688620e-02
4.148951831148300906e-03
-1.090592276969177231e-02
7.835531665196831391e-03
2.686743556688619625e-02
-1.621143059191925209e-02
-1.847837003793136989e-03
5.664349326329488551e-03
-1.324685384246029451e-03
-5.128591063495492337e-04
-4.832817171340557730e-03
1.129979266384990334e-02
-1.594562207036220956e-03
1.177691345676277687e-02
3.310719430300245250e-03
-1.624541335839160827e-02
1.553920469319890543e-02
1.457214046026699024e-02
-1.674978915550761477e-02
3.770257237159810402e-03
-4.958801054979162376e-03
-7.288863145758550655e-03
2.449744716505305661e-02
2.324448743119177530e-03
-1.075828347130519842e-02
-1.524601734359328463e-02
1.628806379404517182e-02
-1.708094915104995531e-02
-2.721854495975036675e-02
1.501570499106404458e-02
7.546815732232309629e-03
3.551735666358023756e-03
-1.035299426695595465e-02
8.183861900640994683e-03
-7.097170074803360422e-03
7.520537560587695070e-03
-5.343645566624795860e-03
1.365797652575054255e-02
-8.742871530008708078e-03
-7.534199458201884525e-03
1.411729420132931505e-02
-1.165095708953426887e-02
-2.180028864714193826e-02
-4.871835440861043559e-03
6.304931353435904405e-03
8.027100912306576325e-03
-1.425184944671378275e-02
7.259351795927295251e-03
-2.833571120977272477e-03
-1.250751541950830860e-02
2.184252633664401574e-02
-1.737757605191796173e-02
-5.418696575170016405e-03
1.657960015904484750e-03
8.751277793293975663e-03
-2.288127081788401268e-02
3.002205440269440154e-02
-1.408276110665497918e-02
1.752327544339255341e-04
-2.713874737046305732e-02
1.633401619891062390e-02
-1.539666968888570887e-02
-9.263275636007423661e-04
-2.074131960447912065e-03
5.128522272470244225e-03
-1.154585816116086155e-02
5.688274844910633753e-03
1.366592876826917477e-02
-1.812505933225927457e-02
-8.714488352991513892e-03
-1.070018257138100580e-02
-1.109121827529893113e-02
-5.893973768606251828e-03
-1.426973511327817978e-03
1.119994936980541617e-02
-4.629608482758905234e-03
1.588123367073038077e-03
1.120111881723462668e-02
-8.137441716803858055e-03
-5.709792677608108505e-03
-8.166361463817984473e-03
7.535946750243175708e-03
9.549790256164019525e-03
-2.763142869328695517e-03
-2.862463351581299303e-02
1.025129361522978191e-02
1.057130946468199870e-02
-2.137749900596968428e-02
-6.724818013342706742e-03
-2.067528022024134153e-03
3.387545247296856765e-04
1.857591571173258446e-02
-1.386455597456933298e-03
-1.942452179918798937e-03
-2.387461322246054243e-02
1.311322039681414933e-02
-4.533190981771753614e-03
6.087001385451248046e-03
-1.632300963487099492e-05
1.828754373389429935e-02
-1.302234745246196208e-02
9.482760281162677359e-04
2.834781843021631775e-02
-1.861911647558812943e-04
-1.580528837885693868e-03
4.906451084765676290e-03
4.771152896308535361e-05
-1.520584338484863747e-02
6.369347269477834174e-03
1.112703088304287449e-02
-1.750649043323211510e-03
3.728858798165755536e-03
2.787261002780533001e-02
-9.036554174996113548e-03
-1.017522449951089496e-03
-9.668950070098054472e-04
5.001575314478171226e-03
4.320681746576614593e-03
-3.448108865924915615e-03
6.617985551133055699e-03
1.938778739170572566e-03
-1.690979708023372316e-02
4.885125866938895382e-03
-3.362230150005709149e-03
-5.334056097705268569e-03
-1.102127156082708878e-02
-8.397334210189600972e-04
-2.483493593491818436e-04
2.270681677785589461e-03
-1.154581688654571399e-02
1.361114359576192159e-02
9.388585367598600503e-03
-1.560895879280005394e-02
5.779299129518366629e-04
1.990936094513365458e-03
4.228887002486107424e-03
1.244726823959638878e-02
1.186418175139198478e-02
-5.205788352028440508e-03
5.343796906880340404e-03
3.335580506824757391e-03
1.089576921436521614e-02
-1.861278770126533963e-02
-1.296972231814748572e-03
2.804197353196512602e-02
-4.743058641597382510e-03
-5.329447099013674173e-03
2.169173640930109322e-04
1.205317821415746726e-02
1.871569907503587479e-03
-1.513320006218708477e-02
1.756482522264215043e-02
1.500621182957986334e-02
1.724315838858398895e-03
-1.793712225128260562e-02
1.408785164252330906e-02
2.288553586144937086e-04
-6.587992664125066553e-03
5.755139721451379801e-03
-2.069564236371465669e-03
1.608059006189816245e-02
-2.078630893499110177e-02
6.023232105046646837e-04
1.703100686672013794e-02
2.175777579353886746e-03
-1.518025312345650099e-03
9.778355316651967527e-03
-1.230272453734595865e-02
1.257876916345985682e-02
1.610287835407841171e-03
-2.232612724413521668e-02
1.930909045882237690e-02
3.361542239753232807e-04
5.878908534077009578e-03
-6.381399457101227801e-03
-7.242965773713297938e-03
1.762205935564822162e-02
-1.999534972669325672e-02
1.675708100418387076e-03
1.396788009449135247e-02
-2.462966351557909980e-03
1.532485185852712657e-02
-2.830860754582514155e-02
2.219955175767948652e-02
6.260712482406694326e-03
3.045268622074488989e-03
1.533049272259743787e-02
-6.857226978739445512e-03
3.531511104935205255e-03
-6.938482937762007093e-03
1.394462872795763572e-02
2.783243606906068285e-03
3.250788689104464144e-03
9.171370826276521032e-03
-1.374722600190688739e-02
-1.373968650553974123e-02
-3.176618205682413786e-03
1.453719461944116657e-02
7.421395935000735591e-03
5.830919914864226856e-04
-2.381696634330298518e-02
4.637395626816941986e-03
3.199759506575734075e-02
-3.361666063598678367e-02
-3.419312942756235797e-03
3.410796613830573143e-02
6.874975063253346320e-03
-3.235200642783339631e-02
-1.206407471255669869e-02
1.203141273376910104e-02
-1.550618500108001674e-02
-1.774299397803364917e-02
2.292708564069896940e-02
-4.745108614149762781e-03
-1.122179739942407925e-02
-2.828521859724092424e-02
2.925696061988968324e-02
-7.863859809393827088e-03
-2.004914430843694056e-03
-4.926551822343049059e-03
6.660622228581570062e-03
-1.058025229796419678e-02
-1.763031427867794640e-02
-8.993490993191064582e-04
1.165574494489150792e-02
3.041182435174777203e-03
-4.127791711782113730e-03
2.160959992515535961e-03
-1.079541686673389858e-02
-3.430979900638243037e-03
-1.641752850356130791e-02
1.870139054178435525e-02
-2.559493918185457711e-03
-1.878393977208157525e-02
5.913634243622039287e-03
1.686384467536827109e-02
8.835079020250701312e-03
-2.112214672025028786e-02
4.037620435887452446e-03
3.860662402540314397e-02
-4.269680080457982640e-02
5.968983502536324807e-03
2.904783590313672961e-02
-3.338579795525556393e-02
-7.949380811981744677e-03
-1.833597261566866869e-03
1.371446771568394021e-02
-6.492125491339897220e-04
1.810882465030082353e-03
-1.694102820569617224e-02
1.747058151805282525e-02
-1.288462781991610122e-02
-5.363705029587020195e-03
1.913725047775366797e-02
7.743076527263946691e-03
-4.031621858485854443e-03
9.884499868609141360e-04
-1.843241763306591868e-02
7.809281009962315209e-03
1.299681222389002192e-03
-5.734860127208363245e-03
2.660479143249054861e-03
6.652463612987194810e-03
-8.908424011369779974e-03
1.673726918891253745e-02
-3.636582516898515059e-03
-9.510937085104129163e-03
-4.611268795427872838e-03
4.674226341734551322e-03
-4.963602668541450616e-03
-9.376808344076196719e-03
-1.677744314765718158e-03
1.720546090674826209e-02
-5.845613677857131908e-03
-5.144468032122656229e-03
-2.721730672129591029e-03
1.863177402423370210e-02
-1.017592616796842006e-03
-1.222137227088805102e-02
5.368878114685645200e-03
9.164464207341651431e-03
-9.714833683938257566e-03
1.634323419629381399e-03
3.944752551803080813e-03
-5.956848765682633447e-03
2.947076312635947917e-04
1.447514511466775839e-03
-4.825043785487569299e-03
3.339597902699221934e-04
-5.529023621462248947e-03
5.799757580427026540e-04
5.760354081165154107e-03
-5.268855963975515103e-03
6.670404312371789463e-03
5.362824504463849576e-03
-1.278053324051130896e-02
6.293016747863006133e-03
-1.162782954684600046e-03
1.329385187090951223e-03
5.482575921215013942e-03
-6.026685414514080553e-03
-3.102544029695709915e-03
1.718468601712346087e-03
-6.222836143905321506e-03
4.753432328204732632e-03
5.990460060618650259e-03
-1.676340977850665579e-03
-6.146079117933957343e-03
4.123292778730915445e-03
-4.461139261927331637e-03
-1.348945227209877046e-03
-5.345736813792325431e-03
4.003307472493907934e-03
2.491046848064013778e-03
-5.696254603839363481e-03
-1.295827549154626984e-03
3.541871033337506188e-03
-2.759744592681460506e-03
-6.671945231337337830e-04
1.284891151960750435e-03
-4.340163364926758263e-03
7.594666769394597429e-03
8.039978592232941649e-04
-1.144931683632826463e-02
1.305682551431609946e-02
-2.113700558170378881e-03
-3.662750622902733073e-03
-3.868256931727658606e-03
6.898900581834490654e-03
8.601698587995415014e-04
-1.660009988456865671e-03
-1.523115848213978454e-03
3.099558499199960102e-03
5.574466972740867653e-05
-1.142548762518246852e-03
-4.888620451021477749e-04
8.021460048236266332e-04
-2.943141465991780566e-04
-8.986474308615800062e-05
4.858641322218538224e-04
7.595932524259153785e-04
-8.588201788841820375e-04
-5.642404989275478545e-04
2.342169311222980341e-04
-5.097071015727003144e-04
-1.129547258746434765e-04
-4.620761956912052909e-05
-1.686563324202471103e-04
-1.132891878393977014e-04
5.389763069950841639e-05
-1.304325992413725577e-05
-5.333877241039624672e-05
5.093466366004025046e-05
-1.173127749061346287e-05
-9.564263887876131950e-06
-1.326099727725121974e-05
-7.909330677082543386e-06
-8.522630183575730252e-06
