-6.936040930058303680e-04
5.863870872066249051e-04
1.653253564989345871e-04
-3.097462554928543700e-04
-5.041913503641088984e-04
-1.687229259840306928e-04
2.067186487773276730e-04
1.406508300746949912e-04
-2.938862481560399723e-05
2.652258411969934189e-04
5.503293761366207740e-04
4.319822667634501683e-04
3.772039712459315536e-04
-1.126567853825680355e-04
-1.733096057633018688e-04
-9.208150888613107104e-05
-1.204180032937613459e-05
-2.274275879832345732e-04
-8.075627726914400787e-04
-2.861279571654920008e-04
1.244233966328704743e-03
1.459107016023914903e-03
9.280738520617227896e-04
5.817020628936708706e-04
-4.085044606270634196e-04
-2.071069535829410824e-03
-2.599437250723924710e-03
-2.639126294674565016e-03
-8.730731105751593068e-04
1.511276449606231568e-03
1.214248639957539889e-03
-9.207994786178690019e-04
-8.641518564482012724e-04
-5.849509448099842520e-04
-4.754450870661327232e-03
-1.881414834414342615e-03
1.618274911997252515e-03
-2.945770014283372344e-04
4.390654147251425374e-03
-2.147130446999320516e-05
-3.097911349427493952e-03
7.254567947487140789e-04
6.610821020753818167e-03
9.719561976569025125e-03
9.893069832424035079e-03
1.817533815689855586e-03
-5.990801664051950606e-04
-1.743110028800899138e-03
5.178171416083233482e-03
1.246159880113330244e-03
-1.371539404157007778e-02
-2.152301340139399499e-02
-3.239457231835530214e-03
1.278849681160777567e-02
5.553266053184098897e-03
5.854894982087245105e-03
-3.198538881213852225e-03
-1.084355804278767758e-02
4.614407474184559731e-03
1.893817172828810361e-02
1.240011395477712448e-02
5.483585829021002910e-03
2.741705106891141868e-03
8.304161690901569470e-03
5.006400199811115830e-03
2.016901991086550699e-03
1.105655981455030620e-02
2.421812193161151927e-02
-7.283290795419954285e-03
-2.278744312017545737e-02
-1.982891173187845482e-02
-1.686419478461766500e-02
-3.884355414022681407e-04
-1.063537593368768519e-02
-2.734543907712240485e-02
-7.448037402143285919e-03
1.320427564567869250e-02
-1.271873853622747111e-03
-9.262513561398989792e-03
6.723605029620436865e-03
-1.546623894599636131e-03
-2.677332365498239896e-03
9.201223843085831744e-03
1.793536968959030722e-03
5.345318097735733730e-04
2.441578663919263988e-03
8.515290233451190682e-03
-1.040016859062917014e-02
-5.340361845442979233e-02
-1.162245065211791988e-02
1.016215140375114040e-04
2.798311752171775066e-02
4.243176372335526192e-02
-5.165136862809375368e-02
-7.771247492604646534e-02
-1.879085005580661757e-02
2.279017491277776294e-02
3.387539903684797654e-02
7.263485299053238850e-03
1.173958601634392425e-02
3.583233818031392182e-02
3.770966508222695079e-02
2.310647747051615061e-02
-5.072275427135285869e-02
-6.542721333739200118e-02
-1.203670748745326591e-02
1.625295618985178256e-02
1.347046932196907520e-02
2.233357529210668047e-02
9.684809672106836284e-03
-2.439061512164282172e-02
2.261104736928372383e-02
2.934472100592408483e-02
-3.823182772535337753e-02
-2.199073532051732185e-02
-2.072298842500448421e-02
1.426957719655637911e-02
4.471417644258161850e-02
2.394630856768210914e-02
5.766950773097305645e-03
7.396250419525291289e-03
2.035048899087581187e-02
-1.802507005096744622e-02
-3.677851406092678271e-02
-1.543575994567635175e-02
-1.121225248007742597e-03
-8.070925141077574597e-03
-2.694074351589513007e-03
-7.205063962972502352e-03
1.107624823409121030e-02
-3.283829348818694243e-03
-1.178409472295720295e-02
5.983425824025725287e-02
4.214707190858640873e-02
-3.962016375145369779e-02
-4.042174975218738170e-02
-1.688823455951795477e-02
1.338371539404156936e-02
3.287400192005993788e-02
-2.723616737303017829e-02
7.071947612023008964e-03
4.167681332490379836e-02
-2.558675002536664467e-02
3.521748971675212753e-02
1.819364116733400080e-02
-4.243839807681800552e-02
-1.535513303829972968e-03
2.879133787591417123e-02
-6.556302245533518480e-02
-4.188169777007672012e-02
1.323143746926733200e-02
2.365303111902029853e-02
1.474049921558526601e-03
-1.545215070129018695e-02
2.193356280391192681e-02
2.889670701914596324e-02
3.858852178799727917e-02
3.983987792789628335e-02
-2.521464084732401301e-02
-7.688435151146182089e-02
-4.463944240210426101e-02
1.005518221056657217e-02
4.790412968990250681e-02
9.824150607628726051e-02
5.261120347171813899e-02
-3.348904551166475424e-02
-4.855527196946636537e-02
-2.129627461540262515e-02
1.953836607581895327e-02
3.806011504749416512e-03
-2.307681800797683341e-02
-3.790889081415223932e-02
1.531528789191467267e-02
3.145093310230172995e-02
-2.866489490403602639e-02
-2.983468752195190653e-03
3.436263376027348659e-02
-1.990442628452790928e-03
-8.899829067834312546e-03
3.103843241935357739e-02
7.268285448911575297e-02
6.016168309644788492e-02
-4.633978816899649023e-03
5.250095612741080726e-03
1.850282155150209315e-02
-3.069344603929098029e-03
2.032200029659462365e-02
-4.947393479601314148e-02
-1.114249420469712176e-01
-3.952767305906135231e-02
5.106403321859803723e-02
3.341157967858508770e-02
-1.084716791158357903e-02
-3.664329032711265144e-02
1.401797909788403060e-02
2.114290397358746521e-02
-3.075939931783235742e-02
-6.660656722941593610e-02
-5.237841571639309524e-02
-1.118083686515091019e-01
3.381003114243566476e-02
2.050503040094910079e-02
-6.303865096276176083e-02
-1.072513483347772717e-01
-8.051626977622715342e-02
-3.889233615098227487e-02
-1.269743055392948683e-01
-1.773393901077887080e-01
-2.160555256359222853e-02
7.736943982641408812e-02
2.830585930487585639e-02
-5.154268230813058987e-02
-1.516983944864620237e-01
-2.945711475870466112e-01
-2.230215967718016390e-01
-5.754052809453562983e-02
2.801863082554772316e-02
1.591173578101950370e-01
2.429695366099234310e-01
3.142907876148328117e-01
3.689363960630965833e-01
2.504058663294853604e-01
-3.296512671615113490e-03
-1.702851210964634876e-01
-5.865061153128682536e-02
9.274767602500760821e-02
1.382642189804949850e-01
-5.822601290967132498e-03
-7.041819842180438438e-02
1.451071643212275934e-02
1.166943748487757615e-01
1.562846840096470957e-01
1.729382770974313144e-01
1.589001802983117384e-01
1.963300317668453809e-01
2.228596404960934974e-01
9.683229134958359907e-02
3.171767313711257308e-02
9.809262337946159094e-02
3.254657706386930582e-02
-1.747677976288040252e-02
4.020105993552969270e-02
2.111109810257490865e-02
-4.361716658471288810e-02
-5.540329063931751473e-03
1.328203417082289284e-01
5.564427377244947348e-02
-3.337977380757252421e-02
3.904004807954979811e-02
1.280106305757838098e-02
9.168617947096883991e-02
1.163363148898306915e-01
1.704129299646428009e-01
1.872362844498559886e-01
1.603560306272976133e-01
4.924173242481716395e-02
-1.381824603304688398e-02
-5.219109279509213245e-02
-1.448146673847378703e-03
2.323857915564193216e-02
-7.607105782814681250e-02
-1.193615800688411638e-01
-8.067451861911786870e-02
-2.016258068544578841e-01
-2.102933945254876202e-01
-1.043154517994708125e-01
-1.629145495273998656e-01
-1.033039080244456259e-01
-2.355683299381053711e-02
-1.425619141280508317e-01
-9.157241982188711604e-02
-4.368038807065195706e-02
-7.977517346883024330e-02
1.903493572482262697e-01
3.932513015040469129e-01
1.873078964416449999e-01
1.364776266185870890e-01
2.291642275661288919e-01
9.009393463991070827e-02
6.227218800977200180e-02
2.378766946870536358e-02
-4.485115632878294151e-02
9.494267138096018632e-02
2.057508136839393820e-01
1.816074257928052271e-01
1.378446936879980655e-01
1.183381334831916550e-02
-3.255516269776227017e-02
-5.499039970028331975e-02
-2.745217411665534790e-01
-4.024203682456427567e-01
-2.375137565270330209e-01
-2.215132569992428746e-01
-3.222598168918444084e-01
-3.499738528422350337e-01
-3.975694850961200566e-01
-5.519196696872487040e-01
-6.936821442230390877e-01
-6.449645257217785366e-01
-6.814846902537444739e-01
-4.980975015805371720e-01
-3.439619578367323904e-01
-1.320776843764878417e-01
2.892734212190039081e-02
1.909054721708385027e-01
2.207678678748994927e-01
1.362901085692431458e-01
7.166506661671388778e-02
-5.222036200154540897e-02
-2.942569914377814455e-01
-3.697481287220673596e-01
-2.957477696864682648e-01
-1.900703241467050497e-01
-1.808895497225279092e-01
-9.848405023376338718e-02
6.212135403251613924e-02
8.007293886248155468e-02
4.896718726828544477e-02
2.871309153066242126e-01
5.568993373451658346e-01
4.643149834921675434e-01
2.293925273764644002e-01
-2.568704583947986272e-02
-1.988764527282802785e-01
-2.832400621287688991e-01
7.487277651594975714e-02
5.069055814425424966e-01
5.421105829645412877e-01
2.745666206164484868e-01
8.552832868928590682e-02
2.249494618368573246e-03
-3.373471171782923411e-02
-3.432848635274466514e-02
5.202659985482473159e-02
1.639048243457356668e-01
3.220920067748456184e-01
3.727960287540683648e-01
2.912617759773963866e-01
1.572517385908633047e-01
1.677999703405374521e-01
2.233572170057991912e-01
1.467907290764199346e-01
8.392574207194761216e-02
5.088100311424356009e-02
1.352896870926701967e-01
2.399333442605037225e-01
2.866333387969184909e-01
3.132780730715495343e-01
3.061012636492065897e-01
1.587715909179603646e-01
-9.216580420071651333e-03
-6.204720537616783063e-03
2.305867109997580267e-01
2.489502111285425423e-01
1.387307701313602037e-01
4.123914112440583285e-02
-1.907813707354766020e-01
-3.323420828747823963e-01
-2.115675806464201447e-01
-7.964053511914516437e-02
-7.796965368674924068e-02
-2.403001849813847512e-01
-2.351370969630271202e-01
1.181560790190522986e-02
-4.765260964244737163e-02
-2.918842344346359585e-01
-4.986145908945449068e-01
-8.131063603936903306e-01
-9.981287220674205374e-01
-8.506177753842070199e-01
-3.704213204704926987e-01
-9.572884226629513327e-02
9.850083124546327173e-02
2.610091241872916981e-02
-1.575943834344096517e-01
-1.188247828224881092e-01
4.760421788777795260e-02
1.927285534767914643e-01
3.462917866704130487e-01
4.690039103659821018e-01
2.784164969052692062e-01
9.011013026748150578e-02
7.922413187533659806e-02
2.029858493143200382e-01
1.385108608268745822e-01
4.851449020847480031e-02
6.947319330944966287e-02
8.761815003004971847e-02
-6.249287782642970468e-02
-2.629545507762193202e-01
-4.033413726087057838e-01
-3.107570187557074926e-01
4.218863418175006208e-02
3.571935904340428070e-01
4.410088900336400219e-01
4.225029464334495999e-01
3.248003840119886299e-01
1.482235542963292185e-01
-1.277273046573161042e-01
-2.397987059108186714e-01
-2.199873557028121929e-01
2.030385338859359498e-02
2.825727242216342083e-01
3.601146572380796163e-01
3.306034920114578890e-01
2.276910108413140454e-01
-1.450443330913745582e-02
-3.282112222040102223e-01
-4.021198710593891779e-01
-2.163345587374434775e-01
-4.719718079003441813e-02
9.039950515528288877e-02
9.847234255118209045e-02
-4.362243504187447024e-02
-1.886737927427978023e-01
-1.735082461110981078e-01
2.125159029355062901e-02
2.586285620624253490e-01
4.206863043529163737e-01
3.244706176192817537e-01
1.827428758751492577e-01
1.145672840517947821e-01
-7.514868756878262390e-02
-2.508741736327377847e-01
-2.712962746154025662e-01
-3.414955393729364741e-01
-3.636894029862395294e-01
-1.024277831112776066e-01
3.478528110145877594e-01
3.635859851234379825e-01
1.345739574308661146e-01
1.008320259754450776e-01
2.476487070815869274e-01
2.838020308926717528e-01
2.130427486516651980e-01
2.092748261409136390e-01
1.825456014236541968e-01
1.739543088174460017e-01
2.107090172571240982e-01
9.815779614583089452e-02
-3.933254501603952041e-02
-6.370228143707899748e-02
-8.786440162034327150e-02
-5.460990001639075275e-02
-5.309102332950882408e-02
-1.374415591511149448e-01
-2.343117053410447570e-01
-2.222684025257373741e-01
-2.283563974680185085e-02
1.131126044910670397e-01
9.081259122236010062e-02
-5.866056306148093730e-02
-5.190093739511867504e-02
1.304622193083100901e-01
2.165472483043373031e-01
3.243535407934686893e-02
-1.646513842383371951e-01
-2.039244152012550659e-01
-1.545591667252050883e-01
-1.272070932946199329e-01
-1.314384449075483297e-01
-8.565399114899195643e-02
-1.058487679615363469e-01
-1.025669094059521724e-01
-4.111855199381834330e-02
-2.548840549168364042e-02
-1.294657003925976137e-02
-1.840461360744920921e-02
-1.106110629795271499e-01
-8.886657924930338459e-02
1.930460268027879914e-02
1.036660656722941526e-01
1.203058046690238109e-01
-3.177874821457840615e-02
-2.237455218114126343e-01
-3.126458582121587892e-01
-3.039646115781175495e-01
-2.353946659798159258e-01
-9.916953504889908233e-02
6.542116436805832380e-02
4.087073937918062061e-02
-1.030603882267543819e-01
-1.343774634915431421e-01
-1.094248796059974493e-01
-3.505963112994747027e-02
6.939436158006882793e-02
7.589485720529812185e-02
-5.606906752210800635e-03
-3.430526611562507294e-02
-6.444884132968053958e-02
-6.089848658689832328e-02
-8.813601985622965956e-03
5.216670178971440780e-02
1.277470125896613268e-02
-4.349891899064165651e-02
-8.788313391247336293e-02
-8.309898455366410142e-02
-6.717068240179205341e-02
-1.482555552953848145e-02
3.579116616323631261e-02
1.011340841860428746e-01
2.022092397030931521e-01
2.247309184286728767e-01
2.095499566815744452e-01
1.911288937800984800e-01
1.074158412750446656e-01
-3.988046456084482633e-02
-6.113185972635242632e-02
6.420239461134395753e-02
9.186003855730129342e-02
8.447483238501103664e-02
8.190714246688676758e-02
7.843757073391557921e-02
1.007387547708806369e-01
1.320080236651290650e-01
2.084357755559197722e-01
2.886041320314390313e-01
3.127902529639949303e-01
2.598520148921722450e-01
1.373430194893889011e-01
2.206351808056446553e-02
-1.532968834148968479e-02
1.957251348334777125e-02
4.462207600627531023e-02
2.958843593165835090e-02
6.387106719429289092e-02
8.994524707112806772e-02
6.587171501939573237e-02
-1.022476799275684640e-02
-4.252113236705926114e-02
-7.819678272882665815e-02
-1.644314749338515735e-01
-1.793433551096229039e-01
-8.409121065243010951e-02
-1.272369478852022548e-02
-1.603667626696638274e-02
-4.038096799119582359e-02
-7.132125100490941533e-03
3.803123609712693448e-02
5.453887340873080775e-02
2.342687771715799838e-02
-4.564025413476323345e-02
-4.850688021479694634e-02
-4.467866313875164253e-02
1.117067069410947362e-02
1.146234809281850703e-01
1.601091936528750148e-01
1.413649987121549101e-01
7.668122321867608393e-02
-5.797585875851733739e-02
-1.789177808477923071e-01
-2.165257842196048887e-01
-1.613416223726008847e-01
-9.049843507309494883e-02
-7.165667611086394551e-02
-3.759980799400566148e-02
4.144422069762177668e-02
9.724147485580036943e-02
5.745740354820833007e-02
2.890314624456568129e-02
8.763161386501822081e-03
-3.789620749135582528e-02
-1.098680153917000191e-01
-1.265007297788808827e-01
-8.138322367137314217e-02
-4.052809453563428060e-02
-2.545035552329438441e-02
-2.736748854598387154e-02
-2.327194605099866184e-02
-4.535809898455366224e-04
8.117287564099561273e-03
1.098299654233107769e-02
2.938218559018427808e-02
3.391735156609767404e-02
2.786682120807673982e-02
6.371242809531614537e-02
1.045886310597013702e-01
1.053490450433574449e-01
9.450480405241919180e-02
8.339499379492823494e-02
1.741033866423146587e-02
-5.221314226395360608e-02
-1.122511141811256413e-01
-1.233882423646396609e-01
-9.205262993576385222e-02
-5.227890041445195507e-02
-2.307545211167567889e-02
-5.043455015180961509e-02
-9.162705567393322759e-02
-9.498208724565058991e-02
-6.400765682440817672e-02
-7.105977942726016128e-02
-7.775911052832867876e-02
-4.892308833056251138e-02
1.106569180696372924e-02
8.734321461743195514e-02
1.324053043607215097e-01
1.045872651634002226e-01
7.318023587077840397e-02
5.499976584634837240e-02
1.534875235129291686e-02
-8.619683736467868840e-03
-5.740823128136683488e-03
-4.272738270853333742e-02
-8.270833821153440735e-02
-6.875063416613981515e-02
-4.050565481068676976e-02
-6.953602453930267380e-02
-7.702562421460962261e-02
-4.689492745139359903e-02
6.161519188891750182e-03
3.882930979308622105e-02
-6.435713114946026679e-03
-5.006478251028324139e-02
-9.686526798885428113e-02
-1.261194495828162343e-01
-8.544403337470046766e-02
-4.711503188392222180e-02
-8.070886115468971223e-02
-1.246446718336572390e-01
-1.613513787747519745e-01
-1.667435471156172577e-01
-9.310710188025381195e-02
-5.057035926975280912e-03
-1.371469158061519762e-02
-5.902545250193176607e-02
-6.547521483597536218e-02
-5.749389249225340948e-02
-4.708186011660851072e-02
1.157632238274755847e-03
5.462121744288601921e-02
4.706293269643539723e-02
3.397120690597169729e-02
6.554663169972134440e-02
2.714016437586343894e-02
-4.454636632558284237e-02
-3.580345922994668945e-02
-5.512015984889284161e-03
-7.074874532668336616e-03
1.196839315959132228e-03
1.890238524519789742e-02
3.380476268527407568e-02
6.088970582496233686e-02
5.523587077840478449e-02
2.455237626930792047e-02
2.315389358497045580e-02
4.880757252909358884e-02
5.561988276707174883e-02
8.013498958016249119e-02
1.062013643352767989e-01
8.329664926124523416e-02
6.115625073173015097e-02
8.836100248983382033e-02
1.076439459573372004e-01
1.107332131344588300e-01
9.542756456786942454e-02
3.970504445016819622e-02
-1.421088268121541154e-02
-2.136339866220213560e-02
-4.955881549472763818e-03
4.605704763465786646e-03
-5.707105002302510256e-03
-3.182031048774205256e-02
-5.485205391778084222e-02
-4.487281554155836405e-02
-2.486028832119636586e-02
-2.010013971167880220e-02
-3.351324138899945682e-02
-5.927599690917179087e-02
-8.707803560696528167e-02
-8.565321063681988201e-02
-4.374360955659103295e-02
-5.497927740183107537e-02
-1.078888316513295920e-01
-1.348323069598270363e-01
-1.550744998868257007e-01
-1.359634642252245673e-01
-8.269526463265193528e-02
-5.423193699705746579e-02
-5.013815065445945129e-02
-6.821598332825999644e-02
-7.413909507418767197e-02
-6.691565004956252782e-02
-5.586047564411766170e-02
-2.526654490676781897e-02
-1.338433980377923792e-02
-4.898670007258762449e-02
-6.159938651743272764e-02
-4.115777273046572482e-02
-3.642279563849798452e-02
-3.657382474379687609e-02
-1.720067358200451021e-02
7.860733213134457956e-03
6.253346445937822684e-02
1.189086878809875042e-01
1.334638739941149399e-01
1.407138564325910446e-01
1.287880206991827980e-01
9.695717329711756038e-02
8.803182148125598960e-02
8.658904473115257294e-02
9.357618969567829681e-02
1.353513475542650890e-01
1.576622879933812227e-01
1.607942882119246519e-01
1.612698152527688722e-01
1.575545773136332039e-01
1.560195049991804639e-01
1.519813301488436574e-01
1.269229868639801528e-01
1.128339616456318500e-01
1.076634587616393801e-01
9.000768804489506225e-02
4.248581419127230724e-02
-1.885301785031337279e-03
4.514950710656332497e-04
2.414397327526322454e-02
2.514810218465356878e-02
1.593755122111129019e-02
1.492341224311393051e-02
-4.808208646513841906e-05
-2.022521678725579600e-02
-2.156750259520297253e-02
-3.631918264765338772e-02
-5.880671396570429088e-02
-2.351000226348529815e-02
4.358926327456075916e-02
5.729466676032812095e-02
4.062448778888706064e-02
7.183053519719639728e-03
-2.182058366700228430e-02
-5.715378431326635991e-03
3.969372702367293324e-03
-1.204347843054612288e-02
-1.500206835725603066e-02
-2.226976842203854182e-02
-3.187845864456256145e-02
-3.815884983726321178e-02
-4.541975944614855959e-02
-6.478992514888268217e-02
-7.127422514654115082e-02
-6.704326378969879818e-02
-5.391173187845864356e-02
-5.429789027559884379e-02
-5.464307178370446383e-02
-4.651930596857657696e-02
-4.926944060692625693e-02
-6.514876561999984050e-02
-7.429480725251910722e-02
-8.466527735500034568e-02
-6.443440185449690605e-02
-3.091003816704521526e-02
-2.314277128651821142e-02
-3.702593641947846126e-02
-5.089407669312602522e-02
-6.556770552836770072e-02
-6.837637857962393373e-02
-5.085661210886583544e-02
-2.223249896582137064e-02
-1.987340092568743583e-02
-3.652640862934256744e-02
-1.153415521265054033e-02
5.381358247281866486e-02
8.886970129799173779e-02
7.160125974664574566e-02
3.698905721934733076e-02
4.168305742228049608e-03
-3.544696029534580468e-03
3.641050257178760335e-03
1.452082406475128928e-02
5.630985552719693782e-02
9.700732120417417115e-02
8.042358395579177199e-02
3.896941172797589725e-02
3.321918342816555791e-02
2.695147555826132857e-02
1.755771887512585713e-02
-9.682799853263712037e-03
-3.122907251738590156e-02
-1.706287415802249310e-02
5.234368292473520756e-03
2.880499683892570259e-02
4.895879676243550943e-02
4.597158155181429312e-02
3.283478118341254942e-02
2.506146533355187514e-02
3.578960513889213602e-02
6.569180696372960149e-02
4.994692517229806089e-02
3.957001584439709223e-03
-3.347967936559970853e-02
-5.892066874282904376e-02
-2.436134591518954867e-02
3.157757120222289687e-02
2.290744686663388416e-02
-4.714547185863363077e-02
-8.945059748206772576e-02
-8.762068669460899850e-02
-3.586902225240202330e-02
3.895438686866321137e-02
7.821395399661257297e-02
4.414810998977528739e-02
-1.545609228775922557e-02
-2.613310854582777051e-02
1.895432833025030746e-03
-2.985010263735062702e-02
-6.758669538951458944e-02
-5.353279321891024622e-02
-2.215171595601033230e-02
-1.392794701883375875e-02
-4.121884780793156483e-02
-5.747672122446749465e-02
-2.195736842516058870e-02
1.622753100584603536e-02
3.000835148024133189e-02
1.282371742337321679e-02
6.209384097845005619e-03
2.974902631106531720e-02
6.035603062729762852e-02
6.426620148141208577e-02
4.250435135535938352e-02
2.297359527321828424e-02
1.455540075397475548e-03
-1.505219675150833852e-02
-1.460365591901405594e-02
7.165804200716509829e-03
1.796391692228440154e-02
1.968256569961208610e-02
4.030155087768593630e-02
6.990501166865696614e-02
6.917015945863674853e-02
4.927158701539949975e-02
3.827651204720537714e-02
4.471261541823744884e-02
5.878934756987534704e-02
3.438117092436056288e-02
-8.323635469595146857e-03
-2.301086472943545194e-02
-1.809599909460588019e-02
-2.053468986348842146e-02
-2.358668758439287638e-02
-1.151928645577227767e-02
6.698979870591081735e-03
6.723195260730090682e-03
-1.639528258443190278e-02
-3.357490185059435611e-02
-1.537367020238680597e-02
-3.362290334917772752e-03
-1.935843850734851948e-02
-4.496491597786467231e-02
-4.710917804263157344e-02
-4.121260371055485844e-02
-2.881416785694772623e-02
-1.006441176700150625e-02
3.674826921425839235e-03
-1.771866048501026308e-03
-1.462980307677898099e-02
-1.659072283232256723e-02
-8.795201411166006511e-03
-3.199202316560127018e-02
-5.413593399989072297e-02
-4.682682776437897820e-02
-2.951779958008444657e-02
-1.467212634931041627e-02
-2.212595905433145053e-03
7.024433933547192740e-03
1.159521077731207050e-02
1.634445172922471476e-02
2.172926374286807127e-02
2.598656738551837625e-02
2.182312033156156780e-02
2.484623910209879383e-02
3.248823377900578180e-02
1.358705832767461916e-02
-2.302979214960856891e-02
-2.391352705645444568e-02
-1.678819241186066142e-03
2.045741915845177353e-02
4.508784664496842676e-02
5.587569563147336271e-02
4.714234980994527757e-02
4.076595562007789136e-02
1.474894825984811135e-02
-3.960572427627008713e-05
2.730934038916336612e-02
5.275520796746824975e-02
5.990255305531489577e-02
4.735464912075303123e-02
4.656574644281576830e-02
3.927088455444462112e-02
2.114817243074905428e-02
1.347007906588303106e-02
1.463965704295158363e-02
2.212459315803029861e-02
2.307408621537452784e-02
1.449217926803568479e-02
1.226110473692837259e-02
2.100358255086987730e-02
2.490380187479023302e-02
1.733523388047236366e-02
2.647068006025553658e-02
4.435221392277612779e-02
3.932337399801749678e-02
1.717517034678155835e-02
4.130489927490418878e-03
-1.145212338336416315e-02
-3.393784001061496414e-02
-3.913527056454445263e-02
-2.218488772332404338e-02
1.224760187635126054e-04
3.665519313773698325e-03
4.166198359363413456e-03
-7.679927568470430038e-03
-1.572624706332294980e-02
-3.761834515809273777e-02
-4.835175342059459119e-02
-4.645354781807822103e-02
-3.465688684915040757e-02
-3.416301777226215391e-02
-3.406116093380476273e-02
-2.683459386049125150e-02
-2.185726773909038925e-02
-2.687342434105259581e-02
-2.801921620967678592e-02
-1.197992522693391328e-02
-1.072815931814456551e-02
-1.362612296188758960e-02
-1.245650595921043253e-03
3.539993443697754278e-03
7.344951257014851846e-03
2.923291263727257651e-03
-2.063030260456911666e-02
-6.227472467433128878e-02
-9.873986309816500107e-02
-9.440587413460711785e-02
-6.245307170565324306e-02
-6.310089680848572462e-03
2.727343682924734947e-02
1.577887309652593884e-02
-2.221279103347616538e-02
-4.624476081204486472e-02
-5.863851359261947060e-02
-4.877537640199498814e-02
-3.038124117045604838e-02
-2.238606473567955266e-02
-1.483421921464865220e-02
6.349212853474449011e-03
1.902703303908024474e-02
2.091714082781120920e-02
1.269132304618290387e-02
-4.821009046136074359e-03
-2.234762451120425250e-02
-2.967741431927630943e-02
-2.427022111909835078e-02
-2.421499988292317301e-02
-4.250318058710125801e-02
-3.628893780098500083e-02
-1.452060942390396431e-02
-1.557441793304766529e-02
-3.074671599503593991e-02
-4.535458667977926989e-02
-4.335940243988104653e-02
-4.554034857673604914e-02
-4.491320704646388495e-02
-2.844127816673300974e-02
-1.754107445305609636e-02
-2.317457715753076797e-02
-3.220588350075318657e-02
-3.171279493603702815e-02
-2.409206921581941857e-02
-2.441383535876242086e-02
-3.404945325122345212e-02
-4.631734844404897938e-02
-4.492686600947541631e-02
-4.182491550955737269e-02
-4.207233786810905124e-02
-3.135453984904894992e-02
-1.123492635867656296e-03
2.761159372780418175e-02
3.754985521499207279e-02
5.972810858485337777e-03
-2.667068630435291340e-02
-2.069235332225005664e-02
1.873953138049187783e-02
4.797105860865899518e-02
5.287404094566854063e-02
4.366848526002763131e-02
9.294241381194338208e-03
3.452478516402463036e-04
3.016094160988440354e-02
4.064087854450090104e-02
4.214570601228526114e-02
3.889936076053105568e-02
4.273752936677047143e-02
5.830738130361142607e-02
5.385085192903582563e-02
4.465212572490067505e-02
4.193008952474613915e-02
2.128437180477829246e-02
7.589739386985739321e-03
3.710281686842906070e-03
-1.843230227675400406e-03
-3.000249763895067832e-03
1.880015766345876152e-02
3.134029550190835234e-02
1.758731979925226910e-02
1.344198062768788698e-02
2.251406873190187410e-02
3.501162963136410233e-02
3.982875562944403203e-02
3.807435939463475055e-02
5.195693914346594111e-02
3.857896051388921138e-02
2.630696763216022055e-02
4.633569048009303359e-02
3.734536102590519518e-02
6.933816470367854673e-03
-2.381030432169589737e-03
3.465415505654810243e-04
3.743414428548013078e-03
1.203899048555662037e-02
1.781481958461142087e-02
2.471667408153229925e-02
4.250981494056399468e-02
4.508862715714051506e-02
3.149971511305718619e-02
4.620358879496725747e-04
-1.256070433418409078e-02
-7.069820716354071645e-03
8.690046908781541221e-03
1.756265561461430730e-02
1.177125529772636743e-02
2.588939362009350185e-03
-2.159443026513998502e-04
-7.494126645905042385e-03
-5.880534806940313809e-03
5.492698308630122178e-03
6.003211807588138341e-03
-9.949637452096064469e-03
-1.565736686413624762e-02
-1.646293347694757075e-02
-2.257924149827116381e-02
-2.504956252292754246e-02
-2.639009217848752031e-02
-2.390435603843241857e-02
-7.910685992148046644e-03
-1.789070488054261138e-02
-3.560891657105392377e-02
-4.047423919576025736e-02
-3.519992819288016855e-02
-3.528695530006790287e-02
-3.465610633697832621e-02
-2.974200170151653291e-02
-1.437469267333223860e-02
6.480885256905580608e-03
1.290731027700376884e-02
3.465922838566667247e-03
-1.240643610337103207e-02
-1.476397311916079202e-02
-4.606543814050779312e-03
-5.984401464240834446e-03
-2.904422381967046787e-02
-5.452950726266576204e-02
-5.820259754450870376e-02
-4.866903161854808230e-02
-3.324084264094098046e-02
-3.412652882821707451e-02
-4.621880878232295653e-02
-5.122247718953176071e-02
-3.681695428540207593e-02
-3.469064400059318487e-02
-4.195096822534947340e-02
-5.026322773003644856e-02
-4.805554905128744947e-02
-2.454359550737193404e-02
-5.234660984538053001e-03
1.689022486555677717e-05
5.422061957056220020e-04
-1.270252339585235812e-02
-1.911831393760585543e-02
-1.456685477010013878e-02
-5.140550729388623959e-03
5.243149054409502845e-03
1.784389366302167532e-02
2.953828802460174013e-02
3.052446515403407432e-02
2.687693664582698969e-02
1.554838785210855071e-02
7.494555927599689735e-03
1.067596256663622513e-03
-2.449910631356295825e-03
-6.347788418760390121e-03
-6.373623371656480900e-03
-1.841858477532957008e-03
4.807233006298733402e-03
1.584945090968693793e-02
1.697401284723035197e-02
1.246788192411860466e-02
7.322940813761990089e-03
2.028512109646349662e-02
4.554483652172555685e-02
5.067650892515668942e-02
1.449202316560126678e-02
-1.923753717189219392e-02
-3.377842039946612682e-03
1.605501830301043348e-02
4.199155485829801637e-02
4.074956486446405790e-02
1.402931603718359822e-02
1.160951366286557158e-02
2.582773315849860515e-02
2.670698012035497421e-02
2.647380210894388630e-02
2.824224756285074328e-02
1.579458090398919504e-02
-4.644027911115272862e-03
-1.432557894490364475e-03
1.586467089704263547e-02
2.963194948525222153e-02
3.928298249311197587e-02
5.414256835335346657e-02
5.374801945036332407e-02
4.211955885452033088e-02
2.459901187159013736e-02
6.166709594836131125e-03
1.068349450909686880e-02
3.114048438585399758e-02
3.715608682417401859e-02
2.160789410010848996e-02
8.905507293886246942e-03
1.212763715550143825e-02
2.709567518205446141e-02
3.635976928060192376e-02
2.961965641854184469e-02
2.570441223530880656e-02
2.797706855238406981e-02
2.445090968693656650e-02
-1.945026576439459406e-03
-3.013284317168926293e-02
-2.093626337602734477e-02
3.181992023165601188e-03
1.399185145292340671e-02
1.609722449871605482e-02
4.857127246899415121e-03
-7.584041648129502024e-03
-8.428868023196822018e-03
-4.706722551338187767e-03
-1.832410377689839935e-03
3.074730137916500180e-03
9.762216966773595850e-03
1.896798729326183708e-02
2.633604171057047499e-02
1.599423591760913352e-02
4.376429312915134165e-03
-4.920973142576157838e-03
-1.363652328658065266e-02
-1.684538444127036197e-02
-1.004786490895325478e-02
3.408379578679529001e-04
8.315166912528001650e-03
1.883286112346922031e-02
2.624862434729669652e-02
1.782822488116701798e-02
-4.741943163103628893e-03
-3.576775079807369140e-02
-4.952505834328485568e-02
-4.482539942710406233e-02
-3.243554920738989100e-02
-2.662073352533932818e-02
-2.702152652570616667e-02
-1.995828162440193079e-02
-9.178218246813557579e-03
-1.267532254665511282e-02
-2.983019957696240315e-02
-4.752753256687037436e-02
-5.571003192294783635e-02
-5.154912153355031140e-02
-3.761054003637186866e-02
-3.466937504390380648e-02
-3.528344299529350553e-02
-3.677324560376518670e-02
-3.912785569890962767e-02
-2.720338586180251483e-02
-1.327744866181188033e-02
-8.208119668126224316e-03
-1.250450745779380438e-02
-1.344670272632901564e-02
-8.727160262564292656e-03
-3.092174584962652153e-03
-8.886579873713129976e-03
-1.344806862263016843e-02
-1.736448357412133728e-02
-1.699005237236674709e-02
-1.122025272984131933e-02
-7.142447373966796451e-03
-7.778720896652381936e-03
-1.359072673488342931e-02
-1.116873892648355751e-02
-1.180844670272632700e-02
-9.801008421726336087e-03
-5.567022580217138687e-04
9.550893296180954298e-03
1.345154190179595824e-02
1.389742899290514339e-02
2.404933617439763624e-02
3.955791790572973921e-02
4.272308989158685177e-02
2.772496312079986841e-02
2.480467682893514395e-02
3.385393495211557607e-02
3.611059076966305348e-02
2.608237525464209353e-02
2.840108178987050917e-03
-4.705415193449941080e-03
5.185313102457833005e-04
7.450320400246641245e-03
1.240780199967218486e-02
9.140226816837208543e-03
1.008995402783306218e-02
2.979488140117544925e-02
4.247449676477704078e-02
4.286241131430444662e-02
3.640972205961551939e-02
2.987722543533066072e-02
2.550655239968467256e-02
2.664610017093216321e-02
1.846219589294495131e-02
4.272874860483449541e-03
-2.955682518868881729e-03
-4.169144792813044009e-03
-2.145569422655146073e-03
1.260626673222968799e-02
2.880753350348498262e-02
3.744936427283582919e-02
3.406584400683728558e-02
1.903495523762693126e-02
9.530619492510985710e-03
6.823178869974477062e-03
3.127707401596927558e-03
-6.165870544251137049e-05
-1.304251449801359548e-02
-1.987398630981650205e-02
-1.773559759914455913e-02
-1.809997970668352288e-02
-1.783458605536953137e-02
-1.428926561609728321e-02
-1.531035115242622251e-02
-1.963983265819030377e-02
-2.558733540949571089e-02
-2.741412414826609190e-02
-2.179541214945247135e-02
-8.588014455085425658e-03
-7.372113080603491346e-03
-1.101878302542128214e-02
-5.719007812926842071e-03
-6.451147743149054405e-03
-1.879963081774260400e-02
-2.031673183943303457e-02
-1.091733595585423107e-02
-1.188458566511344655e-03
4.139426791860818973e-03
6.840272086543188954e-04
-8.951206281561959258e-03
-3.065695709524589915e-03
8.176196720287852091e-03
1.754821613943069285e-03
-1.558967694601197211e-02
-2.497092592158974347e-02
-2.665097837200771161e-02
-2.366766572224693679e-02
-2.017311759976896449e-02
-1.870249607792633453e-02
-1.442971878146439429e-02
-1.131606059896504007e-02
-1.901509120284730972e-02
-2.328794655052645116e-02
-1.851981720404929574e-02
-1.710072899836872704e-02
-7.877436173617127432e-03
1.238007430475878204e-02
1.645885530084841702e-02
7.232069684126722978e-03
4.572864713825211883e-03
1.895953824899898957e-02
3.356612108865837663e-02
2.843035099632378743e-02
1.235174171291201183e-02
-7.549152754037198301e-06
-6.343827319487046860e-03
-7.009721279103347212e-03
-4.212541269581098098e-03
9.461836857345789359e-03
2.182487648394876301e-02
2.534225458746029030e-02
1.941297679537312346e-02
1.716541394463046502e-02
1.862780106305757591e-02
1.462162721177636716e-02
2.593310230173039369e-02
3.387871621357935181e-02
2.125022439724947448e-02
8.285624526814494920e-03
1.441284020574300738e-02
2.003086925640605240e-02
1.986949836482699780e-02
1.160719163915361132e-02
4.534892796653164013e-03
-6.124386322304695845e-03
-3.537105548661031128e-03
9.794900913979753473e-03
9.682682776437898098e-03
3.042358395579178570e-03
1.665150521772386805e-03
2.166077379976740803e-03
5.159126919084302577e-03
1.065059592104338794e-02
1.444534853771044410e-02
1.637547708806518648e-02
6.773889526307162734e-03
4.369833985060996365e-03
2.061254595265412694e-03
-1.007467550206445420e-02
-1.517867874899508918e-02
-2.206078628796215649e-02
-3.206168387696006067e-02
-3.317274295392636657e-02
-2.471238126458581708e-02
-1.579672731246243786e-02
-1.434708205524464972e-02
-1.717370688645889279e-02
-2.164516355632565767e-02
-1.352282217591183229e-02
1.866624128753287650e-03
6.301425995738403445e-03
6.071799314710311750e-03
-2.110036606020870668e-03
-1.741917796458035753e-03
-1.148958796762435597e-03
1.096324958437726836e-03
5.880925063026357091e-03
1.001180524660281968e-03
-4.171466816525003403e-03
-2.373478976904644898e-03
-1.421654139446304390e-03
2.862723519173281366e-04
4.732752632277299754e-03
1.063672231718453508e-02
1.197469579538092826e-02
2.318394330359581715e-02
3.722516215140374285e-02
4.114684556005650945e-02
3.060388226754396160e-02
2.666736912762154160e-02
3.117033897643633686e-02
3.313508324162314778e-02
3.641928333372358717e-02
4.183213524714917558e-02
3.446117342199951639e-02
1.860426862106914422e-02
6.614528453571232383e-03
4.523399754919177514e-03
1.021782143442526852e-02
1.062739519672809170e-02
4.558717930706128810e-03
-4.515633658806908566e-04
-5.944244112986941421e-03
-8.232900929589996586e-03
-7.249397054347061879e-03
-7.089157905417533927e-03
-1.379494774471007844e-02
-2.872323818889955388e-02
-3.975089954027832828e-02
-3.993919810179439450e-02
-3.177484565371796466e-02
-2.902958921644382961e-02
-3.327850235324419231e-02
-3.305332459159700254e-02
-2.503590355991601457e-02
-1.890585852436368550e-02
-1.787948501806885596e-02
-2.349829458090398754e-02
-2.845298584931431687e-02
-3.445863675744022941e-02
-3.199807213493494062e-02
-2.319272406553180010e-02
-1.754573801328431631e-02
-1.443170908750321738e-02
-1.167308637928208236e-02
-8.746907220518103723e-03
-4.734664887098914698e-03
-3.563213680817352118e-03
-7.321340763809211158e-03
-9.375980518416184017e-03
-1.118372476018763412e-02
-1.394523536344549099e-02
-1.446374911216740354e-02
-9.593645850407036060e-03
-6.803119707151832583e-03
1.622827249240951742e-03
3.922541972042053494e-03
1.332853318347499566e-03
-5.475058733540949865e-03
-1.196657846879121967e-02
-7.273963674963510040e-03
7.694718274131485004e-04
-7.462945184630153522e-03
-1.230475488015235486e-02
-5.529109201457996052e-03
9.718079003442056663e-03
1.813685890681464991e-02
1.723628444985599376e-02
2.044688224412859537e-02
1.824968194128987267e-02
1.705910818679217192e-02
1.447297866860233588e-02
1.387498926795763254e-02
1.351663661694803981e-02
1.290631512398435730e-02
1.060142365420188582e-02
1.691633299771309884e-03
3.998739472842079146e-03
1.608290210035825257e-02
2.521951904839955794e-02
2.811326792641330799e-02
2.048551759664691760e-02
9.958457239640651493e-03
2.282939564942514966e-03
-4.663267536157225841e-03
-1.236181031993193770e-02
-2.262821863706964559e-02
-3.114711873931674119e-02
-2.780769741104112402e-02
-1.646488475737778803e-02
-7.948814011754512521e-03
-4.347784516199529672e-03
-8.024270025991054808e-03
-1.646318714340349806e-02
-2.333536266498075634e-02
-1.810437008765151609e-02
-1.397280695592447580e-02
-7.487511805246602550e-03
2.966063330757642749e-03
-2.205239578211221855e-03
-3.983831690355210675e-03
2.755773838793016046e-04
2.114524551010372750e-03
-1.984822940813761767e-03
-8.371129635266662131e-04
1.267762505756277322e-03
6.698082281593180799e-04
-6.558546218028269217e-03
-9.297987839620358227e-03
-3.684622349185535332e-03
-4.905577539981735482e-04
-3.833797738075724569e-03
-8.000737584002621389e-03
-6.139879488920628806e-03
-7.691947455920574925e-03
-3.784059599909460423e-03
-1.658740565559119846e-03
-5.470629326964354319e-03
-8.195455858134107971e-03
-4.082176224038213189e-03
3.827260948634493305e-03
1.145101115351893767e-02
1.315383504655754862e-02
6.894966477002208334e-03
3.350543626727858510e-03
7.770506006041163170e-03
1.098278190148375272e-02
8.632210956829870080e-03
1.018704974204072584e-02
1.523368534432294197e-02
1.636392550791829562e-02
1.589932563748331501e-02
4.444802179189983465e-03
-1.161905542416933994e-02
-1.688521007485111608e-02
-1.452673644445484982e-02
-3.232569211916859735e-03
1.776925718656582323e-03
1.496747215522825809e-03
3.783454702976092598e-03
8.635411056735427943e-03
1.152908188353197333e-02
8.224861654217497861e-03
5.575764316544515840e-03
1.127590324771114705e-02
1.828626844935646659e-02
1.890267793726242707e-02
2.215327698035450890e-02
2.128085950000390206e-02
1.035605014010193385e-02
1.341460416325192468e-03
3.494372507239250532e-03
8.701286284059599543e-03
5.455428852412952737e-03
-2.060708236744951839e-03
-1.355595491761693886e-03
9.877049820091942864e-04
8.639138002357146144e-04
4.541956431810553231e-03
9.203916610079533253e-03
9.976526096424472023e-03
1.485466863355733996e-02
1.367630989455280444e-02
5.768082515746832291e-03
-1.209704107835561692e-03
-1.309114040633463502e-03
3.936200935053582248e-03
9.830043474527984729e-03
1.290572973985529281e-02
9.225517284442050561e-03
7.798975187518048489e-03
4.860190757174857011e-03
4.157690776687661578e-03
4.559576494095425245e-03
1.034943529944349488e-02
2.533581536204056878e-03
4.585606575034537015e-04
-6.678842656551229121e-03
-4.513779942398201024e-03
6.545999484861965943e-03
1.805131477275388058e-02
2.116592908266404227e-02
8.609049258123179643e-03
-4.886825735047337256e-03
-1.508860764433621153e-02
-1.467940462531513134e-02
-1.027776476924157495e-02
-2.591241872917007978e-03
-1.920083358699978954e-03
-1.077559494540317186e-02
-9.676575268691315485e-03
-4.026818398232920315e-03
-3.591058452556567578e-03
-7.889729240327502530e-03
-1.043152566714277904e-02
-1.104543751609806182e-02
-8.002396172368307289e-03
-1.428606551619172362e-02
-1.887740885569110308e-02
-1.495582301105985619e-02
-1.077575104783758987e-02
-9.058097423529320319e-03
-4.860756628499620334e-03
-5.451526291552515578e-03
-5.270057211542213300e-03
-4.030857548723472145e-04
2.042658892765432475e-03
-2.429773417316442776e-03
-6.141713692525034747e-03
-6.528242832946979692e-03
-4.265284379609899333e-03
-3.554628046924391670e-04
-1.120885725212884603e-03
1.648787084084576027e-04
3.166186651680832648e-03
3.270443565067396568e-03
2.154311158982524527e-03
-3.193797269768421966e-03
-4.181457372327721141e-03
5.000702460954877801e-05
-5.697738856237463163e-05
-3.694593392183951035e-03
-5.359250240007492477e-03
-1.216574566230360123e-03
1.557599847019614176e-03
2.947526166670569065e-03
1.681619328603429272e-03
-1.968880979698878122e-03
2.308598902599885705e-03
1.024896387009155245e-02
5.754950398451463660e-03
-2.912403118926639410e-03
-5.657913222656706966e-03
-1.096045925336205581e-02
-1.157458574316466357e-02
-8.020347952326315616e-03
-7.544118450527234599e-05
4.900972518166420329e-03
8.043977958336260073e-03
1.495970605911599131e-02
8.834773378290833312e-03
4.222570850992420771e-03
-2.508175865002614316e-03
-6.568400184200871850e-04
7.717958024055384877e-03
1.505869451534096529e-02
2.003399130509440212e-02
2.302803599722137370e-02
1.856772113861115611e-02
6.587737373264334999e-03
-1.820209021159684831e-03
1.435886778904316900e-04
-7.541230555490512424e-04
2.177785062558050544e-03
6.321133928083608276e-04
-8.442448934991140033e-03
-1.006445079261011032e-02
5.353006142630793674e-04
1.640484385853997404e-03
-1.153790167107655862e-02
-2.484604397405577522e-02
-2.647263134068575732e-02
-2.718738536227472205e-02
-2.708787006033358882e-02
-2.278627235191732492e-02
-2.153179416332997448e-02
-2.449344760031532328e-02
-2.696474426518681231e-02
-2.262177941164992406e-02
-1.668030611687389142e-02
-1.675390841470172573e-02
-1.377453735140999301e-02
-1.879861615191888782e-02
-2.306725673386876216e-02
-2.725411915298818835e-02
-2.272109958554803522e-02
-1.306632011926225911e-02
-6.207940150326643827e-03
-9.225907540528092976e-03
-9.788695842211658088e-03
-3.431111995691572738e-03
-1.286968959030915976e-03
-4.662643126419556416e-03
-5.807283739589918711e-03
-6.162494829106859688e-03
-1.243919810179439783e-02
-1.264630700665776708e-02
-1.017411275278837929e-02
2.341380413827553499e-04
9.064887879426478459e-03
1.017087362727421562e-02
9.715620390099983031e-03
4.227566128893779640e-03
5.359523419267723555e-03
6.838281780504366740e-03
1.023023157796145756e-02
9.070507567065507620e-03
4.711054393893272275e-03
5.253881096775703079e-03
8.962113939166880400e-03
1.372425285472326888e-02
1.835801703077559466e-02
1.947223718203885262e-02
2.172087323701812900e-02
2.130993357841415303e-02
2.110621990149936372e-02
1.632927076747761608e-02
1.293390622926764502e-02
1.318638240413359287e-02
1.010624721942538461e-02
4.446480280359971400e-03
6.461645631863628496e-03
1.083296259005159072e-02
1.603021752874236178e-02
1.670559471124952178e-02
2.122056493471015381e-02
2.129334769475729749e-02
1.789287080182015363e-02
1.530260456911825342e-02
1.019891352705645446e-02
5.273979285206951625e-03
1.073762302823112399e-02
1.111183958913839094e-02
1.282814682994981234e-02
1.052282607847269263e-02
1.015212182233981783e-02
9.840814542502789031e-03
1.333770420149702277e-02
1.598736741049476551e-02
1.545806308099374748e-02
1.808684758938815598e-02
2.025702265826835602e-02
2.080396656285854462e-02
1.550399622232108421e-02
1.327988776234965279e-02
1.067713333489435715e-02
1.273832939174686200e-02
1.087003691822573982e-02
9.376761030588272317e-03
9.716849696771020714e-03
8.276394970379562580e-03
7.878060583354797725e-03
2.624198999383395230e-05
-1.230676469899548084e-03
-2.248050670850211454e-03
-3.915146619211526229e-03
-4.444470461516847153e-03
-5.559315022517775408e-03
-5.995016429781222476e-03
-4.008769054253400951e-03
-3.212139305812474008e-03
-6.018626922986863165e-03
-5.798639567284050861e-03
-5.727398318776780878e-03
-6.671096073243261773e-03
-5.703670748745326251e-03
-2.974941656715136308e-03
-6.085380226504632367e-03
-5.603140780980478582e-03
-1.926854301792836361e-03
-3.239359667814019177e-04
3.595917140827810908e-03
4.833048446390521280e-03
4.749728772020199441e-03
6.344041960334370969e-03
4.151758884179799006e-03
-9.655677055283676822e-04
-7.062854645218191729e-03
-8.839202784867428858e-03
-3.910346469353189434e-03
-5.453984904894591731e-05
-3.710945122189179997e-03
-1.034855722324989555e-02
-9.091327729255936629e-03
-6.846047876616635254e-03
-5.292340834055306135e-03
-3.358699978926171174e-03
-1.700952615106032556e-04
-1.084810452619008425e-04
4.383512460876826935e-04
5.409281070238290169e-03
5.571959319705590587e-03
4.834785085973415317e-03
-3.154810686772659654e-04
-3.620795966313094215e-03
-4.937441949407201172e-03
-6.985564427377244368e-03
-1.011294011130103518e-02
-1.048955674713747052e-02
-7.594207819170939802e-03
-8.128117170487273412e-04
-5.258505631395320916e-04
-4.170335073875476974e-04
5.331522545094090522e-04
2.670795576057007981e-04
3.522919739933344095e-04
3.011079370282779429e-04
4.343374622427235889e-05
-3.042514498013596360e-05
-4.158198109599518582e-04
-5.265491215335502649e-03
-9.826843374622426866e-03
-1.048114672848323055e-02
-1.085393885467643774e-02
-7.844771739215272710e-03
-1.072745685718968708e-02
-1.078008289039267438e-02
-7.487160574769162469e-03
-1.738436712170526107e-04
3.045987777179384650e-03
8.115043591604811154e-05
4.954983960474862881e-04
3.856530155087768415e-04
2.352951506778748025e-04
6.270244534463514582e-03
5.822737880597247603e-03
5.614887489170393257e-03
5.690402041819841647e-03
5.497420407271251704e-03
-2.503844022447530241e-03
-1.070730013034553244e-02
-1.631233365334332219e-02
-1.586474894825984708e-02
-1.584697278354055619e-02
-1.536077223874306175e-02
-1.035519157671263742e-02
-1.030287774837848440e-02
-1.561869248600931959e-02
-1.286643095199069622e-02
-7.172282451744834558e-03
-7.026190085934389679e-03
-1.105094012691127704e-02
-1.416052013331147753e-02
-1.125174639598504507e-02
-9.649413445102674250e-03
-1.035072314452743780e-02
-6.362871816485977765e-03
-5.943756292879387101e-03
-5.833899204658096055e-03
-5.767302003574745727e-03
-7.913261682315934215e-03
-7.483726321211978463e-03
-1.204531263415052969e-02
-1.143463991070940711e-02
-1.126056618352963209e-02
-9.075073563272218272e-03
-6.454074663794381189e-03
-7.831717673137112215e-03
-9.122060396031875240e-03
-6.014060926780152513e-03
-2.344639052146017897e-03
-3.465395992850508426e-03
-4.354477408075178510e-03
-1.679837809570640123e-04
4.269284504491847529e-03
8.558569633393433435e-03
1.170065797176106891e-02
9.802198702788769702e-03
7.886177909944504585e-03
1.045892164438304295e-02
1.455623980455975075e-02
1.488425004487944903e-02
1.043017928364592742e-02
1.074892094192208929e-02
1.577104846200076335e-02
1.282014658018591595e-02
1.097685000897588928e-02
5.415232475550455643e-03
5.277433051568439400e-03
5.434745279852638833e-03
9.394810374567789946e-03
4.175564505428461769e-03
9.116674862044472655e-04
1.063816626470289687e-03
1.477101724151388138e-03
1.318895809430147958e-03
6.339222297671732575e-04
6.691350364108928110e-04
1.148096330812278972e-03
5.494337384191505828e-05
-4.244191038159239246e-03
-4.105201333114789387e-03
-3.818363109872698145e-03
-6.332626969817594124e-04
5.825645288438272354e-03
6.308762810156023741e-03
7.580509830550806114e-03
9.654369697395430786e-03
1.099651891571248874e-02
1.678171416083233669e-02
1.596648870989143126e-02
1.508858813153191036e-02
1.064790315404968643e-02
1.077760476424629785e-02
1.438831261073516242e-02
1.475891930284652792e-02
1.540930058304259068e-02
1.522000686850711292e-02
1.491730473536734616e-02
1.482817024531497482e-02
1.475499722918178873e-02
1.480108647294354519e-02
1.466361876663466353e-02
1.452111675681582066e-02
1.436076053106048050e-02
9.540375894662077305e-03
5.612292286198202786e-03
4.826726297796613691e-03
2.911486017124436765e-04
-4.402537445071455507e-05
2.953009264679482796e-04
2.864616261190592759e-04
-1.556358832665995272e-03
-3.907400035903559748e-03
-4.382224615792882499e-03
-4.136636460845607294e-03
-2.418670631668500427e-03
-5.510357396523598260e-03
-5.715456482543844995e-03
-4.880776765713660745e-03
-8.609985872729684214e-03
-1.261848174772285495e-02
-1.659101552438710381e-02
-1.609855136940860701e-02
-1.133762224771895158e-02
-1.163729989619187964e-02
-1.087150037854840365e-02
-9.433406701477509843e-03
-1.131481177948969949e-02
-1.433166693984592489e-02
-1.382884148578296911e-02
-1.198086184154041785e-02
-1.346793265740979170e-02
-1.725448989626993113e-02
-1.272305086597825402e-02
-1.263155532660531835e-02
-1.213686671193637233e-02
-1.398586102200263803e-02
-1.422264890220962912e-02
-1.414707581114727462e-02
-1.364512843327791471e-02
-1.296518525456404405e-02
-1.358342894607441308e-02
-1.170139945832455140e-02
-1.008431482738973359e-02
-6.088833992866118407e-03
-4.626115156765869471e-03
-6.138220900554943772e-03
-5.386958422116592399e-03
-6.454835663162166587e-03
-6.145460150951053031e-03
-6.409312290725173444e-03
-7.638014064829340942e-03
-6.464435962878841042e-03
-4.114782120027160942e-03
1.955280555100256555e-04
4.005822620803771265e-03
3.183299381053847008e-03
1.969915158326893730e-03
1.770904067248928442e-03
3.231749674136167802e-03
6.016324412079205805e-03
6.785402080845449532e-03
8.924727406123898754e-03
8.665597364990906132e-03
8.809192091850671577e-03
1.031712209551907851e-02
9.842356054042660993e-03
9.414596358130203346e-03
6.909874259489075937e-03
6.415010029581410742e-03
4.346399107094074850e-03
2.785530865353845042e-03
3.902990142131266237e-03
5.963991070940750754e-03
7.329301987964501747e-03
7.060200903833095155e-03
5.824942827483393926e-03
5.160239148929527189e-03
4.734996604772051011e-03
4.481798456146923564e-03
3.531154143348865220e-03
2.997791150552992900e-03
4.101610977123188242e-03
3.683939401034958937e-03
3.416438366856330844e-03
3.281975632409987135e-03
3.086847589388156538e-03
2.894275723729911477e-03
2.643360573208138921e-03
2.359176091351144252e-03
2.367195853919341810e-03
2.209649471983515367e-03
1.976549511789636466e-03
1.766808329625900280e-03
1.595747379430382086e-03
1.452310706285464418e-03
5.839265225841196606e-04
5.871422327331194757e-04
5.281823432536430444e-04
-1.068251886888175897e-04
-5.942117217318002801e-04
-3.665851031446835506e-04
6.229423747863346980e-04
6.223921137050132191e-04
5.685699455983015484e-05
1.280619492510985484e-04
1.716260410081095055e-04
4.295860943951420696e-04
1.070201216037964043e-05
-4.876171743898345809e-04
-4.398459268972299365e-04
-1.802339194979745535e-04
2.137510634478344501e-04
-6.218399013432614284e-05
-3.595546397546069226e-04
-3.294171135098851195e-04
-1.587284676204525212e-04
-6.435674089337423099e-05
-1.237035692821629321e-04
-1.188403930659298553e-04
-6.570292926218184056e-05
-8.000796122415527924e-05
-4.662877280071182559e-05
-8.027665253939633933e-05
-1.198398389022876589e-04
-1.448002279095542350e-04
-1.671911708463093412e-04
-1.884532980541831610e-04
-1.851242185121876717e-04
-2.178624113143044294e-04
-2.237572294939939505e-04
-2.470964947198351193e-04
-2.841083819202160315e-04
-2.962863230852084777e-04
-3.028894560610672542e-04
-3.037304579264913165e-04
-3.038026553024094386e-04
-3.041655934624300358e-04
-3.022260207147930023e-04
-3.044758470508347075e-04
-3.073500831245463256e-04
-3.092077020941141658e-04
-3.046651212525659010e-04
-3.000405866329485514e-04
-2.949828677578226858e-04
-2.899173437609759525e-04
-2.850020683572560194e-04
-2.796926343066319636e-04
-2.744339335471936299e-04
-2.694893889370204290e-04
-2.648629030369728217e-04
-2.604959374341442725e-04
-2.564704459066039204e-04
-2.527825258934913045e-04
