-8.864098788771139492e-03
-6.407031065384545532e-04
1.785977859778597673e-02
-1.372027217809123831e-02
-3.719314828616266527e-02
-2.566581232314786186e-04
-5.949127176000824219e-02
-6.260859554408351735e-02
-4.509455340858827682e-02
-8.696998891171177359e-02
-9.965511182205417928e-02
-3.311302177061179602e-02
-1.257932973418404016e-02
-9.832124528141833464e-02
-6.893776622495288720e-02
1.659789504298983878e-02
9.390628881658275029e-02
8.866934482152702413e-02
3.357582147250044030e-02
3.836693145256575566e-02
-3.577505922842479785e-02
-4.435181987287852706e-02
2.175098007137707054e-02
5.012463720696320318e-02
9.455595344130780788e-02
5.644096243918104300e-02
6.332515344857882200e-02
-7.700046655638970172e-02
-2.561297632680760439e-02
-7.811426390125970898e-02
-3.785517362562788174e-02
-1.307436424117935647e-01
-1.701052478505080401e-01
8.358630384333398666e-02
3.857815425444895141e-02
-2.494537654736153284e-02
2.741121795454407734e-02
-4.704609213579820370e-02
-4.802707238895048691e-02
-2.153927253558249877e-01
-2.442259102393979364e-01
-2.500512000193893386e-02
1.901453595816746112e-02
-7.666066808451335796e-05
-2.547506952902041290e-03
2.057671217106259512e-02
7.732645011179175437e-03
6.352643920527875632e-02
3.228642926823356574e-02
3.706021001096710538e-02
1.399426802149794858e-05
1.394506752949302777e-02
-1.794206217924248226e-01
-1.814007598204060712e-01
-6.047722053575214918e-02
4.618641654396839907e-02
-8.509176618859784838e-03
-2.103417979992607684e-02
3.109313556189748917e-01
8.811589987821059899e-02
-7.481589200128453687e-02
-3.615496943146771086e-02
-1.917110501154272589e-02
-9.940135361944751891e-02
-4.483194881209896093e-02
-1.128889535200770650e-01
-1.907985385272571999e-01
-1.986984894479486563e-01
-6.927756469682923302e-02
4.442162155611704272e-02
6.253952096171208619e-02
5.652894164409624084e-02
3.502747835360126710e-02
-1.681263216573052333e-01
-1.881349256842322071e-01
-6.169450857070146732e-02
8.610498124685680987e-02
1.857839662140463588e-01
1.544895448954489436e-01
5.002054059949466447e-02
9.596689267385283273e-02
4.560837135464950592e-02
-1.860845012391010647e-02
1.066358860632941330e-01
3.444204097213385968e-02
-1.267518586515914425e-01
-1.375650603796678140e-01
-8.444779718733147478e-02
-7.764055768636504706e-02
7.566211622707359752e-02
8.547276704294136385e-02
8.953592787159397881e-02
1.221408273196032540e-01
1.380425232823756787e-01
1.856567235623095280e-02
8.132671671544301761e-02
1.327637709874635585e-01
1.245208708244717882e-01
1.164412048061367194e-01
9.640194135931505481e-02
1.765122183241537024e-01
2.596222710995583216e-01
2.665406358497082739e-01
2.974351516914183757e-01
2.685280448863601732e-01
3.399293500324165329e-01
4.159889480668205741e-01
2.965771726682784326e-01
2.875756639339792087e-01
3.253691551693841943e-01
4.269584764813165734e-01
4.926762765164597879e-01
5.431237465084010063e-01
5.469022473475966262e-01
5.742024612364350356e-01
6.220032840722495848e-01
6.574179436375644503e-01
6.664691375977799259e-01
6.682432637134253506e-01
6.792842903798496090e-01
7.238410315137634443e-01
6.441447173092420542e-01
2.926265912905434141e-01
-7.494822435909088976e-02
-3.790231399850944038e-01
-6.218445337162731290e-01
-7.937481443779955681e-01
-9.094650355370548223e-01
-9.156235798811189763e-01
-9.201691721350709896e-01
-9.004877634983246004e-01
-8.679100091493525682e-01
-8.246874981065082100e-01
-8.151079441828900096e-01
-8.335896363889746530e-01
-8.407455207557001930e-01
-8.859590763395318591e-01
-1.000000000000000000e+00
-9.334423984633933857e-01
-7.425408539799683849e-01
-5.129757208902138155e-01
-3.228243021346469677e-01
-2.051163664346002946e-01
-7.021128339362212034e-02
-3.564090911845078924e-02
-1.164237543853271079e-01
-1.169882270251274003e-01
-8.959458067487079125e-02
1.628439338580577878e-01
5.140833378777137641e-01
7.476863044492513266e-01
4.679669653839395593e-01
3.509097849599185914e-01
2.870388211271275303e-01
3.368876447385163453e-01
4.096340864886481303e-01
4.257854204157804912e-01
3.229636631341682995e-01
2.416810572046607097e-01
2.457831179297014501e-01
2.362471900581074868e-01
2.319063978817128280e-01
2.045746762886347936e-01
1.518235083828670950e-01
6.202291579566041740e-02
2.326238040705530183e-02
1.511218560461466687e-01
3.046746526578565928e-01
3.864310859857367220e-01
4.454389568526226917e-01
4.335653996934057952e-01
3.691903125927810669e-01
2.909688013136288998e-01
1.721556722956391894e-01
-3.622986082077569309e-02
-1.161327928550221489e-01
-1.955852859021201262e-01
-3.082519889238301003e-01
-3.512188028284223829e-01
-3.939686983076726712e-01
-3.396894067462842282e-01
-3.218996721986924214e-01
-2.565442107623046586e-01
-2.024576009306890967e-01
-2.634177376256521264e-01
-4.162422215355158217e-01
-2.230902998685159178e-01
-1.051387853780015634e-03
8.291022122043879838e-02
1.084718157526402826e-01
9.358927283854119594e-02
5.898617902435181887e-02
4.376856379401232455e-02
4.827101472985172864e-02
1.504529232484443091e-01
2.389120147359108937e-01
2.012154702827816388e-01
4.633171553390411090e-02
-1.283078545071164867e-01
-2.904271111676633987e-01
-3.155036082380527906e-01
-3.279527869170317245e-01
-3.272365925629699412e-01
-3.288459091487466179e-01
-3.939965705075770264e-01
-7.611122219596580529e-02
1.712407370379122329e-01
5.166548512775768209e-01
6.451456928362387933e-01
5.139464005477493158e-01
1.389477638618750732e-01
4.595047231260489945e-02
-1.145204466822993261e-01
-3.006356073412950747e-01
-3.293948703033827696e-01
-4.174819285138663960e-01
-5.241027878259078010e-01
-5.456540575257968761e-01
-4.213452577875532179e-01
-3.620635122607383516e-01
-5.455134846914971164e-02
6.256727197813849450e-02
1.698810584164955062e-01
2.177012706087652072e-01
3.567411339138021886e-01
3.737043971424935940e-01
1.650724980156205446e-01
4.056992589630329521e-02
8.463102660583256276e-02
1.695744642175485706e-01
7.023358115354552678e-02
-1.380607008040523609e-01
-1.473372960330588399e-01
-6.912123801040966076e-02
5.968068153587939573e-02
9.595671326171389959e-02
-5.973897078872266592e-02
-8.729064039408868103e-02
-1.023364174528444866e-02
1.110582347202782316e-01
1.431516187083053115e-01
7.613570125849042358e-02
8.277146613830670130e-02
1.027056635098370641e-01
2.210786541362950719e-01
2.643581214137264435e-01
2.037615351522973073e-01
1.550057865110670841e-01
1.826610679899902390e-01
2.448512169850762532e-01
1.624343337029429402e-01
-6.208108386502583786e-02
-1.938547858384987721e-01
-1.871412211659062574e-01
-2.042911069504783628e-01
-2.000581680693654385e-01
-7.660528723513836125e-02
7.033901077927035006e-02
2.392077024218518255e-02
-1.787177576209259683e-02
-7.777349596156059308e-02
-1.318658014166348424e-01
-1.748629111906882805e-01
-2.518750113609510288e-01
-1.112631559813135051e-01
3.683262743957489010e-02
1.098100448984785510e-01
1.062959664079399374e-01
1.040793994146838042e-01
8.911057386435933259e-02
1.320075860857130856e-01
1.839492483594786787e-01
1.708602209174801267e-01
3.288531801574173102e-02
-1.893782681669181275e-02
1.229236725864795397e-02
-4.283908651894401121e-02
-1.570998370082223039e-01
-2.471694569162440347e-01
-2.495252637255436501e-01
-2.145723132108168230e-01
-2.174916231920939746e-01
-2.859687710177594155e-01
-3.529165833530256702e-01
-2.577087839843915651e-01
-5.192833209120268495e-02
-1.354395021782730038e-02
8.082441119977702357e-03
-1.885929992304849132e-03
-8.240852162216202870e-02
-5.403474330309805673e-02
-2.925272208387108552e-02
-8.356436963384412248e-03
-1.198786953386775204e-02
1.099617666127400244e-02
7.099025078920739862e-02
1.271493404589218446e-01
7.497633892595083338e-02
5.626379219457219687e-03
5.359133295766455030e-02
1.542241530789691950e-01
2.311029514236029037e-01
3.547367591902519934e-01
4.548403710638091457e-01
5.495379879907172915e-01
6.217257739079853351e-01
6.407031065384545254e-01
6.027944909990972100e-01
5.485551899853973179e-01
2.746635643696338502e-01
3.623276922424396862e-02
-3.812117135949684411e-04
-1.698083483297887220e-01
-2.276055962530068866e-01
-2.406328201213046580e-01
-1.752361563024497360e-01
-8.459915535115943019e-02
-2.064651385430110384e-02
6.157514284502450808e-02
3.368319003387078292e-02
1.503462817879410406e-02
8.066941753161374629e-02
6.238270954138112889e-02
4.785850617126861245e-02
1.110350886760099187e-01
1.402989596398427075e-01
1.415483612964208437e-01
1.720017692787765284e-01
1.760226370736613644e-01
-1.730003211362162938e-02
-1.164660474190948869e-01
-1.937748047431213094e-01
-1.986148728482358405e-01
-1.929277322329873701e-01
-2.035967256224286148e-01
-2.911154333218208823e-01
-4.023982210265452109e-01
-5.298105296323899482e-01
-5.471446143032858700e-01
-4.126212592175182436e-01
-1.651330897545428555e-01
6.444185919691708397e-02
1.739382812547337065e-01
2.961433358175946107e-01
2.785414356606620290e-01
6.560970437290579438e-02
2.051357557910554394e-02
-2.677221747586933792e-02
-1.727058452850538384e-01
-2.123001230012300233e-01
-2.044607638194608501e-01
-6.719829858397105560e-02
3.842994686104497098e-02
3.153690945776452953e-02
-3.008440429231878585e-02
-8.745690412569150085e-02
-1.479662382830724821e-01
-1.992838056459382279e-01
-2.435412235895758060e-01
-2.636395033901077767e-01
-1.490750671053508447e-01
5.799017201994680071e-02
1.539527020885972097e-01
9.532474142475413914e-02
-1.888062821514914502e-01
-2.361175237368137170e-01
-2.127339598519137898e-01
-5.304976399517689900e-02
6.166772702209780826e-02
1.634946891340834652e-01
1.790110216373099472e-01
1.866104375329467324e-01
-4.801119735335284376e-03
-1.168514108786408018e-01
-9.659644084125569574e-02
-9.451923484752089433e-02
6.250025751489041159e-02
1.332206326989378298e-01
1.627627409279019111e-01
1.968734662716085104e-01
2.726131399245027009e-01
3.071164997364259630e-01
2.189349184132235171e-01
4.439314343882354991e-02
-3.388423342361502472e-02
-1.111870527572270811e-01
-9.490084161925362027e-02
-7.295245366246765062e-02
-5.161592108531921734e-03
1.010984070431837217e-01
1.248359478668678163e-01
7.018547131284121054e-02
8.443616357345839693e-03
-2.905167869412684026e-02
-3.545307472779161279e-02
4.462545216585171032e-02
7.464332672883378095e-02
5.115506031907609413e-02
-9.250843739964492371e-03
-1.020266724834736072e-01
-1.657159822829755436e-01
-1.828428432067571718e-01
-1.778852271281333441e-01
-1.197043123140591053e-01
-5.724634783293645890e-02
2.153903016862680764e-02
9.726428298765746328e-02
1.828404195372003160e-01
1.673580184077702870e-01
7.691054841582899149e-02
6.199068099055374953e-02
6.062894225001362603e-02
5.249183526318021431e-02
4.106689933894412670e-02
4.407879349729457857e-02
2.983925011663909888e-02
-4.787401765643272550e-02
-8.343688461515157140e-02
-9.381285635516452281e-02
-6.312665491186932043e-02
1.126679148564884575e-03
2.500730130454013531e-02
2.943473966759371785e-02
3.284593338544222751e-02
5.581262610655663564e-02
1.277092081265640278e-01
2.035652179181890176e-01
1.904398354328371012e-01
1.471967231987590941e-01
1.804858245626791424e-01
2.087942849871848583e-01
2.306763855815897879e-01
2.374662958452244399e-01
2.393119202127981793e-01
2.295942171244372276e-01
1.180102884772690069e-01
1.901489950860099643e-02
-1.537903162282854182e-02
-2.581656456958657947e-02
-5.733844727609837405e-02
-1.397318209635298458e-01
-1.475772393191912280e-01
-1.041359920988372406e-01
-1.047499075975981409e-01
-1.476402547276704225e-01
-2.056120068589848138e-01
-2.804924896539605639e-01
-3.170777816152545725e-01
-3.249013869449038916e-01
-2.370663903683371820e-01
1.166841776792152119e-01
2.034464581099013070e-01
2.227461387914371760e-01
1.779894449190797256e-01
1.265628124261538312e-01
7.506601469955585804e-02
2.307175879640569610e-02
-2.936808875477917372e-02
-8.537448724240936926e-02
-9.961924151261215832e-02
-3.043353389198916528e-03
6.432831027817667580e-02
-2.642369379358818285e-02
-1.516017426184113892e-01
-2.395409569859245358e-01
-2.991220257030156593e-01
-3.672477414429317077e-01
-4.080344645810989879e-01
-2.855470525148601224e-01
-5.913329576645520030e-02
2.715188531195656882e-02
1.266294633389683788e-01
1.827701331200504153e-01
2.173449911839019921e-01
2.074455128787741076e-01
1.142855931022364324e-01
-1.238483025224340964e-02
-6.746078199698252176e-02
-9.629408806403334797e-02
-8.780833621144092105e-02
-6.344997243075878313e-02
-3.365156114615333593e-02
-3.676815782936154742e-02
-5.077575603342239507e-02
-8.760365731736134698e-02
-1.262768194184404891e-01
-1.539951163058428385e-01
-1.551669605366004234e-01
-1.448166796938905321e-01
-5.065675385817897114e-02
5.237307545489247596e-02
9.163373505656237372e-02
1.041144214397808909e-01
9.917158974545410566e-02
9.883991056659334473e-02
5.686886129945043639e-02
-7.233223662285882816e-02
-9.283272438635715995e-02
-8.128163646168480583e-02
-4.196377825847223686e-02
2.008422251710201625e-02
7.436302934457915403e-02
8.680723950096642938e-02
1.320560594768509059e-02
-8.259708311368828271e-02
-7.546252703906349002e-02
-4.762534915989553863e-02
-3.189221941480498146e-02
-2.930422506195505192e-02
8.718205999793988623e-03
1.856506643884172844e-02
-1.261592714449311960e-02
-7.017408006592380787e-02
-1.023968880082889443e-01
-8.556195808263500346e-02
-1.300019995273844244e-02
4.166578808645229198e-02
1.018938553917558831e-01
1.464575039839068338e-01
1.658977574997424764e-01
1.677385345282024487e-01
1.617205630184380405e-01
1.532365077345354820e-01
1.385042323329637171e-01
1.142196692902889693e-01
5.989832706208835650e-02
-9.017880622155974996e-03
2.035652179181890020e-03
4.264337520222492850e-02
4.016892976811541754e-02
-4.374699313495598180e-02
-1.103490690079314551e-01
-8.423342361502432485e-02
2.829500905846496842e-02
1.022754621634886368e-01
1.222220202497591446e-01
1.265749307739382767e-01
1.315022509831009490e-01
1.598179824162773710e-01
1.643478208181096412e-01
1.129008295009058527e-01
2.460557807548518702e-02
8.180102884772689001e-03
1.527251134580311434e-02
8.330891486254763658e-04
-2.821466441265397737e-02
-7.485151994377085838e-02
-1.112117741867073850e-01
-1.179905355703803338e-01
-8.790467707632741712e-02
-2.122092353928465430e-02
1.199910324226394903e-02
4.744890601615375098e-02
7.199134749968189029e-02
5.099085670659662256e-02
-1.504371693963245035e-02
-7.827652857809365428e-02
-1.075880246487193881e-01
-9.643781166875707578e-02
-5.620404873999478718e-02
-3.084507298274952874e-02
-2.228043068608026242e-02
-2.160871066838747356e-02
-4.079762965117336021e-02
-7.544689437042152724e-02
-8.463987299971521827e-02
-6.376480710619913950e-02
-1.645744339216791141e-02
5.454759178133652964e-02
1.197365471191657732e-01
1.687092141857379213e-01
1.796060325135271085e-01
1.795418052702694722e-01
1.738910196983743384e-01
1.375686958840031671e-01
6.352038003138651967e-02
-1.151106102194026856e-02
-6.193760262725779564e-02
-5.947988051309084645e-02
-6.077508952429425820e-02
-7.968152982022430608e-02
-9.820733281224439115e-02
-1.193950520785996144e-01
-1.377262344052011811e-01
-1.288883233659922634e-01
-3.060646271487345305e-02
3.517980598525197178e-02
7.577081780670023858e-02
9.989578220905362405e-02
1.185659147231866301e-01
1.201555995855524972e-01
1.109088154920958025e-01
7.512745472282308934e-02
-5.253279527869170705e-03
-4.966777549548893889e-02
-5.022606777791915889e-02
-3.383345754639812547e-02
-2.075170111307024154e-02
-2.094438284284320592e-02
-4.056495737371166449e-02
-7.540132938275195817e-02
-1.006602075872975316e-01
-1.069449039317979383e-01
-6.704500148449760166e-02
1.808299856397578564e-02
4.411842049454977460e-02
3.581032362047758405e-02
2.304037227564393817e-02
3.130714558377110934e-02
4.004568617114741963e-02
1.726937269372693859e-02
-3.097170971709716988e-02
-4.796114857700301687e-02
-2.832421427662552491e-02
1.760262725779966966e-02
3.091438993207665936e-02
4.047516041662879878e-03
-2.075945685565229806e-02
-1.449087791370524438e-02
4.391919485697319374e-03
2.095407752107077484e-02
1.815667811850532262e-02
4.274141263580123404e-03
3.072219293621507915e-03
9.116584564860428022e-03
1.711752979598761548e-02
4.173874054011475487e-02
7.004102060725041212e-02
7.897733263046916030e-02
5.638267318633777281e-02
-2.135374063100237141e-02
-7.390604644962704695e-02
-8.631172026005973219e-02
-6.109198431885796976e-02
-3.211265216100436803e-02
-4.059404140839437819e-02
-4.059343549100515730e-02
-3.968383230630335816e-03
2.031204745544992404e-02
3.206938965941383279e-02
1.046248462484624872e-02
-2.903640957591841973e-02
-2.684832069995576886e-02
-1.786220226734287070e-02
-3.023976151091559844e-02
-6.021728197577542324e-02
-6.094668532892225793e-02
-3.603015044928774280e-02
-2.354292015826562126e-02
-1.550312350414144447e-02
1.992910766546088924e-02
2.765564502935669716e-02
7.815534510024903236e-03
-2.138464241785274778e-02
-5.196965565714770779e-02
-8.539617908494355480e-02
-1.006110070952926372e-01
-1.006429995334436056e-01
-7.008234417319542109e-02
-1.043427311120401733e-02
2.207284338853240501e-03
4.093202212810305614e-03
-1.758735813959124913e-02
-5.834196765612976315e-02
-6.714412956937450272e-02
-6.328540526784577624e-02
-5.497742957725143542e-02
-3.908821551269699157e-02
-8.830591557147098036e-03
2.493580305261180324e-02
5.571919364513841511e-02
6.808318033919255607e-02
5.149570707529734642e-02
-2.481280182259950826e-02
-7.556722956392125656e-02
-5.191100285387090230e-02
7.892473900108458798e-03
4.241155120910815313e-02
5.217687940426202209e-02
5.337199086276576965e-02
5.669472064178769644e-02
6.861299450432928326e-02
8.602548488539073224e-02
1.018566520640575845e-01
1.105616248280709285e-01
1.158069304830979390e-01
1.181118402317028193e-01
1.131320475766333933e-01
9.810784117693394091e-02
5.603802737534764600e-02
1.020591496555359537e-02
-7.250625609704373052e-03
-8.425463072364714270e-03
-1.481722501954083407e-02
-3.444700949472549040e-02
-4.599312889680621380e-02
-4.032283278497809237e-02
-2.121001702627863666e-02
-2.452947485139875955e-02
-3.008634322796430172e-02
-8.256993801465108487e-03
3.517920006786274395e-02
5.162985718527136197e-02
2.145868552281582006e-02
-4.017038396984955184e-02
-5.286992771405546465e-02
-1.994910293930525491e-02
2.583207605475069252e-02
3.092602354594974415e-02
3.753767291367494929e-02
5.143208574942892408e-02
4.813577396857712104e-02
3.339622755833469847e-02
1.459073309944921952e-02
-7.770296717745502242e-03
-2.372675549415592666e-02
-1.935142602657553487e-02
6.533001290604039182e-03
2.751798059852519907e-02
2.088560885608855763e-02
-8.593471846048509125e-03
-2.882967056271548006e-02
-3.229345790994855858e-02
-3.414199068099055268e-02
-2.505129090699774116e-02
7.574209732245105846e-03
6.867855476584322494e-02
1.087233926526457450e-01
1.130372820969588882e-01
8.891062112591570366e-02
5.971364344185313422e-02
2.032840722495894703e-02
-1.813583456031604701e-02
-5.403013833093995438e-02
-7.047352443967790092e-02
-6.046401153666708383e-02
-3.988390622822483855e-02
-2.545737674125509581e-02
-2.987051545392301402e-02
-3.036288392440574316e-02
-3.079550894031107475e-02
-3.878368143287343889e-02
-6.850998854816134354e-02
-9.159980368276587903e-02
-1.018452608171401819e-01
-9.975108913650712616e-02
-5.532025763607389957e-02
-2.152291276607347370e-02
-3.108574336974896657e-02
-2.143856906549360813e-02
2.546452656644792797e-02
5.948775743915074576e-02
5.493489417652797080e-02
4.886820690867007405e-02
4.806645701924999042e-02
3.608322881258368975e-02
-5.386969140627366655e-03
-8.932724992274553022e-02
-1.160537812274674563e-01
-8.412023824671743810e-02
-6.582916765128242302e-03
4.661177055120304530e-02
2.125812686698295637e-02
3.623058792164276197e-03
1.533286071776973972e-02
2.444416168299614125e-02
2.226710050351735082e-02
2.990371972685244156e-02
3.455946776216530653e-02
3.233478147589357449e-02
3.125479432134222607e-02
3.942716570022842398e-02
5.032192390889425604e-02
4.705505971315870895e-02
8.199468004532261406e-03
-2.151612649131417337e-02
-4.450778300886457095e-02
-4.138852028914377645e-02
-7.923436278697761764e-03
3.060670508182914556e-02
3.430546719260296057e-02
4.468895230824229681e-02
4.183641442325752857e-02
3.507970843255230758e-02
3.074788383351813661e-02
7.020413356842928124e-03
-3.124558437702603525e-02
-4.768000290840346961e-02
-7.986500160568107964e-02
-9.311411242191239279e-02
-9.547767497379407164e-02
-7.803028375111337178e-02
-3.481104466217075505e-02
-9.769727155399633017e-03
2.243942340901241336e-03
1.803719120935051712e-02
4.903580365852919926e-02
5.314816497918672944e-02
1.216851774429074384e-02
-3.369894388599058849e-02
-4.510279388508170451e-02
-4.479668442004616780e-02
-2.939147716600318608e-02
2.629778416010760886e-02
4.172189603669435726e-02
3.372717963632838184e-02
2.129120995643453765e-02
1.204134780264058679e-02
2.029689952071934630e-03
-3.121371312235289661e-03
8.218808887596264906e-03
2.502923551403001337e-02
4.276358921224680115e-02
4.185665206405758676e-02
1.332775889335248041e-03
-1.003373748023194539e-02
-1.501414817103836029e-02
-2.888941401729288108e-02
-3.466756342440271976e-02
-3.419143353995116041e-02
-3.607716963869146004e-02
-3.018959155108792355e-02
-1.824732335993310695e-02
-2.914111210077618107e-03
4.673368112991474477e-03
1.475251304237180407e-02
3.839831797332751706e-02
5.530304958221995276e-02
5.473118475027114599e-02
2.780833621144093368e-02
-3.338023133925920038e-02
-4.001914698949945309e-02
-3.231514975248274413e-02
-2.457104078429946797e-02
-3.089887844691254631e-02
-3.497064330249213815e-02
-4.070383363932161824e-02
-5.572404098425220997e-02
-6.882954937923763117e-02
-6.140803082907676097e-02
-1.261253400711346943e-02
2.074806560873490580e-02
3.637600809505631833e-02
6.336284151018849176e-02
8.549288350026355843e-02
7.601257884500026152e-02
1.201946206654184827e-02
-1.372730081980622595e-02
-3.004635268027557038e-02
-5.244227122074175684e-02
-6.248195880973587968e-02
-7.165021600954925296e-02
-8.838201879555740437e-02
-9.342603869388448057e-02
-7.790704015414537387e-02
-3.787032156035845948e-02
-6.335217736413817054e-04
2.639824526324080836e-02
2.813431976684298633e-02
2.124976520701167548e-02
1.816540332891013534e-02
1.961693902653311936e-02
2.068662558546767449e-02
1.999697041305388209e-02
2.625549112633983329e-02
3.645029356697507966e-02
4.160980131968806950e-02
3.621131974866546172e-02
3.198080453710941407e-02
3.300856161270972200e-02
3.262562182272069067e-02
2.613951853804252420e-02
2.398269499936378502e-02
3.588509382630772349e-02
3.691260853495234584e-02
2.685195620429110808e-02
5.734729366998103824e-03
-7.750143905379940426e-03
-1.823266015911390731e-02
-2.024091275395512729e-02
-1.417155944958464232e-02
2.386599531019940792e-03
1.114791049388326287e-02
2.276189264355697739e-02
4.161283090663418782e-02
4.192499954556196118e-02
3.271008670677839902e-02
2.267548882385375664e-02
2.075691200261756478e-02
-6.626979077672549888e-04
-2.355528087300577320e-02
-3.236253249231999668e-02
-3.094274686589230244e-02
-2.871127430486127355e-02
-1.633892595083586211e-02
-2.039081671604893540e-03
1.496191809208732501e-02
3.764916171329200922e-02
4.412399493453062621e-02
2.106253673374171992e-02
-2.968365053108659116e-03
-2.317997564212095213e-02
-2.540308654318070014e-02
-3.702227958240173616e-03
1.920346100012724003e-02
3.337514163318972688e-02
5.033040675234338318e-02
5.236762219838947408e-02
4.587533855634122471e-02
4.206848078333000340e-02
4.164930713346542274e-02
4.077084810256969422e-02
3.744617938790225503e-02
2.961748435218342079e-02
7.253788498476118184e-04
-3.794751543574548941e-02
-5.385539175588800048e-02
-4.184186767976054433e-02
-6.191336593168887681e-03
2.234041650761334902e-02
2.476069292712631403e-02
1.106870497276401383e-02
-1.844969976793363982e-03
-8.190367125346129790e-03
-1.395730706075533692e-02
-2.318857966904791859e-02
-3.827737686243857379e-02
-4.361962929974126657e-02
-3.527129951102466604e-02
-1.606795969437526880e-02
2.283569338156435521e-04
3.755379031622828150e-03
8.036609528656863191e-03
1.199511630584286156e-02
1.028205454468337707e-02
1.016270093735420141e-02
9.832887984052253103e-03
3.986633462393737726e-03
-8.003744569465398584e-03
-2.126600379304285568e-02
-2.516556692660522690e-02
-2.240864280563988065e-02
-1.986936421088348823e-02
-1.834826919697768455e-02
-1.003899684317040297e-02
-3.202552124043407493e-03
3.249001751101254656e-05
1.089621241039996592e-03
-1.887141827083295420e-02
-2.863698883294251568e-02
-1.825362490078102570e-02
1.172497409703161103e-02
2.101527517738231710e-02
2.334902659371421163e-02
1.899623725301292573e-02
1.515157023491417107e-02
1.162883924405746540e-02
-1.325383697186725525e-03
-1.452214325098916126e-02
-2.304037227564393817e-02
-2.064869515690230875e-02
-1.033856240040232841e-02
1.566538818097540364e-03
5.704978823187246972e-03
3.439938438793254793e-03
8.573561400638637009e-04
2.684904780082283493e-04
-2.186137821969352715e-03
-4.646525972648888822e-03
-5.696508098085906885e-03
-5.938014651082471063e-03
-5.772805215736886465e-03
-5.332351747162791637e-03
-4.555068801919546183e-03
-3.235489793321578815e-03
-2.084343700579863005e-03
-8.821199837614139127e-04
3.490738552705723919e-04
5.236422906100982131e-04
3.978235447379104353e-04
4.538769624149443182e-04
5.393973545646786692e-04
5.624379692072782860e-04
5.693296735923024160e-04
6.054059949466489895e-04
6.359902810850768867e-04
6.593217360745035798e-04
6.815734462763346681e-04
7.152103442216687246e-04
7.889698798465817012e-04
8.875902059513206179e-04
9.882912523706518029e-04
1.089090457407036966e-03
1.191768006350014215e-03
1.297293367022339964e-03
1.405716224649931250e-03
