1.087420595669853773e-02
1.065514891746345734e-02
1.041536432575008303e-02
1.015742389273546591e-02
9.923661940872624890e-03
9.726629299923069544e-03
9.285481921090231808e-03
8.544653258599847409e-03
7.687262336520496626e-03
7.506165512693703003e-03
7.834729091108914162e-03
7.678909770304429006e-03
7.246752390372568874e-03
6.770744037806352214e-03
6.122079349379053355e-03
5.425519287833828128e-03
4.706253434443345533e-03
3.960171447411803963e-03
3.159446092977250247e-03
2.307704143312452015e-03
1.579355973183866344e-03
7.574590614353225813e-04
-1.656689746125947953e-03
-3.722299153753159603e-03
2.357885481921090376e-03
7.925288493241016557e-03
6.558764699417518607e-04
-5.195691834267501981e-03
-6.288229475766567850e-03
-6.402198043741071098e-03
-5.374194966479833337e-03
-3.145378613034399608e-03
2.349115287394219244e-03
4.350587976700736291e-03
-3.266710627541488318e-03
-6.568106385317068821e-03
-7.164061984833498820e-03
-8.680756127046929810e-03
-9.838927354654358748e-03
-1.081688097593142169e-02
-1.168741619958237228e-02
-1.250895702824486241e-02
-1.165517089790086766e-02
-8.195164303769644429e-03
-6.218947137048027284e-03
-5.165996263325639895e-03
-3.944587317287613984e-03
-4.257324980767117524e-03
-5.269150456094076791e-03
-6.268491042971755661e-03
-8.426948016265523728e-03
-1.025435762171667334e-02
-9.360940762721179503e-03
-8.112078250357182899e-03
-7.086251236399604761e-03
-5.876667765688537229e-03
-2.662094735685240424e-03
3.362083745466534941e-03
9.094735685240136827e-03
1.014632377184306045e-02
-6.785866578744916564e-05
-9.449961534234531391e-03
-9.903286075392900983e-03
-5.522936586438069971e-03
1.239024068578964801e-03
1.497146939224090463e-04
-1.016168809759314222e-02
-1.920786899659303326e-02
-1.818577865699527729e-02
-7.772414551049566279e-03
9.009913177272227749e-03
9.969798878997692543e-03
-1.405466534784042404e-02
-1.479408726233652190e-03
2.226090779206506276e-02
3.814331245191779352e-02
3.266490823167381152e-02
1.333135509396637074e-02
-1.329638421804594031e-03
-9.996922738762502661e-03
-1.273867457962413532e-02
-7.721793603692713240e-03
-1.375058797670073623e-03
1.384508187712935566e-02
2.483503681723266479e-02
4.045081877129355109e-03
-1.974346631497966853e-02
-2.988152544235630342e-02
-2.218529508737223863e-02
-1.272878338278931980e-02
-3.270249477964611712e-03
5.833827893175074462e-03
1.135410484668644866e-02
7.033124519177932389e-03
1.990302231014397065e-03
2.468007473348719956e-03
4.149247170018683165e-03
-2.104820309924167795e-03
-1.154944499395538053e-02
-1.829143861962852918e-02
-2.110306627101879440e-02
-1.883004725794043197e-02
-1.832935487416199535e-02
-3.617056819430707060e-02
-6.364061984833499497e-02
-7.106341356192988346e-02
-4.545048906473238975e-02
-4.257654687328277926e-02
-5.118518518518518773e-02
-4.618859215298384835e-02
-3.499461479283437482e-02
-2.546213869656006532e-02
-1.598637212880536437e-02
-7.049873612484889099e-03
-5.260116496318276852e-03
-9.405165402791515472e-03
-1.239307616221562922e-02
-1.219360369271348457e-02
-1.015091768326189733e-02
-1.436733707000769494e-02
-1.916094076272117572e-02
-2.459303220134080939e-02
-3.193186064402681740e-02
-3.912166172106824880e-02
-4.672887130453896171e-02
-4.957006264424661940e-02
-4.259391141883723392e-02
-3.609737333772942286e-02
-3.643828992196945088e-02
-3.904121332014507534e-02
-3.928937245851192583e-02
-3.608220683591603639e-02
-2.522650840751731321e-02
-6.768567974502693457e-03
3.036135839103198258e-02
6.421848554786241392e-02
8.732190350587977490e-02
1.055584130124189446e-01
1.186343554236729408e-01
1.231421035278602027e-01
1.080681393559731890e-01
7.995208264644466933e-02
6.832926695241235693e-02
7.078931750741840334e-02
6.000417628310803636e-02
4.393317947027145648e-02
1.789222991537531629e-02
-2.449631827673370843e-02
-5.968480052753050158e-02
-3.019628530607759015e-02
1.359314210352786066e-02
3.812990438509726576e-02
5.886954610396746834e-02
6.937113968567974742e-02
9.078228376744698624e-02
1.364796131443015703e-01
1.476861193537751249e-01
1.470715463237718679e-01
1.773238817452467420e-01
2.128488844928013990e-01
2.148776788658094405e-01
1.759090009891196849e-01
1.351155071985932488e-01
6.437278821848554933e-02
-2.061863941092427835e-02
-8.959402132102428640e-02
-1.395634685130234254e-01
-1.619982415650071672e-01
-1.810792394768656055e-01
-1.602020002198043802e-01
-1.076716122650840796e-01
-9.581404549950545135e-02
-9.640795691834268266e-02
-7.591251785910541061e-02
-5.349818661391361752e-02
-3.319199912078250186e-02
-1.488003077261237581e-02
-2.171456203978459204e-02
-4.258072315639081090e-02
-5.611759534014727074e-02
-4.460424222442026937e-02
-2.063134410374766609e-02
-2.108163534454335743e-04
2.033495988570172691e-02
4.012770634135619935e-02
5.765204967578855394e-02
7.408440487965710364e-02
7.618771293548742829e-02
3.325090669304319596e-02
-3.356500714364216154e-02
-3.424618089899988949e-02
1.009530717661281420e-02
1.408556984283987346e-02
-4.674887350258270097e-02
-7.863787229365863662e-02
-8.964215847895373734e-02
-9.271678206396306854e-02
-7.317001868337179304e-02
-7.025431366084186613e-02
1.177087592043081846e-02
9.526255632487087843e-02
1.320454995054401726e-01
1.689031761732058545e-01
1.667185404989559305e-01
1.213605890757226136e-01
5.619936256731509344e-02
-6.575975381910099948e-02
-1.286679854929113076e-01
-5.551181448510825178e-02
-2.386921639740631138e-02
-9.231190240685790971e-02
-5.515001648532806555e-02
7.552104626882075178e-02
1.008145950104407107e-01
7.721881525442357563e-02
7.699549401033080852e-03
-6.056775469831850167e-02
-1.180655017034839133e-01
-1.483367403011320029e-01
-9.084778547093087797e-02
-6.142169469172437113e-02
-1.030985822617870168e-01
-1.147273326739202126e-01
-1.149840641828772381e-01
-1.136116056709528532e-01
-1.014194966479833038e-01
-9.843653148697660560e-02
-1.163217936036927136e-01
-1.210475876469941786e-01
-1.089102099131772777e-01
-6.814595010440707701e-02
-8.231893614682931834e-03
3.238949335091768217e-02
-1.342822288163534467e-02
-8.807429387844818713e-02
-1.452667326079788990e-01
-1.739114188372348768e-01
-1.730664908231674126e-01
-8.498472359599956727e-02
-9.605297285415981268e-03
-6.526937026046818191e-02
-9.143796021540830099e-02
-2.464424662050775094e-02
2.867897571161666381e-02
3.547290911089130694e-02
3.361512254093856900e-02
3.439059237278822151e-02
2.838289921969447405e-02
5.762721178151445495e-02
8.424837894274096739e-02
1.927943730080228582e-02
-2.924079569183427041e-02
-1.369842839872513485e-02
-2.103286075392900301e-02
-4.133487196395208702e-02
-1.674003736674360004e-02
4.862182657434883232e-02
1.064026816133641085e-01
1.610838553687218566e-01
2.152095834707110911e-01
2.669502143092647994e-01
3.148302011210022955e-01
3.570260468183316660e-01
3.451697988789977356e-01
2.197641499065831616e-01
9.051851851851852593e-02
-2.038406418287724148e-02
6.136190790196725461e-03
1.423110231893614519e-01
2.541707879986812024e-01
3.658665787449170148e-01
4.510803384987361886e-01
4.886690845147818596e-01
4.777975601714474774e-01
3.364853280580283879e-01
2.232618969117485530e-01
1.693441037476645927e-01
1.063525662160677010e-01
5.180679195515991431e-02
-3.047235959995604065e-02
-1.532858555885262264e-01
-1.824917023848774689e-01
-1.897070007693153204e-01
-1.942780525332454267e-01
-1.565756676557863436e-01
-1.026429277942631085e-01
-5.892515661061654975e-02
-9.009429607649192817e-02
-1.798404220243982887e-01
-2.576766677656885385e-01
-3.304275195076382121e-01
-3.850225299483459596e-01
-4.354478514122431254e-01
-4.868974612594790807e-01
-4.962017804154302825e-01
-4.385448950434113757e-01
-3.738432794812617255e-01
-3.044818111880426836e-01
-2.233058577865699723e-01
-6.060775909440598713e-02
1.340367073304758738e-01
3.125684141114408177e-01
4.326563358610837073e-01
4.528189910979228960e-01
4.589405429168040840e-01
4.331069348280031095e-01
3.402176063303660181e-01
1.506462248598747222e-01
1.613315748983404699e-02
-5.945752280470381623e-02
-1.028495439059237265e-01
-9.386723815803933724e-02
-4.322123310253874612e-02
-5.013737773381690688e-02
-1.804033410264864190e-01
-2.841543026706231378e-01
-3.283701505659962772e-01
-2.708473458621826757e-01
-1.416553467414001788e-01
-2.976085284097153630e-02
3.496494120232992997e-02
9.414023519068030407e-03
-5.786108363556435180e-02
-1.225070886910649692e-01
-1.857870095614902739e-01
-2.403604791735355906e-01
-1.709968128365754736e-01
-5.629563688317398493e-03
1.351788108583360792e-01
1.279437300802286070e-01
6.146697439279041886e-02
1.179975821518848278e-01
1.553067370040664141e-01
2.302340916584240393e-01
3.421452906912847425e-01
3.974898340476975545e-01
3.499329596658973807e-01
1.776485328058028390e-01
8.514188372348610589e-02
3.562435432465106688e-02
3.858358061325420970e-03
-1.140120892405758861e-02
-2.482162875041213357e-02
-2.555159907682163015e-02
-2.093436641389163910e-02
-7.850027475546764166e-03
1.598274535663259804e-02
3.727860204418068091e-02
5.619452687108474065e-02
7.357248049236181364e-02
8.148609737333772918e-02
2.558325090669304192e-02
-5.704253214638971281e-02
-1.120525332454115897e-01
-5.646268820749533734e-02
3.882294757665678137e-02
1.197599736234751105e-01
1.899199912078250452e-01
1.485637982195845697e-01
5.133201450708869268e-02
-1.388767996483130165e-02
-6.009253764149907057e-02
-1.066435872073854263e-01
-1.486690845147818629e-01
-7.640356083086054240e-02
9.484009231783713245e-02
1.947227167820639870e-01
2.119940652818991245e-01
1.219217496428178921e-01
1.423930102209033889e-03
-1.220485767666776578e-01
-2.346411693592702630e-01
-2.940125288493241063e-01
-3.240839652709088803e-01
-3.081085833608088742e-01
-1.794513682822288236e-01
-6.472073854269699833e-02
3.213583910319815838e-04
1.011379272447521654e-01
9.033080558303110963e-02
3.007473348719639714e-02
-3.476118254753270131e-02
-9.322606879876910169e-02
-1.051289152654137915e-01
-1.088622925596219454e-01
-1.040690185734696183e-01
-7.529618639410924630e-02
-4.931574898340477381e-02
-5.865237938234971193e-02
-8.142828882294757264e-02
-1.289176832618969260e-01
-8.560808880096713869e-02
6.871436421584789511e-02
1.819432904714803900e-01
2.218507528299813458e-01
3.103308055830311107e-01
4.233168480052753591e-01
4.772106824925816393e-01
4.693922409055940048e-01
3.968480052753050047e-01
2.881217716232553072e-01
1.196647983294867601e-01
-3.639301022090339621e-02
-1.619406528189911154e-01
-1.976782063963073155e-01
-1.196360039564787481e-01
-5.115419276843609364e-02
-3.289328497637103443e-02
-1.360593471810089272e-01
-2.318474557643697420e-01
-2.916782063963073157e-01
-3.230772612374986363e-01
-3.471854049895593541e-01
-3.708209693372898075e-01
-3.927178810858336089e-01
-4.032157379931860519e-01
-3.396351247389822747e-01
-2.453830091218815457e-01
-2.043259698868007679e-01
-1.640153863061875050e-01
-5.031410045059897529e-02
9.768370150565997001e-02
3.338476755687438402e-01
4.678404220243983502e-01
4.804945598417408315e-01
4.415716012748653885e-01
4.261237498626223030e-01
2.894142213430047628e-01
8.315243433344324253e-02
-6.388152544235629893e-02
-1.490357182107923950e-01
-2.130229695570941828e-01
-2.793054181778217293e-01
-2.924892845367622618e-01
-2.555028025057698993e-01
-1.944633476206176492e-01
-8.546939224090559228e-02
2.089401033080558537e-02
9.066007253544346167e-02
2.974019122980547589e-02
-2.722804703813605856e-02
-3.113506978788877985e-02
-2.201296845807231700e-02
2.698846027035938303e-02
9.306231454005935155e-02
1.523358610836355598e-01
2.113720189031761953e-01
2.589251566106165470e-01
2.228200901197933959e-01
1.516524892845367567e-01
9.185536872183758250e-02
3.937179909880206968e-02
7.064468622925597352e-02
1.456982085943510363e-01
2.073095944609297803e-01
2.509792284866468881e-01
1.725807231563908362e-01
9.446774370809979393e-02
5.638092098032750771e-02
-3.646092977250247474e-02
-1.800444004835696499e-01
-1.907706341356192881e-01
-8.693219035058798172e-02
-2.238509726343554385e-02
-8.003319046049017782e-02
-1.639307616221563069e-01
-1.377070007693153297e-01
-1.528137157929443102e-01
-1.804917023848774671e-01
-1.888594351027585438e-01
-2.067576656775469979e-01
-2.646818331684800407e-01
-3.371095724804923921e-01
-4.077107374436751419e-01
-4.878272337619518617e-01
-4.626904055390702597e-01
-3.669853830091218683e-01
-4.169337289812067304e-01
-4.296098472359600740e-01
-3.020727552478294498e-01
-2.943268491042971835e-01
-2.577118364655456850e-01
-1.866227057918452559e-01
-2.218353665237938338e-02
2.990174744477415089e-02
-1.264714803824596194e-03
6.482184855478624608e-02
2.563974063083855337e-01
3.317419496647983634e-01
3.827915155511594780e-01
4.436069897790966277e-01
4.844642268381140759e-01
5.504978569073524231e-01
7.030113199252665535e-01
8.012814595010441243e-01
8.328695461039674619e-01
7.686888669084515069e-01
6.674755467633806116e-01
5.589471370480272316e-01
3.291218815254423613e-01
1.529073524563138720e-01
1.512212331025387380e-01
1.196513902626662323e-01
2.271634245521485934e-02
-1.140841850752830067e-01
-2.739399934058687758e-01
-3.979953841081437793e-01
-4.628794373008022767e-01
-4.511374876360040309e-01
-4.572062864050994713e-01
-4.811056160017584404e-01
-4.555797340367073733e-01
-4.062973953181668874e-01
-3.798219584569733076e-01
-3.726057808550390371e-01
-3.628398725134630576e-01
-3.906868886690845755e-01
-4.254511484778547570e-01
-3.483108033849873775e-01
-2.418749313111331067e-01
-2.173994944499395843e-01
-6.135883064072975707e-02
7.563864160896802136e-02
1.648106385317067712e-01
3.403319046049016472e-01
3.043872953071766196e-01
2.308561380371469407e-01
1.561787009561490525e-01
2.980305528080008995e-02
1.791084734586218322e-02
2.057349159248269416e-02
-1.689031761732058545e-02
-6.604725794043302123e-02
-1.122914606000659510e-01
-1.188631717771183732e-01
1.523378393230025336e-02
1.639250467084295004e-01
2.847631607868996717e-01
2.712517859105396112e-01
2.367578854819211154e-01
3.277568963622375930e-01
3.949532915705022962e-01
3.586482030992417247e-01
3.100494559841740494e-01
3.258687767886581099e-01
3.380283547642598529e-01
3.514979668095395415e-01
3.961600175843499327e-01
3.610880316518298994e-01
2.417826134740081456e-01
1.424690625343444372e-01
7.077788767996483210e-02
1.568387734915924758e-01
2.839542806901857452e-01
2.896889768106385432e-01
1.653680624244422692e-01
4.557621716672162482e-02
-7.409627431585888435e-02
-2.065139026266622768e-01
-2.698054731289152852e-01
-2.618837234860973973e-01
-2.993164083965270672e-01
-3.911286954610396771e-01
-3.963622376085284560e-01
-3.231146279810968025e-01
-2.655104956588636433e-01
-1.870671502362897254e-01
-8.575623694911529982e-02
-6.381030882514562852e-02
-1.740909990108803207e-01
-2.838048137157929696e-01
-3.894296076491922109e-01
-4.738125068688867070e-01
-8.184393889438399405e-01
-7.479151555115947092e-01
-4.664534564237828862e-01
-2.919309814265304004e-01
-2.451522145290691568e-01
-3.168370150565996135e-01
-3.501637542587097696e-01
-3.436641389163644367e-01
-3.382767337070007874e-01
-3.475261017694252219e-01
-3.707308495439059493e-01
-3.933948785580833052e-01
-4.426002857456863837e-01
-5.173887240356083161e-01
-5.877085393999340601e-01
-5.437806352346411520e-01
-4.355533575118145095e-01
-3.467216177601934457e-01
-2.568040444004835998e-01
-1.927049126277612934e-01
-2.389823057478843993e-01
-3.120958347071107197e-01
-3.902516760083525882e-01
-4.212704692823387442e-01
-3.966743598197604026e-01
-3.552873942191450141e-01
-2.892229915375316152e-01
-2.303967468952632103e-01
-2.527134849983515008e-01
-3.031278162435432910e-01
-3.274008132761841994e-01
-2.266710627541488055e-01
-1.828513023409165938e-02
3.388350368172327043e-01
6.994307066710627740e-01
9.087767886580943033e-01
9.944982965161006661e-01
9.617540389053742533e-01
8.334278492141994343e-01
7.261413342125507819e-01
7.279679085613803835e-01
8.068271238597648498e-01
7.538410814375205993e-01
6.445939114188372621e-01
5.550126387515111892e-01
4.622442026596329523e-01
4.274403780635234740e-01
5.378349269150456413e-01
6.122321134190570335e-01
6.417100780305527996e-01
7.040334102648642123e-01
6.806418287723925431e-01
6.440048356962303489e-01
6.351159468073414027e-01
7.099263655346742530e-01
8.035872073854269937e-01
8.975601714474118475e-01
9.146477634904935927e-01
8.911308935047808077e-01
8.441301241894714202e-01
7.715199472469502773e-01
5.501373777338168791e-01
4.220090119793383776e-01
4.290691284756566470e-01
3.796483130014287610e-01
2.522694801626552685e-01
6.671106715023629452e-02
1.593946587537092147e-02
1.047449170238487666e-02
-1.624923617979998069e-02
-1.039989009781294577e-01
-2.306627101879327735e-01
-2.845675348939443738e-01
-2.052311242993735685e-01
-1.188669084514781954e-01
-6.653610286844709176e-02
-9.111594680734147467e-02
-1.067816243543246585e-01
-1.071990328607539365e-02
1.060380261567205225e-02
-5.988833937795362550e-02
-7.383097043631167700e-02
-6.665765468732827437e-02
-6.649653808110782272e-02
-5.526541378173426000e-02
-2.510187932739861918e-02
-7.087130453896032384e-03
-1.889187822837674544e-02
-3.119353775140125407e-02
-4.063457522804703875e-02
-4.449104297175514311e-02
-4.389031761732058862e-02
-2.747378832838773613e-02
-1.974172986042422445e-02
-1.121545224749972564e-01
-2.339839542806902151e-01
-3.196768875700626844e-01
-3.995669853830091656e-01
-4.800065941312232076e-01
-5.222178261347401040e-01
-5.138147049126278176e-01
-5.302802505769864672e-01
-5.648291020991318412e-01
-5.904143312451918257e-01
-5.937949225189582680e-01
-5.780393449829652752e-01
-5.655786350148367392e-01
-5.528585558852621151e-01
-5.400417628310804075e-01
-5.483195955599516891e-01
-5.773975162105726699e-01
-5.999824156500713768e-01
-5.998373447631608624e-01
-5.422507967908561932e-01
-4.279349379052643232e-01
-2.668666886471041111e-01
-1.120986921639740702e-01
3.825475326959006800e-02
1.863622376085284083e-01
3.298054731289152830e-01
4.691680404440048413e-01
6.062600285745687323e-01
6.390988020661612090e-01
4.099527420595669991e-01
2.754280690185734737e-01
2.486207275524782989e-01
1.944468622925596413e-01
1.470394548851522154e-01
6.903395977579954157e-02
-2.962940982525552255e-02
-6.723354214748873681e-02
-6.176239147159028747e-02
-5.160589075722606806e-02
-4.222002417848115530e-02
-3.798219584569733492e-02
-7.574766457852512291e-02
-1.314179580173645556e-01
-1.636705132432135501e-01
-1.912471700186833823e-01
-1.866558962523354182e-01
-1.048326189691174970e-01
-2.066783162984943412e-02
5.733355313770744505e-02
1.492102428838334160e-01
2.483877349159248349e-01
3.355929222991537730e-01
3.676909550500055412e-01
3.864776349049346416e-01
4.091262776129245271e-01
4.277832728871304724e-01
3.936344653258599946e-01
6.542872843169579566e-02
-1.965816023738872487e-01
-2.439806572150785835e-01
-2.841762831080338891e-01
-1.443415759973623591e-01
1.752531047367842862e-02
6.021299043850972948e-02
-1.266596329266952460e-02
-7.817012858555885679e-02
-1.408317397516210545e-01
-1.903497087592043169e-01
-1.401688097593142279e-01
-5.545488515221453502e-02
-1.246211671612265127e-02
-8.490405539070226826e-02
-1.565281899109792207e-01
-1.973016815034619453e-01
-2.351818881195735789e-01
-1.748304209253764285e-01
-5.600681393559732435e-02
4.584459830750632625e-02
1.298004176283108213e-01
1.858982305747884367e-01
2.234201560611056292e-01
1.471537531596878723e-01
2.615276404000439758e-02
-7.790438509726343996e-02
-1.839720848444884038e-01
-2.108508627321683815e-01
-1.224303769645015971e-01
-5.429387844818112097e-02
-3.324079569183426702e-02
2.816001758434993202e-02
1.151326519397736087e-01
1.143767446972194790e-01
2.460819870315419586e-02
-5.316100670403341860e-02
-1.298922958566875452e-01
-2.072203538850423132e-01
-2.777118364655457028e-01
-2.209517529398835056e-01
-4.904846686449060994e-02
9.768721837564567356e-02
2.433542147488735319e-01
2.725947906363336837e-01
1.004400483569623109e-01
-6.792372788218485613e-02
-2.128381140784701975e-01
-2.926057808550390216e-01
-3.344785141224310698e-01
-3.319199912078250603e-01
-2.877854709308715342e-01
-2.460402242004615936e-01
-2.054144411473788623e-01
-1.741800197823936691e-01
-2.001870535223651271e-01
-2.428134959885701882e-01
-2.766369930761622409e-01
-2.743070667106275451e-01
-2.097351357292010221e-01
-1.423905923727881995e-01
-7.966172106824925825e-02
-2.807099681283657666e-02
-4.932300252775030647e-02
-9.238026156720519078e-02
-8.982613474008133148e-02
-2.676887570062644328e-02
3.662951972744258461e-02
1.341037476645785265e-01
1.889550500054951176e-01
1.826477634904934699e-01
1.829047148038245862e-01
1.612465106055610553e-01
1.367121661721068249e-01
1.156540279151555134e-01
9.929596658973513512e-02
1.350080228596549081e-01
1.978955929222991628e-01
2.522914606000659643e-01
3.073590504451039207e-01
3.337223870755027799e-01
2.591669414221343115e-01
1.746701835366523958e-01
1.263039894493900583e-01
9.526343554236729738e-02
6.657676667765688450e-02
4.693768545994065483e-02
2.814638971315529259e-02
-1.291640839652709273e-03
-8.274359819760414292e-02
-1.726361138586657851e-01
-2.548631717771183691e-01
-3.383514671941971752e-01
-4.011627651390263227e-01
-3.425541268271238837e-01
-2.389317507418397546e-01
-1.524499395537971258e-01
-9.185163204747776033e-02
-6.143422354104846606e-02
-3.543268491042971674e-02
-5.337751401252885386e-02
-8.313660841850753491e-02
-1.060356083086053530e-01
-7.585932520057149520e-02
1.293016815034619266e-02
9.171227607429387196e-02
1.690464886251236420e-01
2.438202000219804322e-01
2.028000879217496388e-01
7.899197714034510154e-02
4.250576986482031139e-02
1.070456094076272131e-02
-1.103046488625123583e-02
2.914188372348609692e-03
7.718364655456643950e-03
-3.545158808660292538e-02
-9.494252115617100862e-02
-1.479628530607759174e-01
-1.787633805912737517e-01
-1.408038245961094614e-01
-9.663039894493900828e-02
-6.032157379931860769e-02
-6.180547312891527395e-02
-9.806462248598747655e-02
-1.270686888669084469e-01
-1.468473458621826488e-01
-1.178098692163974115e-01
-7.867919551599078520e-02
-4.961072645345642601e-02
-4.375513792724475964e-02
-4.534871963952083473e-02
-3.450137377733816790e-02
-2.069291130893504901e-02
2.461413342125508231e-04
3.514518078909770887e-02
6.874997252445323725e-02
1.011399054841191497e-01
1.332102428838334018e-01
1.636364435652269411e-01
1.883598197604132440e-01
2.005004945598417576e-01
1.970231893614682872e-01
1.935885262116716354e-01
1.663701505659962721e-01
1.009203209143861996e-01
5.080316518298714362e-02
7.372744257610726326e-02
1.138927354654357682e-01
1.465301681503461961e-01
1.812471700186833734e-01
1.948014067479943157e-01
1.593164083965271094e-01
1.211119903286075467e-01
9.014529069128476846e-02
8.067304099351577107e-02
8.171557313990548965e-02
8.001648532805802350e-02
8.854951093526761130e-02
1.097045829212001389e-01
1.234223541048466988e-01
1.070003297065611758e-01
8.479327398615232880e-02
6.581580393449830424e-02
5.250774810418727678e-02
7.946829321903506327e-02
1.194493900428618693e-01
1.540261567205187532e-01
1.894386196285306190e-01
1.915276404000439692e-01
1.249396636993076182e-01
5.670974832399165028e-02
-5.454181778217387019e-03
-4.984591713375095996e-03
5.911880426420485640e-02
1.106391911199032935e-01
1.554465325859984703e-01
1.781101219914276446e-01
1.641802395867678066e-01
1.286747994285086238e-01
9.752983844378503020e-02
6.636751291350698190e-02
4.934388394329047162e-02
4.856094076272118171e-02
4.279305418177821452e-02
1.910438509726343492e-02
-9.634795032421145447e-03
-3.595494010330805429e-02
-4.634069677986592251e-02
-2.181595779756017456e-02
4.006682052972854527e-03
2.660534124629080135e-02
4.376261127596439010e-02
5.530475876469941737e-02
5.316320474777447985e-02
3.073348719639520943e-02
1.173797120562699269e-02
9.967842620068140258e-03
1.521184745576436952e-02
5.071568304209253530e-03
-1.792023299263655403e-02
-2.678646005055500615e-02
-1.468587756896362357e-03
2.525706121551818742e-02
1.989455984174084979e-02
-9.316056709528520649e-03
-3.380129684580723132e-02
-4.463589405429168461e-02
-3.340037366743598551e-02
-2.226969996702934246e-02
-1.410478074513682976e-02
-1.221762831080338424e-02
-1.581195735795142346e-02
-3.120232992636553723e-02
-4.769403231124299397e-02
-5.911396856797450361e-02
-6.713199252665129346e-02
-7.532849763710298963e-02
-7.976810638531707520e-02
-8.018331684800528159e-02
-8.100516540279151245e-02
-7.009385646774371481e-02
-3.739773601494670446e-02
-4.267194197164523618e-03
3.318320694581822217e-02
7.366963402571710673e-02
1.046780964941202430e-01
1.159947246950214367e-01
9.776876579843940540e-02
5.052445323661940851e-02
7.498054731289153022e-03
-2.332476096274315944e-02
-1.959263655346741434e-02
4.635564347730520380e-04
1.601472689306517386e-02
1.330135179690075838e-02
-8.522233212440928282e-03
-2.681481481481481563e-02
-4.503352016705132466e-02
-6.342784921419936106e-02
-8.087877788767995624e-02
-9.769908781184746815e-02
-1.136883173975162115e-01
-1.292858555885262051e-01
-1.417001868337179893e-01
-1.208458072315639203e-01
-7.757995384108144765e-02
-4.014748873502582693e-02
-3.349664798329486746e-03
1.780615452247499841e-02
2.601758434992856514e-02
3.626728211891416809e-02
3.494735685240137057e-02
2.128484448840531687e-02
9.641762831080338131e-03
3.411319925266512610e-03
6.474667545884164183e-03
9.623167381030882372e-03
1.211480382459611052e-02
1.795709418617430497e-02
4.368216287504121664e-02
7.671700186833718682e-02
9.930102209033961347e-02
1.183299263655346739e-01
1.373434443345422640e-01
1.516549071326519504e-01
1.447928343774041171e-01
1.324538960325310488e-01
1.257109572480492321e-01
1.254918122870645192e-01
1.262288163534454333e-01
1.271414441147378782e-01
1.292601384767556871e-01
1.239111990328607554e-01
7.970238487745906486e-02
2.902758544895043744e-02
5.895087372238707983e-03
-3.265787449170238360e-02
-1.090440707770084644e-01
-1.803956478733927116e-01
-2.134098252555226005e-01
-1.995063193757555808e-01
-1.445543466314979930e-01
-1.163996043521266233e-01
-7.926387515111550652e-02
-6.034113638861413748e-02
-7.266732607978898528e-02
-8.498670183536653766e-02
-9.138388833937795275e-02
-7.336718320694582407e-02
-4.640641828772392591e-02
-5.085987471150676259e-02
-8.569776898560281519e-02
-1.156672161776019364e-01
-1.441164963182767211e-01
-1.420063743268491219e-01
-9.530365974282888064e-02
-5.576744697219474661e-02
-6.361688097593141966e-02
-1.004068578964721487e-01
-1.233089350478074608e-01
-1.198289921969447336e-01
-1.130990218705352213e-01
-1.079290031871634331e-01
-1.019685679745026968e-01
-9.664314759863722182e-02
-9.899615342345313707e-02
-1.079173535553357571e-01
-1.147035938015166512e-01
-1.207978898780085741e-01
-1.262932190350588013e-01
-1.307154632377184322e-01
-1.294183976261127633e-01
-1.203708099791185870e-01
-1.116636993076162154e-01
-1.032610176942521246e-01
-9.471919991207825018e-02
-8.644136718320695467e-02
-7.720914386196285617e-02
-6.581580393449830424e-02
-5.477744807121661536e-02
-4.432575008242663900e-02
-2.819298824046598609e-02
-7.174107044730190785e-03
-2.946895263215738425e-03
-1.037509616441367223e-02
-1.434027915155511659e-02
-1.831451807890976946e-02
-2.116927134849983308e-02
-1.913241015496208383e-02
-1.498942740960545333e-02
-1.132443125618199861e-02
-7.489020771513353082e-03
-3.667765688537201994e-03
-3.210748433893834738e-04
-4.900604462028794808e-03
-1.468869106495219318e-02
-2.114326849104297343e-02
-2.188783382789317652e-02
-1.864664248818551431e-02
-1.305695131333113601e-02
2.858226178700956546e-03
1.877292010111001122e-02
3.228948236069897892e-02
5.497021650730849612e-02
8.365292889328497516e-02
8.836707330475876421e-02
8.636751291350698578e-02
8.483130014287285081e-02
8.009187822837675330e-02
7.622134300472578616e-02
7.291416639191120042e-02
6.984657654687327633e-02
6.721859545004946201e-02
6.195296186394109311e-02
5.456094076272118010e-02
5.112737663479503814e-02
5.493724585119244552e-02
5.969688976810638703e-02
6.270820969337290163e-02
6.405341246290802149e-02
6.096362237608528994e-02
5.777931640839652910e-02
5.669084514781844164e-02
5.825651170458292366e-02
5.911374876360039887e-02
5.885196175403890201e-02
5.751071546323772293e-02
5.499945048906473150e-02
5.232509066930432495e-02
4.952412353005825052e-02
4.652313441037476960e-02
4.325574238927355070e-02
4.000417628310803941e-02
3.681371579294428348e-02
3.363116826024838135e-02
3.047060116496318194e-02
2.732080448400923608e-02
2.417056819430706688e-02
2.101947466754588295e-02
1.786723815803934953e-02
1.470860534124629124e-02
1.153959775799538387e-02
8.364919221892516688e-03
5.188877898670184001e-03
2.018074513682822316e-03
-1.143796021540828892e-03
-4.291328717441477390e-03
-7.415606110561600607e-03
-1.050849543905923653e-02
-1.356219364765358891e-02
-1.656900758325090608e-02
-1.952144191669414469e-02
-2.241235300582481924e-02
-2.523508077810748471e-02
