-1.195685400790997763e-02
-2.364704232074574426e-03
-1.292133562386255183e-03
-5.241990282860925845e-04
3.542092117895457876e-03
1.799865920240760432e-03
2.788640383876180408e-04
-3.482976789263417250e-03
-6.025755701577804359e-03
-2.139155115343205696e-03
5.590251527070083833e-03
8.547985433400070304e-03
5.673031204513532232e-03
2.482297281787924220e-03
6.155754772492517263e-03
9.561745004344840426e-03
6.822874444142845371e-03
7.774421735494882989e-03
1.491566273839690752e-02
1.491976164408017821e-02
1.294687636060896929e-02
1.257584341815942697e-02
1.249665256035866270e-02
8.138185951866093795e-03
5.571123300548160018e-03
3.246661213603994705e-04
-1.191582851636009861e-02
-8.556893721751708190e-03
2.288737846744649113e-03
5.906176959777894274e-03
6.695298281920911664e-04
-1.487055655852235168e-02
-1.882290359191659407e-02
-1.171365227070266142e-02
-1.221710719275969324e-02
-1.730829418119349261e-02
-1.978678403503562194e-02
-1.841884257833919722e-02
-1.346439508349926359e-02
-9.914669892353627709e-03
-1.201928489580581655e-02
-1.054307767699530149e-02
4.477425960100341398e-03
1.211550898389038983e-02
-3.937973537464908511e-03
-1.167045891348029822e-02
-6.395677385153216397e-03
-3.519666549468326595e-03
-7.816103051954084724e-03
-1.168321106449491352e-02
-5.320998967075767951e-03
9.465648437770412919e-04
5.471018915083426587e-04
-3.786004332087872758e-03
-1.075204899740766877e-02
-1.519274876258591700e-02
-9.415259223904088454e-03
-8.463329368021611787e-03
-1.688393903014426267e-02
-1.651900890282314086e-02
-2.334773111907412213e-03
1.017720024702738202e-02
1.474746186651412598e-02
1.336607599917657464e-02
4.795537475839228153e-03
1.927833755672429903e-03
-3.232779586356655365e-03
-9.023203449639022669e-03
-1.387330191446221363e-02
-1.202646253509118655e-02
-1.051400277268197715e-02
-2.060565430375987939e-02
-2.907891213221430043e-02
-3.274679511118964992e-02
-2.237783894761962572e-02
-1.605412012890602980e-02
-2.595208470343050855e-02
-3.383200316253345136e-02
-4.000805207249779477e-02
-3.131472855224829571e-02
-2.761223259194756086e-03
1.733953695117929766e-02
2.844494805320197175e-02
1.987440952986462700e-02
7.258560792236489791e-03
-8.882292180927517941e-04
-1.382901551572431227e-02
-2.177867002351860717e-02
-1.819455045935069668e-02
-1.454160571442104227e-02
-1.487246938117454433e-02
-1.672881822173075822e-02
-2.433420108684761218e-02
-2.338835582873496563e-02
-1.703499736759168243e-02
-9.230353034192159689e-03
-3.967613179894594055e-03
-2.339363886272673859e-03
-1.256617000074691098e-02
-1.706784326513361566e-02
-5.869760459951869902e-03
-3.228462072370278692e-03
-1.173237971533555406e-02
2.222426661468646840e-04
1.237206404494586680e-02
1.377243239993660405e-02
1.322926363614834039e-02
-8.640055963725596505e-03
-2.003290054961770830e-02
-1.825124287928996114e-02
-1.927724451520876348e-02
-1.481222457630978172e-02
-1.261781621235610537e-02
2.316300710294811119e-03
4.204967144993778522e-02
3.707177821458954720e-02
6.760279600019675119e-04
-1.588551847513421794e-02
-2.263215327356824999e-02
-9.114763893923962966e-04
1.382438830664186637e-02
1.582629384235062150e-02
1.919399118644191105e-02
1.289195102445315870e-02
1.568753222195300862e-02
2.703820362270392685e-02
2.936018814887953604e-02
2.737303867363055643e-02
1.914443997107083406e-02
-4.776372814600120080e-03
-2.144456366693567664e-02
-2.030780049077563973e-02
-7.174633421201725763e-04
1.526069951013522830e-02
1.751078012194699773e-02
-9.007245043512161417e-03
-4.415632679755231160e-02
-3.758204642876010471e-02
-1.220122165606719877e-02
-2.328542775268842464e-03
4.650928083333484971e-05
-2.931537344674245860e-04
-7.200738896064503560e-04
1.531276472099204165e-02
2.898764316566683139e-02
2.039287555540171895e-03
-2.298393046798572273e-02
-2.320235659750749871e-02
-8.053639190639193257e-03
-2.394507830731590868e-03
-3.076037433028435200e-02
-5.557678889907036179e-02
-6.697921581558202719e-02
-7.642309450983464370e-02
-6.008649601859628042e-02
-1.012999907091471224e-02
2.182275603131199337e-02
1.699867195455861957e-02
-7.414173469331986933e-03
-1.704148274725054285e-02
-2.493919956569816670e-03
2.960229684457131583e-02
4.340850422733805863e-02
5.440741665103009800e-03
-3.070226095637489105e-02
-2.651554760469060357e-02
-1.626363797007616616e-02
-1.436413220701477679e-02
-2.423783125989430187e-02
-2.983966902702909346e-02
-1.067575469962308253e-02
1.218604659635980601e-02
2.887688162542560028e-02
3.046288486447196187e-02
2.614719261395413025e-02
2.560650141093442304e-03
-2.271303834571809788e-02
-2.371353567960766962e-02
-2.040854248379110614e-02
-1.775370859877542853e-02
-5.618506650246753685e-03
1.580390470864067448e-02
2.518731998972540895e-02
2.302218692102956862e-02
1.554288639473008250e-02
1.037700823606781987e-02
1.722054116485434438e-02
2.868177371490197858e-02
1.398233280563717902e-03
-4.034361581776811645e-02
-5.463276537681695244e-02
-4.882762188779200124e-02
-2.680046709307430663e-02
1.300741264321120944e-02
4.372894756497676394e-02
4.111694269001160001e-02
2.994988404651256070e-02
1.607552552525199144e-02
1.552754737879535841e-03
1.313178255032089806e-02
3.430838708972230866e-02
5.239840634547034137e-02
6.966736924946304033e-02
8.435347505223828035e-02
8.086120741009278357e-02
5.600945116563768589e-02
-4.023194340959726500e-03
-1.136781393518628003e-01
-2.024786538100694366e-01
-2.442619874773876987e-01
-1.846475032199181299e-01
3.291676306685588360e-02
2.984987074784078431e-01
3.974553993518263884e-01
4.237958781404448927e-01
4.314726730512435937e-01
4.671367959674054271e-01
4.493347931510018323e-01
4.998952501880941646e-01
3.502323624088448661e-01
-2.570141384920034827e-02
-1.991740249614247227e-01
-4.425706879056777732e-01
-5.393504054273153825e-01
-4.842173913835536858e-01
-4.986892610492833500e-01
-5.128168226376184080e-01
-5.239822417188442216e-01
-4.491143631120348978e-01
-5.678040978126416838e-02
2.522521209559741018e-01
5.109386129667514709e-01
7.145758907832917561e-01
6.425808896264894043e-01
5.248894661767411485e-01
2.942577063981184904e-01
8.910401565235449850e-02
9.398098472110134882e-02
1.668690007960985655e-01
2.476285553452462485e-01
2.870053759425205686e-01
2.071331889304042218e-01
9.137535592164348908e-02
-4.081708496758221227e-02
-2.656473447288983936e-01
-5.083481045749252969e-01
-7.007489156117298057e-01
-7.980095714002043428e-01
-8.462127022354520856e-01
-8.717242912081205608e-01
-8.611418276018486528e-01
-7.972280467165943074e-01
-5.720341684777756619e-01
-2.349638476518735586e-01
2.673105895683761113e-02
2.690849602952669617e-01
4.926119502228893388e-01
7.321957200137723110e-01
9.724899667897553002e-01
1.000000000000000000e+00
9.783668866716338508e-01
9.317759920718053923e-01
9.032731128182800440e-01
4.495661536051241414e-01
9.041439025589922962e-02
8.930750354783058287e-03
-1.987021953738839497e-01
-3.631612218018060445e-01
-5.162052513357878736e-01
-6.090809889110937458e-01
-6.344559476943200105e-01
-6.301766901609867633e-01
-4.254755186026557001e-01
1.553029819994279637e-02
1.970079810247992724e-01
2.258096249592386473e-01
2.634412226033698290e-01
2.258588118274378886e-01
2.939899112268115622e-01
3.791068757776535070e-01
4.329100226441766619e-01
4.944992685730525417e-01
4.956651795229601865e-01
3.900937647446745538e-01
7.033539978904297663e-02
-1.278960590388157348e-01
-2.724169151818001122e-01
-4.036857359903958109e-01
-4.485350511087994874e-01
-2.226507349793323820e-01
9.995718920730807533e-02
2.226051915828516081e-01
1.940549471969861273e-01
4.519398754297018761e-02
-8.272757579787475002e-02
-1.141525193696065338e-01
-4.873143423442460875e-02
-4.618901966928206509e-02
-7.241272518932390101e-02
-8.998846841201106617e-02
-1.165522920169712873e-01
-1.718060871482000318e-01
-3.348969899458397737e-01
-3.679724262060346529e-01
-2.791664465402503015e-01
-2.797220759773156873e-01
-1.775343533839654209e-01
-6.567157381582615361e-02
2.638893696247406051e-02
1.147199900897569180e-01
1.545824854671021820e-01
3.703534349740493156e-04
-2.522357253332410121e-01
-3.456980618552193407e-01
-4.751360381252880960e-01
-5.100113494144029591e-01
-5.335645723383982686e-01
-4.135449704605530519e-01
-9.782757998786723030e-03
2.220568490892231572e-01
3.983589803380048755e-01
6.097113095183877007e-01
6.750551530531381239e-01
6.643251288422685752e-01
4.603654037786445441e-01
2.478908853089754893e-01
1.847294813335834951e-01
8.151102059108041031e-02
2.960849074649270218e-02
2.351369125585004924e-02
5.128605442982400037e-02
4.225917107374933118e-02
-1.047926226984644514e-02
-5.478907031353895396e-02
-9.113452244105317568e-02
-1.154521457315817734e-01
-1.021696874083439094e-01
-1.454362784122478942e-02
4.327005230203651714e-02
3.703989783705301242e-02
2.556624104844542125e-02
8.722416641921420730e-03
-3.420454814574615254e-02
-7.044379307266722401e-02
-5.944469847538925988e-02
-3.742847409582694684e-02
-4.542534799709251059e-02
-7.470756585119696369e-02
-7.409546260249541549e-02
-4.475221659710671568e-02
-5.023873848435219530e-02
-1.122968992233939894e-01
-2.137005467029313432e-01
-2.484610886329147728e-01
-1.407669872314533666e-01
-1.265066210989803687e-02
7.511727424593797608e-02
1.451863362523614087e-01
1.928963231905153064e-01
2.269099534182140721e-01
2.146205233118429201e-01
1.186451021720556637e-01
-4.104389108205644919e-03
-1.050556813565373809e-01
-1.739664837036618561e-01
-1.519848723054249562e-01
-5.522847300278543176e-02
1.615453420946683094e-02
4.728971247542933243e-02
8.181397526447049817e-02
9.666039382285804282e-02
1.059585336483721829e-01
7.829747853539723024e-02
1.461769962126111336e-02
-2.694420205236761762e-02
-5.558061454437475402e-02
-5.921534193071210234e-02
-6.548684979970013920e-02
-6.392416477965193189e-02
-1.651678638507488028e-02
2.268880925879033020e-02
3.290492178377087823e-02
3.076620388503389578e-02
3.411473656788607117e-02
5.767633947683388496e-02
1.557544081453453577e-01
2.385872802758836619e-01
2.395965219418975389e-01
1.438386160637024347e-01
-8.612912099423056939e-03
-1.205692195865752520e-01
-2.240935497798431930e-01
-2.844950239285005122e-01
-2.970722883006300941e-01
-2.498255687914786582e-01
-2.141541589318798344e-01
-2.045991543502141130e-01
-1.655863165776141344e-01
-5.434074111858225309e-02
4.963556174136087018e-02
7.369941722669863526e-02
5.618670606474084755e-02
2.252048086539740201e-03
-7.354037968618777968e-03
-2.410630193085783451e-03
-7.945428080600881043e-03
-1.200666026630134789e-02
-1.810129580071667080e-03
2.642919732496306490e-02
5.260061902584496629e-02
6.310930232981798449e-02
5.234211470742011069e-02
4.377503748221529822e-02
3.988672446427302121e-02
2.564111439225980754e-02
1.111670586434990345e-02
2.560577271659073006e-02
5.608833232834238569e-02
8.016566865903844430e-02
9.518077995799077706e-02
8.801479978212038702e-02
6.570308984619083192e-02
1.716506930794076125e-02
-4.021026475287241969e-02
-7.022973910920760066e-02
-8.055442709139830348e-02
-8.237598077704320898e-02
-6.436174573303916902e-02
-2.948625227033831175e-02
-5.477358555873549327e-03
5.934996821070925334e-03
3.294026345943995918e-03
-3.722899401924117252e-03
-1.761123063722498487e-03
1.734600411347956769e-02
3.606472263160674652e-02
6.424551898522025406e-02
1.032667367427727023e-01
1.342661228177881583e-01
1.291818402082608452e-01
1.125063988472055493e-01
1.068963632687042198e-01
9.645490201793679996e-02
6.860256463974262475e-02
9.873043227970204963e-04
-6.149196523399286241e-02
-1.328830609534601137e-01
-1.890050953951982471e-01
-2.061731341325895583e-01
-2.106327435159866257e-01
-1.833358534012719254e-01
-1.340746583789829971e-01
-7.929961543156011095e-02
4.920107773893431929e-03
7.841261224170062438e-02
1.001624988386433796e-01
1.046964350450970693e-01
9.351771729209894246e-02
7.354256576921885946e-02
7.211924354240180357e-02
7.655116254073857096e-02
6.259083630428088907e-02
2.594370471847805108e-03
-6.638642296698832324e-02
-1.126973167652529223e-01
-1.441317333634526965e-01
-1.704860573446013716e-01
-2.043186070278925903e-01
-2.118879195229966539e-01
-1.751008786232048919e-01
-7.080886893885707245e-02
3.058056900097826797e-02
8.096905417295924279e-02
9.874828529112249231e-02
8.540151969205377058e-02
5.683433316269740493e-02
3.856523727198698376e-02
4.398216884940985005e-02
6.036977594470666758e-02
6.669557154229978357e-02
7.004629030818304569e-02
8.429153603302443065e-02
8.693432824401058079e-02
6.987304322797019407e-02
1.492941684413410033e-02
-4.099725464406013542e-02
-5.188558770109686497e-02
-3.621137236827483286e-02
1.295835329652212341e-02
5.426240647663532063e-02
6.567212033658391401e-02
5.525215556895542862e-02
-1.224516192499184621e-02
-6.596232285895937963e-02
-9.442512392358180795e-02
-1.203701038571613341e-01
-1.333466927296343418e-01
-1.350851752600983335e-01
-1.231717514350724185e-01
-9.656202008645957402e-02
-5.405563945661262526e-02
-4.961934829221371565e-03
4.376192098402884034e-02
7.366079642648293291e-02
7.988275308009989972e-02
6.462808351565872689e-02
5.359510463139906949e-02
5.269480276976719335e-02
5.423234783495801264e-02
4.169807642910623030e-02
1.233981932023748077e-02
-2.294203054322341631e-03
-9.084887425832577357e-03
-1.147680839164406247e-03
2.577264372129627404e-02
3.338458483550636041e-02
9.446829906344558769e-03
-1.044574233003659793e-02
-1.374113497787501741e-02
4.090890045488744520e-03
3.270398431849771970e-02
5.729796493887164693e-02
7.634894986036394604e-02
7.894401259183825292e-02
6.624651365299939754e-02
9.616050950308509954e-03
-4.846928644428129956e-02
-6.973113000453612376e-02
-7.837617752451600528e-02
-5.733858964853250084e-02
1.236805622605555849e-02
7.300497151715984456e-02
9.312094322195846319e-02
9.422582602058196533e-02
6.334048061035438271e-02
1.156935257329298750e-02
-2.701251714708877150e-02
-4.346716412200529039e-02
-4.794426216965097520e-02
-4.780726763303681098e-02
-4.876495417423445944e-02
-5.526545424072781820e-02
-5.155712872567754651e-02
-2.523851076736979490e-02
1.679270649831398482e-02
5.176098096832548040e-02
6.477691933535788260e-02
5.633280928065115961e-02
2.817369158376250085e-02
-1.589154842082826993e-02
-6.084124118507561185e-02
-9.719507329754228930e-02
-1.174048643990912993e-01
-1.204212946348057062e-01
-1.138326225527255819e-01
-9.540193869130138282e-02
-5.153472137460900909e-02
1.493894452267787755e-02
6.462589743262764364e-02
8.723199988340890609e-02
8.344278929620878305e-02
5.722163420636987990e-02
2.770605198869794880e-02
4.753473594849588237e-03
-9.491844999426152717e-05
7.237009657021789381e-03
4.395447846434953620e-03
1.130239540048130244e-03
-3.465415255580432154e-03
-9.937824155124451095e-03
-1.342041837985743190e-02
-1.575094684721283639e-02
-2.292199144877187650e-02
-3.933929283857415943e-02
-5.973872664306911079e-02
-6.283094109052751730e-02
-4.043670652017480882e-02
5.010083307980842462e-03
6.424442594370470550e-02
9.988759889748545506e-02
1.149681105137841663e-01
1.165471911565654495e-01
9.930682950556266042e-02
3.806316686918297110e-02
-3.047964483437688027e-02
-7.167000347951547889e-02
-9.248351784481359528e-02
-7.207934752708465564e-02
-1.114279312185408911e-02
4.687636060896985951e-02
8.521023742683453417e-02
1.066996157959072822e-01
1.063556720656845117e-01
9.303787206677753552e-02
4.678764207262531977e-02
-4.128308500037344668e-03
-3.561530039513450402e-02
-7.369868853235493622e-02
-1.046822255053950629e-01
-1.254307039005186641e-01
-1.338485809588524367e-01
-1.170917080048895498e-01
-8.755262539463352922e-02
-5.224027967288910612e-02
-1.277297345548679408e-02
2.279957079903156478e-02
4.696489697172847450e-02
5.852435751930584046e-02
4.631216901336607239e-02
1.788319758364955488e-03
-4.948253592918547966e-02
-7.801875294893491353e-02
-7.848912514778831617e-02
-6.797953097588568805e-02
-5.117256028579392213e-02
-3.891246012675637911e-02
-3.387335656653799043e-02
-3.142640096041914022e-02
-3.236131580337640173e-02
-3.101068083734266623e-02
-2.923448837459260985e-02
-3.028453692385326204e-02
-3.748330834518979332e-02
-4.442740109340585775e-02
-3.507369832418517908e-02
-1.184305016878382626e-02
1.350961056752537220e-02
4.150460808085592451e-02
5.760911742362827270e-02
7.268981121351289487e-02
6.942853967831787154e-02
3.743066017885803010e-02
4.288092952250481885e-03
-1.543288998354972429e-02
-2.293638316205979730e-02
-1.379626070497534142e-02
2.698500893561438761e-03
1.870449076106658892e-02
5.346138921933153015e-02
8.836329785199124875e-02
1.136825115179249668e-01
1.276816407281842480e-01
1.246582878962047697e-01
1.111435582509149589e-01
1.058623459950047974e-01
1.012539007919085743e-01
8.210891430007997982e-02
4.090944697564520560e-02
3.126954950293937222e-03
-1.628557166982130475e-02
-2.280248557640633320e-02
-1.089363430838708943e-02
-5.701122371462871106e-05
-1.994891852650716724e-02
-6.161128893277247748e-02
-1.175405837206040111e-01
-1.686479258626374655e-01
-1.907958617448221872e-01
-1.793180149637383369e-01
-1.111457443339460421e-01
-4.953645931061871621e-02
-2.437154667196184468e-02
-2.259535420921179004e-03
1.662479710416867734e-02
3.348186553038928065e-02
4.697564521329793824e-02
3.861351327225660129e-02
1.393866579709141483e-02
-2.773993627567964380e-03
-1.118635082624829706e-03
6.343502870144845929e-03
1.619894812971487894e-02
3.145044787376099354e-02
3.918572050564100157e-02
2.863477292973382396e-02
5.294037276359151410e-03
-2.308612984968856988e-02
-5.476265514358010650e-02
-7.683426029326304030e-02
-7.637937284921308967e-02
-5.330125863730513641e-02
-2.504613546063502033e-02
1.967584032120846867e-03
1.643311405706041062e-02
1.272943396845117696e-02
1.536399193335361534e-02
2.424748645994822399e-02
2.426770772798568856e-02
2.361516194320920775e-02
2.601183763961328194e-02
1.809745193805369426e-02
-4.771909561745004205e-04
-1.392700668759233942e-02
-1.837220614034288518e-02
-1.462642573602683169e-02
-5.023800979000851014e-03
4.617863577488444914e-03
2.672049288885407214e-02
5.209326558904917720e-02
6.305792937858767377e-02
7.678944559112596546e-02
8.829297884782492944e-02
8.383847032483371375e-02
6.623940888314838737e-02
4.180774492783193019e-02
2.450945207650561536e-02
2.653085018590814470e-02
3.833333029710690038e-02
2.986152985733986701e-02
4.313087168239127661e-03
-2.090842680356404248e-02
-3.873793783144206804e-02
-3.840765712016351585e-02
-2.167355586444099161e-02
7.428674486771465711e-03
2.726974625041216765e-02
2.684182049707884571e-02
1.687222526856940741e-02
6.661049647767371476e-03
1.022824528580302877e-03
6.243744614493365770e-03
2.250025959735994091e-02
3.664039116312368949e-02
2.842490895875043194e-02
1.296930192903610144e-03
-2.198470834919761738e-02
-2.496944038096140378e-02
-1.276002091352766189e-02
7.309496526860584202e-03
2.331694378305311857e-02
2.481040284045055166e-02
1.919435553361375710e-02
5.937565468632441563e-03
-7.696469658078395649e-03
-6.052626305501459386e-03
4.852320982571453264e-03
2.430122766779553578e-02
4.696635436041586564e-02
5.004472361534411523e-02
3.350263331918451604e-02
-2.210749334610977168e-02
-5.946674147928595472e-02
-5.816492903427959715e-02
-5.614954265321253635e-02
-5.175569793433371091e-02
-3.662527075549208005e-02
-7.038531535158590400e-04
2.422653649756707078e-02
2.965713109393416924e-02
2.673342721345461220e-02
2.325227216005042521e-02
9.958227596747836960e-03
-2.816658681391150110e-02
-6.679704222965895943e-02
-8.062620348425200700e-02
-8.366157977290240855e-02
-7.457403261271534911e-02
-5.225631094845033936e-02
-1.671225864277034803e-02
2.030160658885425684e-02
3.846449527897152082e-02
4.002262595937164380e-02
2.518968824634241002e-02
7.173886509499440879e-03
-1.261282465610181168e-02
-2.350257866710873944e-02
-2.774940930214764290e-02
-3.206510155266546758e-02
-2.533378755280756706e-02
-1.174970442335683887e-02
-5.302818043200643525e-03
-1.664605676164590195e-02
-3.271837603178564396e-02
-4.102913502159667714e-02
-4.532424165690519813e-02
-4.944482599689940111e-02
-4.025544380218134405e-02
-1.633246315083790659e-02
7.412187777245426209e-04
9.739291381185476160e-03
1.503587908774755080e-02
1.349438085574220132e-02
1.142330400945845183e-02
1.070867346659938255e-02
6.208931242223464375e-03
-3.798428570647827563e-03
-1.407708128767577553e-02
-1.701783661579773024e-02
-7.098211601906992234e-03
2.060966212265018943e-02
5.847608151903622292e-02
8.440211539967973353e-02
9.274402607268361631e-02
8.409114508850902558e-02
5.407312812086123577e-02
2.187358246178453675e-02
1.330200554900742675e-03
-7.504786610970128925e-03
-2.086634470521581131e-02
-2.647729115164675420e-02
-1.067489848376924379e-02
7.448422103485527121e-03
3.054413428379365580e-02
5.890218553651031808e-02
8.178810661526941805e-02
8.922862238512589694e-02
8.766083650467183797e-02
5.036043043974881839e-02
1.743791068757776300e-02
1.194191577386428428e-02
1.014739664837036558e-02
5.359346506912576226e-03
-3.014972847027017847e-03
-6.171567439750640614e-03
-2.180945735953960726e-02
-1.943245641041522684e-02
-1.144940948432122962e-02
-7.801438078287276784e-03
-1.248178719574733961e-02
-2.807896131908249951e-02
-2.688936780300477114e-02
1.611094007035543743e-02
6.609986391633131120e-02
8.511842193952930125e-02
4.085898489234451869e-02
-2.909530775494737972e-02
-4.823792599015897659e-02
-3.220901868554470332e-02
1.191537308239529018e-02
3.864175017807468249e-02
3.402255673340898873e-02
2.604371801714982018e-02
1.149817735327283985e-02
-1.999209366637093657e-02
-4.093167215312782520e-02
-4.843667737240106574e-02
-6.052571653425683346e-02
-6.635654649889694001e-02
-5.863001819914123031e-02
-4.915516999528170283e-02
-5.048558369327797030e-02
-6.103798865787253558e-02
-5.120808413504891743e-02
-2.337086716448635165e-02
-1.328462618891036381e-02
-2.172620403077276177e-02
-2.280394296509371740e-02
-7.923731206517441866e-03
1.264993341555434476e-02
2.781262353646295205e-02
2.080349481807234821e-02
-2.069309762500295968e-02
-6.678702268243318085e-02
-8.592800135537147221e-02
-7.860134407671694190e-02
-4.863287832444022907e-02
-7.350011932369877529e-03
4.618191489943107575e-02
9.050839182623553192e-02
1.210454213401782053e-01
1.423398739723132633e-01
1.443986176668299870e-01
1.134934153357367997e-01
7.424302320709309788e-02
5.212314205714056042e-02
2.758763915784794712e-02
5.099840233765144844e-03
-1.991503423952547397e-02
-5.087252038977860269e-02
-7.230670016231666164e-02
-6.167085969536933304e-02
-1.775146786366857410e-02
2.186811725420684249e-02
4.155142669243815784e-02
5.013945388002411657e-02
6.377623982788238610e-02
7.921180776314518113e-02
9.180237080704720110e-02
9.065176243835700032e-02
5.718374210049787659e-02
1.466655857700568423e-02
-2.495759909787639841e-02
-6.311549623173937085e-02
-8.268804412972945161e-02
-7.070521216846684109e-02
-2.757379396531779020e-02
1.859008574910689035e-02
4.562592111519381960e-02
3.718181106048709661e-02
-2.424602907126083978e-02
-7.838820098118692847e-02
-8.834489831981301444e-02
-6.533764963282913396e-02
-2.100406793617366069e-02
-1.956617182248277138e-03
-1.612208909381392802e-02
-3.321042688736389192e-02
-4.378596789737068673e-02
-5.403632905650478102e-02
-6.321642039834075855e-02
-7.936264749228949533e-02
-9.530830146813691617e-02
-9.635160959471841813e-02
-5.966640372945763993e-02
-1.412344446529319869e-02
9.511118964816815680e-04
2.208308208559608358e-03
-7.990534260475436884e-05
-6.318599740949160798e-03
-1.910928046898767788e-02
-2.063188730013280209e-02
-1.704835069143984319e-02
-8.631712413490318092e-03
5.170268542083009556e-04
-8.518309356253198766e-03
-2.402195556057544826e-02
-3.050041262317211566e-02
-2.358164200339936054e-02
-1.164936321223040451e-02
-6.181732725845148421e-03
-1.229609765961594062e-02
-1.306638223297451086e-02
-2.643065471365044650e-03
1.000446325285511522e-02
1.995948459449070622e-02
1.958857917355131054e-02
1.848570028437296689e-02
1.553197419693328786e-02
1.655657309624048237e-02
3.373617985633790839e-02
5.014455474042996130e-02
6.239427100506989010e-02
6.912704239361516789e-02
6.369080041608447817e-02
5.956438652134072448e-02
5.917107374933278097e-02
5.048849847065274565e-02
4.506901646302696046e-02
4.276360973317035186e-02
3.842532795799805112e-02
2.651682281979206648e-02
1.750159857321647444e-02
8.259604646883829740e-03
-4.535211421555143153e-03
-2.449888600852207637e-02
-5.418625791771947836e-02
-8.012212917200282891e-02
-7.614892326302040437e-02
-5.299939700543059018e-02
-2.625613241833613457e-02
3.597636844243405196e-03
1.143769572274637436e-02
6.811488595022652769e-04
-2.211259420651561988e-02
-2.644176730239175543e-02
1.486383435320179185e-02
7.979603845320051847e-02
1.162444186567612725e-01
1.127588914372949364e-01
9.216872188833850899e-02
5.640859349239515930e-02
-3.846048746008121511e-03
-4.593142621878682635e-02
-5.136639298121607744e-02
-3.456270141567093640e-02
-2.317940272568119048e-02
-2.463405880927700339e-02
-3.644819802997484315e-02
-7.499011708296367262e-02
-1.234881869538208138e-01
-1.185769692509204276e-01
-2.593404951842412376e-02
2.005949789316247706e-02
3.960471975326409176e-03
-3.448254503786477802e-04
2.673816372668861088e-02
6.782413690709328258e-02
9.896161056023843050e-02
1.072266439799827581e-01
1.006172041091074054e-01
7.731392334499850860e-02
2.210767551969569644e-02
-1.656273056344468100e-02
-5.407367464161901005e-02
-8.100785714676085603e-02
-7.312010522346322483e-02
-4.599828392482060296e-02
-4.083821710354929024e-02
-5.022398242389242845e-02
-3.558542392704312080e-02
3.335689445044605090e-03
4.444197498027970678e-02
7.341814121003339966e-02
9.467543043064013952e-02
9.456922323004697539e-02
7.948816509299050370e-02
7.167619738143686525e-02
7.082490021441831263e-02
5.392647838419316331e-02
1.149486179400903765e-02
-4.289969340185489227e-02
-7.902271158095702797e-02
-7.824082255017515697e-02
-5.928966875376870393e-02
-5.921934974960239850e-02
-6.775982963126243874e-02
-6.129758601781293281e-02
-3.854282992091844634e-02
-9.447922947860096926e-03
2.233976466816170719e-03
-1.878045714639651337e-02
-7.565577936592660091e-02
-1.015461072237291984e-01
-7.374842192131193797e-02
-1.797774567474363580e-02
2.973583008305293388e-02
2.527020897132041186e-02
-7.094094478865131150e-03
-1.560320406902921363e-02
-3.224618209707301713e-03
1.404465438938146647e-02
3.212776926622300938e-02
5.392174187095916116e-02
7.972735901130750813e-02
7.130929977938778308e-02
4.404920872902954448e-02
1.022615028956491527e-02
-2.585079618965727480e-02
-5.673614159988486783e-02
-4.320938849792413383e-02
1.177313194650654767e-02
4.771873127027819600e-02
6.709307430678396189e-02
7.809836280598329850e-02
7.785607193670560089e-02
6.704443395934249483e-02
4.832063279816806167e-02
9.374506992733094846e-03
-2.595572817514896907e-02
-2.655671883510922135e-02
-8.423251179118534547e-04
2.630841623749605868e-02
3.386661614385883673e-02
1.530443938811535884e-02
-1.778615371442832972e-03
-5.408533375111808893e-03
-1.278823960198714749e-02
-3.230739242194317212e-02
-6.256314591922058910e-02
-8.001792588085482327e-02
-6.385093099811085804e-02
-3.355254888172744254e-02
-2.074246666678811624e-03
1.769195175314750360e-02
2.625339981454729091e-02
4.187952132068562677e-02
5.047246719509151242e-02
3.848253046397790561e-02
3.668666325394815374e-03
-2.014293339551525078e-02
-1.432432727849058257e-02
2.476121597225131726e-03
1.587613653545917602e-02
2.205520952694984757e-02
1.342847045235523104e-02
-2.870709584334528615e-03
-1.252321346918624720e-02
-1.510355657491797496e-02
-3.158853545189068551e-02
-4.924060940707963158e-02
-5.221113189914141500e-02
-2.096909060767642927e-02
3.719583842660317136e-02
5.253758696511557497e-02
2.605555930023482208e-02
-2.955547823298908423e-03
-5.203369482645233031e-03
4.095444385136821040e-03
-1.822245945271410913e-02
-6.370446343502871034e-02
-9.670885199671358512e-02
-1.135990760155721896e-01
-1.016783652471093535e-01
-4.993906293550872538e-02
1.651671351564051263e-03
3.158726023678922606e-02
4.986655784831134364e-02
5.939186813547156496e-02
6.045885882822306379e-02
4.724398690536264767e-02
3.254440025722910024e-02
2.539080788520149332e-02
2.594297602413435377e-02
2.298884915480564964e-02
1.943446031986038186e-02
1.132950283006665775e-02
2.170889754011006909e-03
-3.228644245956201718e-03
-1.923844154140714677e-02
-3.697249361026146847e-02
-5.512645579466850243e-02
-6.715610636751334628e-02
-5.792992510843882753e-02
-2.343663182900458317e-02
-1.506220317091343588e-03
-1.049532998012486150e-04
-7.052449597123114540e-03
-9.865537676230173164e-03
-2.211569115747631133e-03
3.855521772476121472e-03
-4.747662257458641795e-03
-2.604025671901728095e-02
-4.663989929444169874e-02
-5.699355287679418181e-02
-3.244329391704178778e-02
1.063299855900693563e-02
3.806717468807327420e-02
4.713686883683986667e-02
4.441847458769563467e-02
3.781449992439795543e-02
3.045250097007434417e-02
5.603276938463584537e-03
-3.354088977222836193e-02
-5.445277787392494712e-02
-4.949893155191855548e-02
-3.721004796630517173e-03
5.373920393786423000e-02
7.790289054828784809e-02
8.079216362102792370e-02
7.860134407671694190e-02
7.425869013548250241e-02
5.766158341637412504e-02
3.390651215917599159e-02
8.633497714632364095e-03
-1.501367212762352507e-02
-3.630282350840822320e-02
-5.525069818026805135e-02
-6.793107280203014575e-02
-6.843842623882592791e-02
-5.672102119225324451e-02
-4.007381673701602975e-02
-3.031113426739803079e-02
-1.857696925092043247e-02
1.736280051810167740e-04
1.817166945695875696e-02
2.910314121914207158e-02
1.631120349336068198e-02
-1.018281119347381330e-02
-3.650776879257169177e-02
-5.191965416166448299e-02
-5.233245950736618857e-02
-4.592195319231882900e-02
-4.176548065589778119e-02
-3.071719919042058614e-02
5.369530010365677029e-04
3.237261056570363282e-02
4.871503861169153293e-02
5.178247745146440095e-02
3.643180240724176039e-02
2.004419531194493939e-02
1.973176761208685417e-02
2.681285489691707588e-02
3.634308387089722064e-02
4.149549940155976974e-02
4.641546143658446116e-02
4.982484009713495504e-02
4.752963508809003590e-02
3.994593087969802725e-02
3.292532522539426409e-02
2.955802866319200486e-02
2.902790352815583577e-02
2.541704088157441602e-02
1.663494417290459215e-02
4.047241254301573755e-03
-1.208585112410211215e-02
-3.072557917537304187e-02
-4.472179360825756511e-02
-4.741668746481772501e-02
-5.031033270361996712e-02
-5.408478723036031638e-02
-5.300577308093789436e-02
-3.758896902502518317e-02
-1.137630322429029721e-02
1.992705769619639716e-03
8.739194829184936467e-03
9.251503387517829788e-03
-2.165643154736422108e-03
-2.735737174524116924e-02
-4.420423845065007962e-02
-4.225370586617164387e-02
-3.446851767174869546e-02
-2.340548014581173702e-02
-1.814008055715969625e-02
-5.332311946761591169e-03
1.139248023872026748e-02
3.345016732643867063e-02
5.563235184277690037e-02
6.647787410712172051e-02
6.396879730820308196e-02
5.362006241267053969e-02
4.419093977887769698e-02
2.609545531555197695e-02
-4.538982414783750315e-03
-4.030007633073250106e-02
-6.286646493978252648e-02
-6.704243004989733634e-02
-5.663357787101016422e-02
-3.403895235614207149e-02
4.571281791567912735e-03
3.842642099951359275e-02
5.769309944673881030e-02
6.108171031849407573e-02
4.698857953789848524e-02
2.472332386637931742e-02
4.418365283544077593e-03
-3.284480450041626573e-03
-2.631151318845675099e-03
1.035859048653099516e-02
3.055051035930096345e-02
4.850717855015329594e-02
6.802653176105383226e-02
7.877149420596910034e-02
7.962005876919880931e-02
7.530454869226690939e-02
6.490917735873803773e-02
4.993888076192280756e-02
2.877741484751160025e-02
1.036766273110996568e-02
-4.050666117716927861e-03
-2.018410462593386509e-02
-3.563752557261712361e-02
-4.934408400388393817e-02
-5.959080169129956500e-02
-6.882299467870955922e-02
-7.738442452275073880e-02
-8.158480089337925845e-02
-7.839876704917046746e-02
-6.531068794211251916e-02
-4.683573589930901254e-02
-3.305084282609527246e-02
-2.523049512958917828e-02
-2.333425027371581126e-02
-2.374377649487089889e-02
-2.189580763926715287e-02
-2.181856603883576204e-02
-1.961754477371308036e-02
-1.203518864985690141e-02
-6.654782876411617469e-03
-5.899363667664370321e-03
-3.042353536991257695e-03
-2.065830247009165128e-03
-3.267064655227379811e-03
-4.239762299905087094e-03
-4.452449961470286016e-03
-6.538191781420844319e-03
-4.173615070856415664e-03
2.828955398440958363e-03
1.516819176320348579e-02
2.437081797761815258e-02
2.314169279339511193e-02
1.138231495262575707e-02
-2.166481153231668288e-03
-3.332446755215174011e-03
-3.806936077110435247e-04
3.056034773294080686e-03
6.373834772201039320e-03
1.018592636179309861e-02
1.161768322563838142e-02
1.426468364645936543e-02
1.707334490742849070e-02
1.326691891635864082e-02
3.298799293895180590e-03
-5.758816746124712296e-03
-2.929715608815015165e-03
8.168226376184811385e-03
1.785211876989107813e-02
2.441617920051299823e-02
2.808151174928542188e-02
2.743206291546963424e-02
2.381701027641197968e-02
1.869683947045781836e-02
8.855057229832017512e-03
1.545985167426634126e-03
1.455898507451810348e-03
9.489731785829444433e-03
2.059690997163557413e-02
3.051498651004596468e-02
3.745616448088726069e-02
3.714683373198986172e-02
3.269378259768603023e-02
2.990761977457840476e-02
3.019836881771164119e-02
3.305539716574334985e-02
3.742300888824925953e-02
3.755963907769156729e-02
3.253802418172178912e-02
2.399517604344475474e-02
1.691459884465511959e-02
1.405214172376290441e-02
1.711539057105953762e-02
2.060784038679095570e-02
2.835750473195889493e-02
3.862116456286536492e-02
4.347190063523929254e-02
3.960982061366993823e-02
2.831123264113443241e-02
1.317000256864755969e-02
-3.901866732734953370e-03
-1.772565386654327557e-02
-3.123912651409021385e-02
-4.087465182073390241e-02
-4.290078644337043390e-02
-3.805369384271496680e-02
-3.393875688388437589e-02
-3.228389202935909308e-02
-2.471093606253654817e-02
-1.092589725045406759e-02
-3.337966614868643784e-03
-6.971509872897489399e-03
-2.080823133130634689e-02
-3.782251556217857552e-02
-4.638394540621976897e-02
-5.227325309194118252e-02
-5.929786656513525572e-02
-6.611261606734591956e-02
-6.711311340123549130e-02
-5.799769368240220713e-02
-4.356426264330229281e-02
-2.575624809856319475e-02
-7.385335390680363744e-03
2.190892413745361162e-03
5.547841516267189993e-03
1.083767058279151924e-03
-8.386215289100372797e-03
-1.482738141865858061e-02
-1.614185492788658763e-02
-7.723230957850497902e-03
5.848118237944207112e-03
1.574958054531841109e-02
1.748440138670533453e-02
1.627402186447378038e-02
1.311627957815884350e-02
1.404281443616364235e-02
1.721030300932546372e-02
2.304240818906703320e-02
2.846753757785643740e-02
2.907818343787061180e-02
2.784195348379656793e-02
2.684528179521138494e-02
2.917291370255061314e-02
2.922064318206245639e-02
2.715734514789762410e-02
1.440594104498412256e-02
1.583941034053708372e-03
-8.313291202655361672e-03
-1.171806087148200004e-02
-7.400291842084648353e-03
-4.308806088969935571e-04
9.963146283567758665e-03
1.788022815419900921e-02
2.489985007113878351e-02
2.578557804589681063e-02
2.162837681513206725e-02
1.519666549468326293e-02
4.979897144793387839e-03
-8.421757355713965429e-03
-2.305716424952680352e-02
-3.150692168539714899e-02
-3.369245819571636824e-02
-3.233654019569086324e-02
-2.989723588018078707e-02
-2.529881022431033563e-02
-1.700249759986300485e-02
-7.619191622929824895e-03
1.576446412728832675e-03
5.760620264625350428e-03
2.865153289963875017e-03
-1.120717326711930667e-02
-2.453058421247269680e-02
-3.253602027227664450e-02
-4.077937503529612678e-02
-4.881997059718323068e-02
-5.372408353023261363e-02
-5.331182470528867540e-02
-4.698511823976594254e-02
-3.212011797561424575e-02
-1.445849812452293208e-02
6.348986295081130576e-03
2.216542454643331134e-02
2.918912715169776767e-02
3.006957209246402182e-02
2.210148161777431008e-02
1.227891869046339457e-02
7.397267760558326292e-03
5.267585671683119690e-03
2.524707292590817626e-03
-2.836315211312250961e-03
-3.098499436172751347e-03
8.462290978581850885e-04
6.041513716760152190e-03
1.002342752314970727e-02
1.373220847216478566e-02
1.465559172713311320e-02
9.212900804660729970e-03
2.155477868641914139e-04
-1.162292982491296665e-02
-1.563293479825186155e-02
-1.662153619698065327e-02
-1.858389184718551093e-02
-1.732771388545289309e-02
-1.676840454195184515e-02
-1.317656081774079210e-02
-1.224787631142210077e-03
1.196268356265951620e-02
2.167719933615945213e-02
2.710506132873769999e-02
2.157518212804252628e-02
1.058791059649097192e-02
1.655400444867896766e-04
-9.526549067544499982e-03
-1.577730736509590226e-02
-1.978514447276231644e-02
-2.118241587679236052e-02
-2.511590794404356189e-02
-2.599835679425497106e-02
-2.597212379788204836e-02
-2.294312358473895447e-02
-1.448819241902839575e-02
-7.118414652585862076e-03
4.139803653309091644e-05
-5.176116314191140039e-04
-4.060831403811435668e-03
-4.623510958652061326e-03
-4.418766065433108771e-03
-4.617225969937715190e-03
-3.490792036099517413e-03
2.862693946553913297e-03
1.205919912848156354e-02
2.096763321898904506e-02
2.883753213086621275e-02
3.529522140466764824e-02
3.971438825198979339e-02
4.063655094393243267e-02
4.185602092810154773e-02
4.305873094236573745e-02
4.265612731747572828e-02
4.289641427730827433e-02
4.279676532580834608e-02
4.796666952071951262e-02
5.362552762024822700e-02
5.166023897531001052e-02
4.050994030171588961e-02
2.050199753336964456e-02
1.112652502063115690e-03
-1.156676570837288087e-02
-1.922532504322068195e-02
-2.052531575236779884e-02
-2.151123919938352502e-02
-2.530482195264579723e-02
-2.563273440730734487e-02
-2.584569532925142660e-02
-2.502718940769901868e-02
-2.031199048325187106e-02
-1.453040203888677183e-02
-7.871629560943439047e-03
-4.379708048611199544e-04
7.233548358889250150e-03
1.408564344621415949e-02
1.568469031401260871e-02
1.113322900859312764e-02
3.766675714621433788e-03
-5.736773742228019196e-03
-1.491500691348758567e-02
-2.290577799962472197e-02
-3.006611079433148606e-02
-3.202520553734831965e-02
-3.181224461540423792e-02
-2.889928897649413769e-02
-2.198926268884569130e-02
-1.687616021802534547e-02
-1.572278281082912718e-02
-2.072916799501572926e-02
-2.889637419911937274e-02
-3.709873990530616894e-02
-4.499651137582957178e-02
-4.552281086556135559e-02
-3.861824978549060344e-02
-3.088680279891497377e-02
-2.210348552721946511e-02
-1.679323480171316177e-02
-9.083994775261554355e-03
1.903094582704075236e-03
1.521477354912401624e-02
2.900221705254068041e-02
4.434305472312347757e-02
5.740198605643373475e-02
5.834965305040561157e-02
4.812588923481628256e-02
1.795085685346138951e-02
-1.020048203130835204e-02
-3.055670426122234981e-02
-4.433139561362439696e-02
-5.138133121526176905e-02
-5.707480229611587574e-02
-5.284910379704405026e-02
-3.844463835810590230e-02
-1.198594712958189236e-02
1.539620022334481537e-02
3.877582993731407135e-02
6.004842173913834541e-02
7.630395298464094644e-02
8.056116751407746412e-02
7.338899343628570160e-02
5.111736168925922613e-02
2.783102306864118289e-02
9.188362022636889156e-03
-9.584334528999302605e-03
-2.409427847418691218e-02
-3.896674785536145824e-02
-4.954483929557117194e-02
-5.161979643923508831e-02
-3.934785499711254686e-02
-1.568168444984487792e-02
3.160821019917037927e-05
6.212520061866149378e-03
5.263668939585773761e-03
3.792690102691250505e-03
7.387120691822408880e-03
1.046129995427443060e-02
1.693037507719605608e-02
2.288300630138433503e-02
2.749199802523832545e-02
2.355176553530797384e-02
1.824759940757149715e-02
1.642753954533116359e-02
1.221605058596133934e-02
1.231739375181034948e-02
1.054947196986120127e-02
6.319492391520182932e-03
2.895995278060652794e-03
-4.847292991599975423e-04
-4.677434340085293539e-03
-7.495076758840427816e-03
-8.766684823300729956e-03
-7.585471292175461656e-03
-6.437668396708487797e-03
-9.537607004210031658e-03
-1.252973528356229535e-02
-1.344441064112350016e-02
-1.229274566563495590e-02
-1.533681163433389151e-02
-1.557314542735190738e-02
-1.030738149152801708e-02
-1.170128268421848430e-02
-1.564827381418658694e-02
-1.522109497255554750e-02
-8.788272393232616359e-03
-1.023114184581920593e-03
1.153616054593780207e-02
2.858850083890935798e-02
4.232967225150156138e-02
5.356796076709653687e-02
5.911824340941508604e-02
5.508801716803873177e-02
3.694680713464632005e-02
1.533462555130281520e-02
-5.222115144636718664e-03
-1.925301542828098886e-02
-2.703656406043061788e-02
-3.083069333445066090e-02
-3.026158305202695034e-02
-2.708374701918469726e-02
-2.260883505457009918e-02
-1.955178010919484885e-02
-1.468841940731645430e-02
-1.500190371397289515e-02
-1.084645134963301005e-02
-4.455583347148163453e-03
3.298544250874888397e-04
9.716191770490429161e-04
-3.468676162768455362e-03
-5.216431328755917994e-03
-1.170062685930916072e-02
-1.414883946317087651e-02
-8.965509074977182427e-03
-2.955256345561431321e-03
5.082315134799344873e-03
6.404494586711893638e-03
3.170476219970961348e-03
-1.354932440925660231e-03
-4.049992075449012144e-03
-4.864544830186891614e-03
-8.349252268516578479e-03
-1.055178557440242422e-02
-1.475737210958834311e-02
-1.931786922486960698e-02
-2.488345444840570769e-02
-2.504741067573647978e-02
-2.526711202035971868e-02
-2.505743022296225142e-02
-2.537186183226549166e-02
-1.957819527915369284e-02
-7.613708197993539380e-03
4.192925470964262505e-03
1.150285921443106214e-02
1.209368458829680401e-02
1.003479515491130861e-02
2.685748742546823029e-03
8.870869897090141081e-04
3.917861573579000181e-03
1.103480062011888592e-02
1.191205752313148972e-02
1.190114532533469681e-02
1.177134664536449993e-02
1.206340733831638701e-02
1.136881588990885927e-02
7.628737518832195107e-03
3.459476396679339941e-03
1.237614473327054362e-03
1.368243864849060095e-03
1.127749227128561774e-03
9.495980339826606094e-04
2.415093445940898892e-03
6.494524772875081425e-03
6.538647215385651884e-03
6.502649714807250819e-03
6.717997110726926617e-03
6.514582084685212500e-03
3.499591020299602524e-03
-7.998968897503674859e-04
-3.809468289954766242e-03
-3.395752076323445539e-03
-4.065167135156404904e-03
-3.327582720471027825e-03
-4.604273427978583001e-03
-4.357391784335621146e-03
-2.567080868676526774e-03
3.851768996606106006e-03
7.533515385470199340e-03
7.307110052884991866e-03
6.267846179910989413e-03
2.014074731248417533e-03
3.257026890643017775e-03
3.105731727533897740e-03
2.933377297892069118e-03
2.398060215657090745e-03
1.665237818507743104e-03
1.055497361215607848e-03
3.185323367223692748e-03
1.207790835575586405e-03
-2.218345973143969960e-03
-2.310288981959349956e-03
-9.909004293831419601e-04
2.912190509849214761e-03
2.715698080072577805e-03
3.133640720897314103e-03
2.629803234309844098e-03
6.323554862486268496e-03
7.650962696314810366e-03
7.358373699963746337e-03
6.811197117285176100e-03
2.957205602930808655e-03
-8.259331386504944550e-04
-6.798845748159591112e-03
-1.179646838286329408e-02
-1.732427080467894773e-02
-1.936104436473337978e-02
-1.814756789154113245e-02
-1.340371306202828468e-02
-4.477954263499518348e-03
2.852018574418820670e-03
7.255955709957789303e-03
7.221998553541727518e-03
5.450342213081156182e-04
-5.958296822710487488e-03
-9.463498789456519997e-03
-8.765609999143782194e-03
-4.252386929409556621e-03
1.487383568306896876e-03
6.395294820622778216e-03
1.173163280363326982e-02
1.622667494949237357e-02
1.743592499549120184e-02
2.015659641445947947e-02
1.965780513620208128e-02
1.639372812778383884e-02
1.517575196701929398e-02
1.203965190271201816e-02
1.093278341200196006e-02
1.091316331679804442e-02
1.044173451114628962e-02
1.034459955513210294e-02
9.928405780732228389e-03
7.056584937523567753e-03
2.939716938682192943e-03
-3.221320867802093596e-04
-3.649173751701045940e-03
-2.780806919681487899e-03
-4.095881601743036802e-04
8.173964844141387576e-04
3.245039868689279274e-03
5.878869139248022943e-03
5.881947872850123125e-03
5.880308310576815890e-03
4.364423684752252383e-03
5.803321753165721587e-04
-1.828968150591973180e-03
-4.114044308259567906e-03
-5.252465264051504185e-03
-6.781666779007044198e-03
-6.615433381852231683e-03
-4.755860068825180573e-03
-1.969624376283184847e-03
1.019545404033687323e-03
3.030949470512472096e-03
4.423812273763177982e-03
3.109083721514882461e-03
1.040715796453808937e-03
-1.505324023048602031e-03
-2.750857582155732690e-03
-3.897749609693091852e-03
-4.815886265386835896e-03
-6.668573416865994537e-03
-7.376317798177171349e-03
-6.256897547397012246e-03
-4.004904112933049300e-03
-1.400710841332271752e-03
3.584902910587381918e-04
1.770288216830288820e-03
2.809790737201849856e-03
3.984883235840102483e-03
3.873393001255175799e-03
3.776986739584680796e-03
2.415767488208814609e-03
2.115764026910682029e-03
1.809863606636219436e-03
1.616539175518784789e-03
2.202351132299923148e-03
3.335926270706304937e-03
5.300905220548451750e-03
6.485033529048489336e-03
7.020022698828805481e-03
7.057258979791483471e-03
6.507185837096735211e-03
6.345087780342376776e-03
5.535927363747820441e-03
4.657613853936861878e-03
4.212345175223662988e-03
3.636476252762206596e-03
2.539463353050587513e-03
1.769464792221916646e-03
2.009757217262040426e-03
1.704902473370775847e-03
1.370557469390283264e-03
8.007895403213905958e-04
-2.479874373095147409e-04
-1.043863756018559730e-03
-1.805744661858498315e-03
-2.267514623984610064e-03
-2.589014568421666232e-03
-3.159964804063199618e-03
-3.493014553847779285e-03
-3.436467872777254455e-03
-3.027724998041634013e-03
-2.758344916537171492e-03
-2.552925981050303654e-03
-2.293638316205979556e-03
-2.220113056927423834e-03
-2.371207829092028714e-03
-2.480967414610685783e-03
-2.585498618213350613e-03
-2.934852903938045890e-03
-3.325323768005581694e-03
-3.609040910722190361e-03
-3.508590395444202790e-03
-3.352777327404190492e-03
-3.173318127911361683e-03
-3.091467535756120544e-03
-3.035467375443364792e-03
-2.840614507940035938e-03
-2.628090802602167479e-03
-2.316318927653403682e-03
-2.149958008988444528e-03
-2.009902956130778760e-03
-1.960042045663630810e-03
-1.880177145594951697e-03
-1.829350715122411361e-03
-1.812740127557944643e-03
-1.760441734511146092e-03
-1.719235891111204088e-03
-1.655750218152869137e-03
-1.575688570611392773e-03
-1.475250807484419606e-03
-1.376208494025617148e-03
-1.278845821029025824e-03
-1.198953594922457649e-03
-1.124344402807659184e-03
-1.049900988656050785e-03
-9.751187316346253582e-04
-9.058381169080770333e-04
