1.684023788071675707e-05
1.667207746808539194e-05
1.656994099186677696e-05
1.642427492221213252e-05
1.624857586490748766e-05
1.606327111519657215e-05
1.569789003062878276e-05
1.576488669538647080e-05
1.595554145099455662e-05
1.532095779696484691e-05
1.522721110272132936e-05
1.541908176876058840e-05
1.471117871573108583e-05
1.713059729168110804e-05
1.760772054487378307e-05
1.780834576601749507e-05
1.707126086263981485e-05
1.934185200181413853e-05
1.858312389276156379e-05
1.868076150038483802e-05
1.718616439838575798e-05
1.623702471581133782e-05
1.779570029753328205e-05
2.359109418563791463e-05
1.997728679314567102e-05
2.170156937559351881e-05
2.023457344038208936e-05
2.491108654972040283e-05
1.509406891050777774e-05
1.055368913304370407e-05
1.066966266996907991e-05
1.345319778363846750e-05
1.128491334814312472e-05
1.162174485578694424e-05
1.248861603858813574e-05
1.382149705324107229e-05
1.623167470991417090e-05
-4.328373634684574675e-07
2.092642647572009456e-05
-1.407708142587384666e-07
9.395972175105694342e-06
1.449754325297381375e-05
7.333982629503580554e-06
-8.705663346015278943e-06
-8.426453833704795204e-06
-1.774220023856162642e-05
-1.502853133826749994e-05
-1.409155076000481538e-05
-1.583626063769638447e-05
-8.081791862884213227e-06
-1.895507089365769163e-05
-2.788702733001876413e-05
-2.441730532362064467e-05
-2.604662530139380169e-05
-3.007177519275220382e-05
-3.185478624902575564e-05
-4.346575813839250341e-05
-2.017025177857298477e-05
-3.759984144527978332e-05
-1.168485060716487518e-06
1.927254510723722255e-05
1.603785858718503437e-05
1.725863266008372806e-05
4.306462928714819115e-06
1.906851533688622621e-05
1.123958420726895670e-07
1.109486654775062805e-05
-7.879950731309329703e-06
5.952197697308826478e-06
2.231779278211249982e-05
1.147407253392086136e-05
1.102377226483988356e-05
2.391416158720084271e-05
1.170398903735155427e-05
8.087239141615872918e-05
5.346200097516016944e-05
5.978339771579066665e-05
4.954385120174507857e-05
8.796771514623147911e-05
4.465127080878714827e-05
8.526389512042985860e-05
7.670376409392180221e-05
7.344488095628923761e-05
9.272630220967402654e-05
8.442212032892809507e-05
4.513435202309257937e-05
8.258366375699300503e-05
7.322249093842750920e-05
1.069990236239237773e-04
-6.681245432736443619e-03
2.061466704116708269e-05
5.574390008134440933e-05
4.950786025298233224e-05
3.255843361554614770e-05
6.698985565927271645e-05
2.298289578796467722e-05
7.047380381771558276e-05
4.495755864639988149e-05
3.820208188184025450e-05
5.464459546052000398e-05
2.289729569361003024e-05
3.423335023448833187e-05
1.467956504452056005e-05
4.111929418831291515e-05
6.332437207345558805e-05
-2.640556206067636776e-05
-5.220049390281714487e-05
-1.370270260411537079e-05
-3.561036879779288193e-05
-4.071901647437043922e-05
-1.390065282231049932e-05
5.478187174819953913e-06
-4.684550277288374010e-05
-7.386339732669932711e-05
-3.615704212764871335e-05
-4.830897256784476670e-05
-5.415604264927429085e-05
-2.257131010701227830e-05
-8.164169794596251248e-05
-3.669496090240008672e-05
1.811670065136321988e-04
1.489988801464928907e-04
1.814150522415917054e-04
1.586653680743261717e-04
1.466983776107116987e-04
1.887226739329473984e-04
9.720583782916215616e-05
1.415125196217546105e-04
1.759507507638957344e-04
2.009182555576226065e-04
1.568597410840328146e-04
1.422651681786512971e-04
1.617914737928745589e-04
1.916420748781962058e-04
1.573886621215934793e-04
1.995503563225518937e-04
2.324869380821931251e-04
2.402882194086055018e-04
2.302703333661629379e-04
2.525847215990681838e-04
2.257106692492604535e-04
2.694822288610931958e-04
2.218416422572647791e-04
2.210671073126069372e-04
1.982323094151592475e-04
2.688475236160203980e-04
1.997619247375761325e-04
1.983174231453414577e-04
1.776700481135757843e-04
2.337125757968165456e-04
5.094822774975104560e-05
7.143352192104122163e-05
1.125988991146956278e-04
8.311076092890692945e-05
7.343807185787466893e-05
4.804621432366806632e-05
5.131008269406843214e-05
5.467864095259287452e-05
8.954073847104127514e-05
7.854562521506415625e-05
1.856622273776824703e-05
6.808587732193295257e-05
6.098508199491992738e-05
7.068038699997203388e-05
2.593476154172579077e-05
1.959597728192950615e-05
-3.596954873916168163e-05
1.413252694153537989e-05
-2.334025186368671623e-05
-5.234056678448838707e-06
1.108960165558364409e-05
-1.383523684111333664e-05
-4.497300070887577954e-05
-4.420199190446835746e-05
-9.746762334499393219e-06
-6.048789621961288488e-05
-3.341552887848069926e-06
-2.496628888329570402e-05
-6.523736395482164247e-05
-3.206854330282614114e-05
-2.331520410880453059e-05
9.304608665307279557e-05
6.929449229051991743e-05
1.186379614532075176e-04
8.283037198347821821e-05
1.478413334160152655e-04
7.196390205111930850e-05
1.416790993508254418e-04
1.130183882134506518e-04
1.145379114792888058e-04
1.301194388816542368e-04
1.462424111990214340e-04
1.424244524451350857e-04
1.099238961661128328e-04
1.199163696805438623e-04
1.066691471239462636e-04
1.650367387336779319e-04
9.876682364070333848e-05
1.994786176071126178e-04
1.562335472119781837e-04
1.311675536733262213e-04
1.498025969414989035e-04
1.422201794926978625e-04
1.563551382550955804e-04
1.092906500135574030e-04
1.271331628626908938e-04
1.815269160012597028e-04
1.235352838968470325e-04
1.511826552808813993e-04
1.621975878768866486e-04
1.142289486387274857e-04
1.852682723979820890e-04
-5.662871810210973167e-05
-1.911447675118460211e-05
-4.166742661068615510e-06
-1.110364542106370471e-05
-4.817193946225145671e-06
-4.673145037443961636e-05
-1.170172744394957035e-05
-8.811447553527416979e-06
-3.759205961852026657e-05
-7.275229837469253153e-05
-1.210178629401443805e-05
-1.071117385208936076e-05
-3.153001657285917862e-05
1.730204066247664239e-05
1.916700408181131645e-05
-4.843457611538503688e-05
-5.556978170760029152e-05
-7.916890090208394298e-05
-3.161209052696342274e-05
-8.362071376374132382e-05
-1.290822672838628029e-04
-4.206940659923227659e-05
-1.242332164843409123e-04
-4.318208623479960262e-05
-9.299915251042947838e-05
-1.241274322768287793e-04
-8.195211987904124108e-05
-1.064253570824958811e-04
-7.917473727215359070e-05
-1.022820206972273598e-04
8.048184098566564580e-05
5.670908978161033024e-05
1.048094121194656346e-04
1.033491036916256553e-04
7.507444411614863503e-05
5.626722793092170404e-05
5.635307120736258464e-05
-3.976841769927861052e-05
-1.510951097298368867e-04
-3.697899757912233559e-04
-6.928707523688975960e-04
-6.372404183218247347e-04
-5.516512671610558996e-05
1.308210192004416244e-03
3.395065105924037398e-03
2.392765819298687310e-03
2.572769199529685883e-04
-3.863689145202808123e-03
-8.773547625387723842e-03
-1.790549700946829446e-03
1.931984402300989051e-03
2.328979158079299620e-05
-4.920886787795663957e-03
-2.102187544456725343e-02
-2.613477880765391337e-02
-2.014252902074221627e-02
-2.861098040073976542e-03
-1.558590467991766105e-03
1.640433399114087868e-03
-1.164274362893331916e-02
-3.184749078643871190e-02
-2.039945089484928448e-02
4.087672005729369872e-04
2.279868535764181803e-02
3.095489093891387947e-02
-1.488955277598431187e-02
-2.030813602146811989e-02
-1.323895436566560743e-03
-1.541640676581200464e-02
1.113080886009613218e-02
-3.353955174246044287e-03
-7.299134636546134904e-03
4.102591226719875563e-03
5.536745421185294141e-03
-5.471791485951979506e-02
-3.259637002099877862e-02
-3.469247801329963105e-02
-6.368184974022073758e-03
-1.524982703674116619e-02
-2.385640584172007972e-02
-2.568902604358552777e-02
9.795532501893780900e-03
-6.253257120067507932e-03
-4.013781128826926503e-02
-1.214713975309722818e-02
-2.439456779855768941e-03
6.697404882366746193e-02
1.090922134311898134e-02
-7.204196350080068617e-03
-3.637006963519039821e-02
-1.854202612018788360e-02
-1.293096425344923434e-03
3.708429542246200611e-02
2.377652052639194630e-02
2.170777051879250671e-02
1.079727246972079190e-02
-8.307744498309276374e-03
1.434312262821471617e-02
2.983503743180262319e-02
4.637774203001110429e-02
1.596624146278888615e-02
-2.157864083100182601e-02
-4.111187713468274912e-02
-4.455959116227662699e-03
2.219255400770157524e-02
3.812876248284047254e-02
-8.132629078011597776e-03
-6.379006576859522215e-02
-3.035398800382769005e-02
-2.775291240946027235e-02
8.632635765518970744e-03
7.348865373181151343e-03
2.442058828178481425e-02
1.128572800813201077e-02
3.917067613131346854e-02
1.727127812856793856e-02
6.184521703393242031e-02
3.974811199507799486e-02
6.628730261214038633e-02
1.287101986919235615e-02
1.167843060008827774e-02
-4.254762417181301264e-03
-6.720798999062534140e-03
-9.499713653093459428e-03
1.349028305178927474e-02
1.095203354940061692e-02
9.017714599071774417e-03
-1.056731948897716468e-02
-1.451164781397543298e-02
1.560961493332555308e-02
6.333069480769768812e-03
1.377371177329593348e-02
-1.424426911016027017e-02
-5.518300059944383947e-03
-3.047533586485885390e-02
-1.515936330066182045e-02
-1.303006095358991492e-02
-1.485587205704079006e-03
-2.969046568153603516e-03
3.610548752536693606e-02
4.031837398729860161e-02
2.723080047031415513e-02
1.584404246445589998e-02
2.628129601461038408e-03
-5.479378767042505059e-04
7.966012871627825218e-03
8.691753330682649645e-03
1.361600819037266747e-03
1.388910167321434630e-02
1.385481299905523891e-02
2.098150721825227730e-02
8.632453378954293294e-03
-1.747542948996205336e-03
6.367345995824563384e-03
-1.189292935925168049e-02
-6.770748599575161265e-03
-3.429827985151302078e-02
-3.004478198118014365e-02
-3.662942333015981045e-02
2.338584850485573782e-02
4.729271462946954552e-02
6.215126168945891288e-02
6.338431645771246126e-02
4.598196318466397231e-02
2.188322639401091285e-02
2.136719400702066785e-02
3.793920204662043928e-03
8.752524534032725401e-03
3.067717699643373805e-02
7.763673216776159972e-03
-1.704560515254204336e-02
-5.313978471089905731e-02
-6.134474830046120208e-02
-5.359599430467554271e-02
-4.151118212028029331e-02
-1.232045562595677005e-02
-2.065236026453347567e-03
3.272622925504815872e-02
2.426604606598259644e-03
1.390819146698377834e-02
-1.710506317262645501e-02
-1.144062283795926546e-02
-2.108315733029842570e-02
9.065974084085071452e-03
2.466535105158014149e-02
2.759107473107101291e-02
-5.190065039048963498e-03
-7.753702751240532575e-04
-1.076329993227378989e-02
-1.300112228532797690e-03
9.548921548243070661e-04
7.841284779597995983e-03
1.738119643154606778e-02
1.046682449184063377e-02
-7.728983292174766186e-03
1.654841937723499495e-02
5.605176860251767298e-03
2.310205501021973112e-02
1.653601709083702201e-02
-1.061506829160936867e-02
2.360702261228629292e-02
2.752553715883073251e-02
1.857424774661399491e-02
-2.591773879568935735e-02
-7.707668382316285385e-03
5.963590778048926885e-03
-4.010388738723951081e-03
1.716427801062462774e-02
-6.530496857479491275e-03
-1.263063437694925822e-02
1.034745856481228236e-02
2.021621319287136148e-03
-1.671779570029753581e-02
1.360919909195809109e-02
1.732186000250477559e-02
1.797504708613145014e-02
3.783183715554777615e-02
8.002696889336344266e-03
-7.233645700723103159e-03
-2.600650025716505845e-02
2.018666656939383658e-02
4.643403868297445863e-02
4.941435674082504670e-02
3.442959817807981354e-02
3.472178145469092397e-02
5.821013120889462905e-02
2.964474744932389660e-02
4.117559084127626889e-02
2.361760103303750524e-02
6.249001433558398766e-02
3.407066141879724896e-02
3.784010534647976043e-02
2.117508015889517717e-02
2.504325601358901865e-02
1.778658096929947724e-02
-5.210236993102141355e-03
-2.074938991694116192e-02
-3.740505259420569967e-02
7.343539685492609347e-03
1.921880186617933028e-02
2.049064417718733308e-02
-1.077164107783164368e-03
-5.485130023381958042e-02
-9.903857962207072985e-02
-7.718769644552903042e-02
-7.373657786872787889e-02
-7.627175111772566130e-02
-5.592349005202881806e-02
-2.087547982865390131e-02
-7.247543556951421134e-03
1.771678771055009219e-02
-2.808351845569648231e-02
-1.238404774150717036e-02
-3.660315966484645189e-02
-7.149614130824667388e-04
-2.677896815408990078e-02
-7.446405707969928900e-02
-5.582244789519825307e-02
-8.827740753305149402e-02
-4.949630910388617272e-02
-1.175513023008673275e-01
-8.522352689411487325e-02
-1.012240570310628807e-01
-1.422688159099448346e-01
-1.331130103632046091e-01
-1.240556935613895129e-01
-6.152506781740429975e-02
-6.607974670153898833e-02
-5.640973263345529232e-02
-9.805794785932890612e-02
-7.774738001699843526e-02
-7.242740710748284128e-02
3.078478506959263575e-02
6.806569320877547957e-02
9.265249644650178085e-02
1.502536997114644612e-01
2.145607705953948841e-01
1.850567039829578153e-01
1.949335444153841856e-01
2.015067562063108386e-01
1.379547657001394811e-01
9.285798530937017237e-02
8.888949684410447916e-02
7.675325164847057735e-02
7.070883930406152151e-02
1.072811148439561518e-01
1.387706415994572340e-01
1.092901636493849443e-01
1.319955886769557107e-01
1.060068407120857981e-01
1.015102823465612314e-01
1.029707123654443196e-01
1.293740857873445782e-01
7.732071704669948864e-02
-1.062103841182643199e-01
-1.682674127493072602e-01
-1.720987465179365239e-01
-2.218379945259712493e-01
-2.576599317387884280e-01
-2.629163125327536044e-01
-1.978796953901187927e-01
-1.842639303818323915e-01
-1.400631543877951801e-01
-2.933408233415893754e-02
-3.632508094923695557e-02
2.108729142576441090e-02
-1.961531025778517207e-03
-2.793967625168859714e-02
-1.133847420263633804e-01
-1.493855396636062371e-01
-2.022156319876853015e-01
-2.634841427041118567e-01
-3.051935182246734990e-01
-3.605210905743839733e-01
-3.752105044933970457e-01
-4.051547306819190397e-01
-3.935938543023167480e-01
-3.659489147391446484e-01
-2.955501325950325442e-01
-2.305730950635252463e-01
-1.023948571852403150e-01
1.540218061376726899e-01
1.731967136372866423e-01
1.666453882341211445e-01
3.038134598852910151e-01
3.372959854285293990e-01
5.965949644285404307e-01
8.173313441038680960e-01
1.000000000000000000e+00
9.098937415874197576e-01
6.365181675257074456e-01
1.601305401438908593e-01
3.320298773511148327e-01
3.409583076472255114e-01
2.006130620393979380e-01
2.430981884150485994e-01
3.051533931804447652e-01
2.151249530354596151e-01
2.753769626314247487e-01
2.802211497892219683e-01
1.776870708596121895e-01
6.829452755192241820e-02
-1.111881998324475498e-03
-2.880212152052031432e-02
-1.287089827814923981e-01
-1.711077795165296955e-01
-2.654745880799437296e-01
-4.025502505383443674e-01
-4.706558256092623904e-01
-6.037469495847058720e-01
-5.835056886369522910e-01
-5.735109048927019559e-01
-5.746684516231796991e-01
-4.483329260033389052e-01
-3.890803947817988440e-01
-2.918914581076299530e-01
-1.306459280983525706e-01
2.479229210059470320e-02
1.711089954269608693e-01
1.409507690025522120e-01
1.075221082914148280e-01
1.298239726468789490e-01
1.217065546083613420e-01
6.631405264162620883e-02
9.285044666469689789e-02
1.830881449948870976e-01
1.717047915382361456e-01
6.105864457600596040e-02
-5.518944492472907526e-02
-1.521590313571141162e-01
-1.732526455171206348e-01
-2.374600117456947823e-01
-2.820219131377906807e-01
-2.635072450023041579e-01
-2.138178493219475840e-01
-1.864027168302674342e-01
-8.347139996279313856e-02
-1.410650645830825722e-02
4.016200790584963098e-02
6.676673609515229590e-02
3.801094076205970701e-02
6.219418332767935598e-02
9.389467054298913928e-02
3.032188796844469472e-02
3.930746605482053624e-02
-1.590337889349719216e-02
-2.475788183539248070e-03
2.305779587052499482e-02
-3.630185706000153140e-02
-1.427150550381856703e-03
-2.444125875911477147e-02
-3.293451471190826565e-03
1.125777422731931952e-02
1.093664012334195565e-02
1.207530376482346922e-02
7.448570028537418453e-02
7.117866709466713626e-02
1.498852788508187595e-01
1.483909249309058875e-01
1.535731351885694929e-01
1.463481954065335711e-01
1.052313330390830248e-01
1.080251304367915166e-01
8.956007144689694111e-02
9.612987868861629093e-02
1.172301803559942651e-01
1.270140036404358297e-01
1.021285728008132082e-01
5.495975944428029697e-02
5.774139773767705819e-02
1.251524447703084540e-02
1.053413729331042700e-02
-2.686444665740142859e-02
-1.508823254043814219e-02
-4.774928899637537194e-02
-4.748409893133632292e-02
-5.790907178613594747e-02
-1.111823634623779061e-01
-1.033368229962708107e-01
-1.391804034147628710e-01
-1.316344632788970237e-01
-1.346547847899332295e-01
-1.542418859257151664e-01
-1.463627863317076561e-01
-1.259853434156626428e-01
-9.264751121373396292e-02
-6.952150276802010476e-02
-3.604797496197240797e-02
6.831325257256250227e-03
2.034959856717115032e-03
5.904497531093869794e-02
8.839583720904783948e-02
1.155975774200569406e-01
1.491472212190961266e-01
1.712451773952523570e-01
2.122019043589173370e-01
2.014787902663938146e-01
2.309038227008045618e-01
2.142142361225102820e-01
2.096910493185430158e-01
2.021840183164747562e-01
2.333769845178124969e-01
1.593195278862978015e-01
1.056334346186722506e-01
2.518247775795844079e-02
-1.675281392071534562e-03
1.897172886656477500e-02
-2.639644273244255799e-03
-6.188400457668687127e-02
-3.671222683052276226e-02
-2.894304553949338110e-02
-2.349394294218710641e-02
1.591091753817047011e-02
-1.506221205721101908e-02
-9.406927528090571963e-03
-5.912157766810266502e-02
-9.108008107690755695e-02
-1.178820299381466430e-01
-1.633028504588238117e-01
-1.596928123886682260e-01
-1.934233836598660827e-01
-1.824643829436948528e-01
-1.387718575098884077e-01
-1.307055077094800843e-01
-9.782169646255180206e-02
-7.963216277636125939e-02
-1.280207774774479168e-01
-1.181917223249666499e-01
-9.683413401035226298e-02
-7.926264759632746515e-02
-8.042530115061603813e-02
-5.617931760674782504e-02
-2.583298983863652806e-03
2.580052503012418563e-02
5.511989484806591871e-02
5.605505156068183586e-02
6.010743784569853865e-02
3.276927248431171780e-02
5.193262883482951953e-02
6.977927577942899529e-02
1.538491468564459792e-02
-1.614753370807692906e-02
-1.025115845866330158e-02
-6.293163300418638806e-02
-3.704721015431119979e-02
-3.185600215945692815e-02
-5.005222335301892297e-03
1.953980222000926623e-02
1.433254420746350212e-02
5.548247933864200454e-02
5.373776946095043701e-03
-4.446900583515416006e-02
-7.007668747089415562e-02
-6.115251286129259195e-02
-9.566819749789952365e-02
-4.551481039700691622e-02
-1.883420939679899403e-02
-1.763532171166143359e-02
2.773929421263112219e-02
2.535793363317685040e-02
6.744898343808401753e-02
6.540491641223741826e-02
7.031403318705931049e-02
7.482980293739642519e-02
4.662894912509165518e-02
5.197093001341149959e-02
4.017757155936865776e-02
3.693656230507436078e-02
1.214048872303870666e-02
2.771643509652505291e-02
1.437327720690783142e-02
1.457852288769000311e-02
2.061989545602112631e-02
4.334051936398158195e-02
6.793218624343257128e-02
8.080916407373768540e-02
9.202338438941234933e-02
1.207153444248682955e-01
1.163397691472455447e-01
1.112640726433528071e-01
1.093394080218474951e-01
4.182172564440213292e-02
2.416451754497957183e-02
5.286960941309219730e-02
2.081018543849985983e-02
4.404270763798455446e-02
5.406703800571235202e-02
7.836117160265507198e-02
6.109645939041546958e-02
7.150149131414383630e-02
4.351840706006232518e-02
3.139736074481809525e-02
-2.468213061553034288e-03
1.077936210906959777e-02
-1.151355314562108219e-02
-1.090325122290191663e-02
-4.526798057947859465e-03
-6.655808586516283494e-03
-1.082994398300643826e-02
-2.126761094270751551e-02
-4.426607038419122508e-02
-4.194039850248471729e-02
-5.615195962204640873e-02
-6.765836321433217615e-02
-7.439547973138108117e-02
-7.527446138207675996e-02
-7.854124793751193767e-02
-8.509391084215173207e-02
-7.207260444366626884e-02
-6.374981913332336547e-02
-5.196971410298031890e-02
-2.162557497364514178e-02
5.602732880285106985e-03
2.048614530859198951e-02
2.268171477416287829e-02
1.714762003771754320e-02
-5.888800127427413236e-05
-1.114186148591550345e-02
-1.536485216353022758e-02
-1.699429373234650348e-02
7.869019696533075675e-03
1.848208173593100800e-02
2.440089053279979187e-02
2.712939354035424390e-03
-2.538371093431773806e-02
-5.891280584707008633e-02
-4.360473670067568225e-02
-5.221301778025824042e-02
-4.724310548387763986e-02
-6.313298777158879438e-02
-7.083419966951555458e-02
-8.018345656585552927e-02
-8.832020758022880724e-02
-8.500514938067603443e-02
-8.446966242678699555e-02
-6.944562995711484055e-02
-6.219394014559311706e-02
-6.836553672110298741e-02
-6.684431118066119781e-02
-7.166746308799909482e-02
-6.348584497871549714e-02
-5.828199151537701017e-02
-5.028847474979603049e-02
-2.593512631485514475e-02
-1.937650544910259759e-02
-6.555240634753882641e-03
2.611398673928083929e-03
-1.158029446918822265e-02
-8.367956382861013037e-03
-2.827575389486509157e-03
-1.570798208720752820e-02
-4.216680102476931882e-03
-2.109531643461016320e-02
-1.451116144980296209e-02
-1.625647928271011997e-02
-1.051656738757996215e-02
2.015979494886489115e-02
1.873888201899495329e-02
3.614840916358737222e-02
4.120294882597768521e-02
4.464908217001103269e-02
3.292709765827810109e-02
3.034146412638659418e-02
1.976048996326735044e-02
1.881487642094333002e-02
3.694337140348893239e-02
5.562206585614077464e-02
7.322881367266961816e-02
8.702793797397707920e-02
9.961978480817189341e-02
9.873618269783775159e-02
1.015873710678976555e-01
1.061604101995430594e-01
9.383521252290472070e-02
9.028621315639405454e-02
7.358629133943477008e-02
6.260054059377770375e-02
5.463802954419166164e-02
4.925969293397972071e-02
3.528049229781537316e-02
2.539100639690478056e-02
-3.604578632319629158e-04
-1.012940934718984873e-02
-1.145531103596784603e-02
-1.405410071872465610e-03
6.412614341177172092e-03
2.264997951190923439e-02
4.594536428068563688e-02
4.186963251539039393e-02
6.911453754670615623e-02
8.549406696505108816e-02
8.396943687540202317e-02
5.969500102744431519e-02
4.734426923175132085e-02
2.126238252785346908e-02
2.224581088458700215e-03
-6.075381583091063638e-03
-1.164005646688042427e-02
-2.212105847434854902e-02
-1.483507998866771468e-02
-1.844171350961602840e-02
-1.700742556500318275e-02
-2.329501999564704065e-02
-1.709253929518535914e-02
1.625246677828724468e-03
1.090034519697141192e-02
2.703224229690344427e-02
2.306253792120657384e-02
1.491460053086649494e-02
-8.113393374990425858e-03
-3.633395709538453366e-02
-4.704175071647522660e-02
-5.907245488668323025e-02
-6.036046880642584322e-02
-5.645605882088302468e-02
-6.663541776858550314e-02
-7.200779641768469130e-02
-8.054032627740510819e-02
-9.045279288546488605e-02
-8.504636874429281901e-02
-7.035269913877063852e-02
-2.685982619776296904e-02
9.219592207959594402e-03
3.880869959595296265e-02
7.182030302919766018e-02
6.914967735816709982e-02
6.857564604360985583e-02
5.986376939529126917e-02
1.862981485331864639e-02
-1.456563423711955928e-02
-3.358016315086165965e-02
-4.214758963995676039e-02
-5.757943846824468276e-02
-5.222262347266451443e-02
-5.448932369845908147e-02
-3.032614365495380632e-02
-4.758842404633105774e-03
3.560222219790401543e-02
7.508794072193465674e-02
8.573347972894924951e-02
1.011461171724246100e-01
8.634921677129576978e-02
8.143803294874087106e-02
4.747534437623187470e-02
7.867122876260443376e-03
-1.850360335056278407e-02
-3.888481558894445883e-02
-4.256501169097880177e-02
-3.666152336554280577e-02
-3.052227000750216968e-02
-9.779956689270442177e-03
1.910936992737367196e-02
4.174864942748857805e-02
6.719789793404659650e-02
7.867414694763924521e-02
7.722003966299827160e-02
6.234763122409351516e-02
2.297924805667115461e-02
-5.919647775066297704e-03
-1.581449584097837160e-02
-2.697910701106114029e-02
-2.102345612812778208e-02
-1.180385176106387400e-02
-2.219158127935664040e-02
-2.936423691285205625e-02
-3.984112914306280756e-02
-5.412722557205546653e-02
-6.986280882605064302e-02
-7.498252128755188151e-02
-8.439561348152850584e-02
-8.462250236798557479e-02
-8.199029946658009660e-02
-8.803519817516163026e-02
-8.190032209467323909e-02
-7.069765292809471191e-02
-4.208010661102660338e-02
-1.676716166380319908e-02
7.193970543353894916e-03
5.292396060936566983e-03
7.631977957975704698e-03
4.227209886810898154e-03
-2.192894462622305488e-02
-3.088217949512967603e-02
-5.035948391897659276e-02
-6.562754961218537908e-02
-7.345545937704045514e-02
-7.196219977651567568e-02
-7.027731269203785214e-02
-7.192207473228692804e-02
-7.461215497021628229e-02
-7.801147576264942651e-02
-9.463455204035850499e-02
-8.831558712059035809e-02
-9.713057297347248153e-02
-1.065862220325402149e-01
-9.860194618623614737e-02
-9.377697041325147587e-02
-6.665864165782092732e-02
-3.292272038072587698e-02
-1.985642529628697805e-03
3.157537003194196834e-02
5.072802637066543135e-02
6.864653362174728823e-02
8.162200019697750386e-02
7.872752541556778116e-02
6.862768701006409511e-02
4.211755665230677154e-02
2.047447256845271943e-02
-4.392184614112586670e-03
-9.027612109981531657e-03
-7.538997287303828704e-03
-2.066002050024987133e-03
1.245311145399785428e-02
2.131673372412694681e-02
3.746779357245428460e-02
5.991726945426292805e-02
7.288920988924271760e-02
9.156048728826439442e-02
9.944007324644438262e-02
1.012910536958205598e-01
7.909205536283375748e-02
4.466780719065110983e-02
2.812340031783899102e-02
3.058464621262139277e-03
-8.139924540598642011e-03
-1.992378673417401647e-03
-5.378871610801662199e-03
1.322484980466398898e-03
1.343824208533502722e-03
4.021283296187269651e-03
1.658927396772244198e-02
3.484689863805873200e-02
3.720357623576017042e-02
3.886256442805397643e-02
2.290142978907601726e-02
2.138579743661763073e-03
-2.412804023204434892e-02
-3.332737537222058705e-02
-5.098312437912574241e-02
-4.350077635881030580e-02
-1.468418550415902246e-02
2.275418303586084975e-02
4.800390064066321211e-02
7.435182854690192134e-02
9.937210385334174778e-02
1.018385781629782133e-01
9.192975928621194281e-02
7.626883293269084985e-02
5.463377385768254657e-02
5.076061277022089757e-02
2.994787391981557079e-02
2.837521536813512185e-02
2.430361769830587104e-02
1.537287717237597641e-02
2.331751433862376197e-02
1.182413314705585763e-02
4.182671087716994911e-03
-3.281924640303296795e-03
-6.073922490573654444e-03
-6.593481017814304714e-03
-3.712490683086321162e-03
1.556754443240693404e-02
2.206318113782466256e-02
2.372022387342858848e-02
3.102286033201650736e-02
3.068884973657300466e-02
2.744674616289065686e-02
1.894157428787165975e-02
2.216823579907809677e-02
1.506500865120271974e-02
1.519924516280432916e-02
1.471908213353371672e-02
9.889522378223531904e-03
1.348055576833988300e-02
2.362380217623649432e-03
-1.260643775936889704e-03
-3.132246066225777455e-03
-1.145999229112786705e-02
-1.002835503125497872e-02
-1.721254965474223325e-02
-2.130202120790974235e-02
-2.343886219965492582e-02
-2.342196104466160583e-02
-2.188334798505402884e-02
-2.324686994257255460e-02
-2.392024113935671548e-02
-1.843332372764092814e-02
-1.826856786421685377e-02
-1.850080675657108514e-02
-1.078260858992083175e-02
-1.691598910057889524e-02
-1.370768783688318566e-02
-1.434640558637888599e-02
-2.143917590454617189e-02
-2.133776897458625893e-02
-3.012539684276697646e-02
-2.562725779368188808e-02
-2.637030065817231803e-02
-2.846263932813653322e-02
-2.814808329959182440e-02
-3.768775176945365901e-02
-3.832501042643195188e-02
-3.280951911958358141e-02
-2.893830348881180209e-02
-2.577292386333653387e-02
-1.383548002319957317e-02
2.807148094242786079e-03
1.802708805258569635e-02
3.026668563486939467e-02
3.401655340461000321e-02
3.230272765187025552e-02
1.997278792455032745e-02
1.533749417882881300e-02
1.564378201644154101e-02
8.582442982920107308e-03
1.022241433607034948e-03
-3.080095667832725027e-03
-1.183680293374868991e-03
2.930927776136299165e-03
4.148187867888899864e-03
8.412288477181617541e-03
9.807278196658922656e-03
5.920353003116378410e-03
1.432233055984164123e-02
1.392302557424409878e-02
1.853035338004861352e-02
2.611386514823772417e-02
3.175508159366948607e-02
3.840854347305360655e-02
3.843188895333213978e-02
2.667585894952634318e-02
7.064670628102852172e-03
-1.244934213166121358e-02
-2.487363650844024582e-02
-3.274191449961030842e-02
-3.996381450556826115e-02
-4.621043275468156297e-02
-5.450136121172770992e-02
-5.019193146156081947e-02
-4.817327696372574602e-02
-4.110604076461311929e-02
-3.792047702598036474e-02
-3.058039052611228811e-02
-3.562289267523397612e-02
-3.459216540272777585e-02
-3.360435976844201866e-02
-2.447408834075646619e-02
-1.492116644719483631e-02
1.011891604016881829e-02
2.121897452546055857e-02
3.080509077379324154e-02
3.430387303949642558e-02
3.974531540108629940e-02
4.244585246872374651e-02
4.892629029375180488e-02
5.613919256251908435e-02
5.951066900607834137e-02
5.847532127393367807e-02
5.166707399666111561e-02
4.199876220318107117e-02
2.651061672192979793e-02
2.526126875389851645e-02
2.215802215145623935e-02
2.362647717918507292e-02
2.344080765634480590e-02
2.254115552831916294e-02
1.972887629205682253e-02
1.231948289761183001e-02
1.748989882409302367e-03
-1.687975496972991124e-02
-3.472944169040732137e-02
-4.090176781217589458e-02
-5.325031096909278033e-02
-5.825682216945171632e-02
-6.782932022095525260e-02
-6.433783341783912146e-02
-5.559409991622377145e-02
-4.165028227360659946e-02
-3.432855602124925548e-02
-3.407297164861648048e-02
-3.116305480473086781e-02
-3.026048449167040647e-02
-2.325270631264218790e-02
-1.347909667582247208e-02
-5.787052742546774063e-03
7.918519410186168617e-03
2.161147041264352420e-02
2.620821979769682661e-02
2.795159217391410267e-02
2.627059600281604970e-02
1.983636277417260424e-02
7.032047751234454455e-03
4.910065184958215326e-03
-4.040446044582572498e-03
-6.502153985328825575e-03
-9.578103398591247819e-03
-8.104395637799736984e-03
-6.460047007097270699e-03
-3.871094039728657701e-03
-2.918817308241805977e-04
2.797056037664041612e-03
4.915621895628681688e-03
4.952792277509669890e-03
5.994815357921475137e-03
-4.808524504850875299e-03
-1.996379018735964031e-02
-3.804085215866658681e-02
-4.124647841941372212e-02
-4.250263548585957174e-02
-3.855372317853577452e-02
-2.983126810946598595e-02
-2.122858021786683258e-02
-1.234744883752883320e-02
-1.271623447130390723e-02
-1.537044535151362891e-02
-2.195836965865746726e-02
-2.063703979310068520e-02
-2.273667392565193943e-02
-1.886059465315547204e-02
-1.618559170457267715e-02
-1.213042098466858565e-02
-9.253309404216049014e-03
-1.240398867257842342e-03
7.133162862690883323e-03
1.349235009952227081e-02
2.350500772711079309e-02
3.111612066208755203e-02
3.929858990867297203e-02
4.512438155755695013e-02
4.491633928278308124e-02
4.604494734499878228e-02
4.255273099562394828e-02
3.858874139895359517e-02
3.576272237481898514e-02
3.466086434208910660e-02
2.825228682354343282e-02
2.307408907030272446e-02
1.950186581455663759e-02
2.136233036529597284e-02
2.898073876285977776e-02
3.396512039337134387e-02
4.918953490210097729e-02
5.368475576615124728e-02
5.580530355811870458e-02
5.855411226987376067e-02
6.365740994055414659e-02
6.241657334554108483e-02
5.839847573468348596e-02
4.783124135943650490e-02
3.013135480387973270e-02
1.156865820636188667e-02
2.330693591787254618e-03
-6.996786348730407896e-03
-9.563232814017989802e-03
-1.255463997500088323e-02
-1.044157003218514936e-02
-1.118745812708452775e-02
-8.518571207970535714e-03
-1.443942273436369696e-02
-1.860525346260893248e-02
-2.922075948197352252e-02
-4.162097883221530653e-02
-5.077714915208486612e-02
-5.764996127325276720e-02
-5.442682590229674239e-02
-4.681437546584568676e-02
-3.559602105470503070e-02
-3.232291176502774532e-02
-2.613988563146484381e-02
-3.255016542461416224e-02
-4.205080316963531045e-02
-4.911621550310119044e-02
-5.469505574341372578e-02
-5.329517806400310004e-02
-4.817437128311381073e-02
-4.163496180217381160e-02
-3.803647488111436270e-02
-3.254894951418298849e-02
-2.846032909831730517e-02
-1.879882640325183235e-02
-1.204168384140150670e-02
-4.847324206709637331e-03
-5.343281912481199179e-05
3.602633175629750811e-03
-4.042695478880244282e-03
-7.168144605795758600e-04
-5.110301314763949533e-03
-9.768563608530341641e-03
-1.371303784278034982e-02
-1.404607570987890901e-02
-1.117819288959898127e-02
-7.458722880637720827e-03
-3.426557186091444118e-03
1.791388679144339602e-03
6.691702262444539952e-03
1.400643702982263573e-02
1.983551163687078192e-02
2.897344330027272832e-02
3.659635056643188028e-02
4.132575577952625479e-02
4.503197236478772431e-02
4.043035933800973036e-02
3.451142895009782358e-02
2.483484896568579139e-02
1.609379046701903820e-02
9.792541362233094307e-03
2.632981084081422330e-03
-6.110460599030433614e-03
-9.007330723989549759e-03
-1.173783998375543813e-02
-1.163850010152852124e-02
-1.166097012629661693e-02
-1.005630881206766823e-02
-7.809464403614172802e-03
-8.756512720246975925e-03
-5.423264500643824697e-03
-2.715346856689148866e-03
5.112708817417674009e-03
1.157020241260947949e-02
1.593827552287188296e-02
1.874970362183240105e-02
1.966564894963577712e-02
1.945152712270603601e-02
1.936896680442931964e-02
2.134494284613018544e-02
2.266870453254931847e-02
1.858567730466702955e-02
1.163209225355623516e-02
5.504937204305782039e-03
1.707746200583880238e-03
-3.289572716915381383e-03
-6.727352756286561833e-03
-1.146576786567594410e-02
-1.671670138090947805e-02
-2.273594437939323656e-02
-2.721146749445849111e-02
-3.029744816877809679e-02
-2.948667909327127440e-02
-2.892930575162111495e-02
-2.465015217119046267e-02
-1.677640258308012167e-02
-5.952100424474331651e-03
4.679358339747261356e-03
1.513577463829704657e-02
2.432671999649817923e-02
2.988513294156699626e-02
3.006472291225139454e-02
2.784751024100560676e-02
2.238004739618860636e-02
1.729134065068230891e-02
1.187937195794409005e-02
5.416698584315485059e-03
1.198505889262173330e-03
-5.181334802153134828e-03
-9.602348652588856351e-03
-1.003932254334416636e-02
-9.969821103098262804e-03
-4.710035759925781593e-03
3.866157443378091460e-03
8.870565118691097276e-03
1.039622873220667071e-02
1.086065788049789260e-03
-5.694704345299108836e-03
-1.634876688443622633e-02
-2.648520419391826516e-02
-3.325466392843638014e-02
-3.636204462634464590e-02
-3.299008181861291800e-02
-2.512168223639973941e-02
-1.357442405362651455e-02
-3.391101237918410331e-03
4.967176497910458753e-03
9.986345325857915942e-03
9.712096728106621793e-03
4.632205333226333162e-03
-4.129803302169549398e-03
-9.371812034838266151e-03
-1.007999474726693767e-02
-1.951256582635096807e-03
9.803302169548984077e-03
1.852415223684962531e-02
2.741464612750766500e-02
3.434570035832880397e-02
3.647171974723654314e-02
3.191023176468728989e-02
3.181684984357312229e-02
3.371999285044666866e-02
3.538214240986152503e-02
3.329807193082929412e-02
3.210465584263201555e-02
3.044968015476108222e-02
2.786501935121451362e-02
2.545447692141206489e-02
1.930768491869815084e-02
1.210813334646516568e-02
2.333101094440979094e-03
-4.168919140740416814e-03
-1.178028741690772055e-02
-1.889658560191822406e-02
-2.434690410965566904e-02
-2.710446737651517682e-02
-2.990276364281901911e-02
-3.239428570733765556e-02
-2.965909519241174963e-02
-2.864733612263186194e-02
-2.055606015838449749e-02
-1.773551273119017280e-02
-1.523742475034319151e-02
-1.540449084358650085e-02
-1.595700054351196356e-02
-2.036674290425070227e-02
-2.337454053784581917e-02
-2.622487777060390768e-02
-2.745051548522730103e-02
-2.974347937633522662e-02
-3.119053438047540011e-02
-3.090941588878797289e-02
-2.848391776068207731e-02
-2.218671763763194194e-02
-1.087039732305159455e-02
2.380752624238688386e-03
7.129393540354244350e-03
7.563084472945385411e-03
5.131980997751781765e-03
-2.769552143710886285e-03
-1.186074421013850501e-02
-1.666575473384328959e-02
-1.860768528347127998e-02
-1.778609460512700982e-02
-1.646841247086374901e-02
-1.299103022874923026e-02
-9.055310549603675513e-03
-3.939099910144219265e-03
-2.560391231340334662e-04
2.091548328183952601e-03
3.874960634899790937e-03
6.688759759201098540e-03
7.533501372154922070e-03
9.734262775266924045e-03
1.398224041224227325e-02
2.069686258631444481e-02
2.679757158368686193e-02
3.042159262380096305e-02
3.533508667617508980e-02
3.812012951877913336e-02
3.908325217131205370e-02
3.972914379235168575e-02
4.004661800593121296e-02
4.157392309852887824e-02
3.965205507101525473e-02
4.131785236172362541e-02
3.715384549912515572e-02
3.400074656900474446e-02
3.193868406877676397e-02
2.910269457910652502e-02
2.662892480688302740e-02
2.411806976650872000e-02
2.186377182711213285e-02
1.772140817018855175e-02
1.499740403122944502e-02
1.252557971569582401e-02
1.020058874383077650e-02
7.817927140215143872e-03
3.682032126785412911e-03
-6.560250185730319688e-04
-8.234826349751773328e-03
-1.490292779072722486e-02
-2.012574945679201921e-02
-2.324176311876162068e-02
-2.577073522456042182e-02
-2.618609022784945672e-02
-2.880528288764136816e-02
-3.210343993220083486e-02
-3.541497199150322323e-02
-3.529581276924816796e-02
-3.422289340478023439e-02
-2.833521191494950062e-02
-2.004318913851530284e-02
-1.072806284797836809e-02
-2.687660576171316956e-03
-1.051313852016405245e-03
-2.626561077004823871e-03
-8.323381106454174824e-03
-1.730191907143352470e-02
-2.469076357959167425e-02
-3.064714400878374226e-02
-3.307422282045015260e-02
-3.529617754237752286e-02
-3.466122911521846151e-02
-3.310206716932403981e-02
-3.174547590126321206e-02
-3.176845660841239732e-02
-3.215013089275792213e-02
-3.115575934214382531e-02
-2.964875995374676929e-02
-2.784337614553961809e-02
-2.022764275092439612e-02
-1.314447812516338771e-02
-6.067940211252278657e-03
-2.496981502354610714e-03
-8.212514393339730926e-05
-6.167620548399923306e-04
-2.636105973889539566e-04
7.798618482568101364e-04
2.685338187247774799e-03
4.134460239120945658e-03
6.452459726006744105e-03
7.203685667698975573e-03
1.024708515871886744e-02
1.265349349305532924e-02
1.590982321878241235e-02
1.870617402839637455e-02
1.870021606728362179e-02
2.101944362370490593e-02
2.154252829119595800e-02
2.189368322371901265e-02
1.989691511364507018e-02
1.809201766961038640e-02
1.793771863589440838e-02
1.826966218360490807e-02
2.077419448973711127e-02
2.238527581104265973e-02
2.380655351404194556e-02
2.268135000103352686e-02
2.209187662400037208e-02
2.134518602821641742e-02
2.415697890030629041e-02
3.000587284738257324e-02
3.598778739562929346e-02
4.206527250376628640e-02
4.748446370446567782e-02
5.352498513549498044e-02
5.350820557154478685e-02
5.490966393451593430e-02
4.948342045331573236e-02
4.110069075871596034e-02
2.611897197204865462e-02
1.363911048856497089e-02
4.102299408216393203e-03
-4.948536591000560897e-03
-6.447194833839760102e-03
-1.021470546393670430e-02
-1.125631513480191033e-02
-1.396363698264531210e-02
-1.583346404370468419e-02
-1.580318787396845295e-02
-1.508689503896385072e-02
-1.015433551102891581e-02
-7.009918181387087173e-03
-4.556806727389234074e-04
2.954844734317491235e-03
4.412259295331268961e-03
-2.624712893149438921e-03
-1.067633801823622552e-02
-1.955512269144205756e-02
-2.624263006289904998e-02
-2.817240150821530287e-02
-3.179411231851016900e-02
-3.083755558230558830e-02
-2.758256335805279319e-02
-2.428635177018320310e-02
-2.032856331671183819e-02
-2.084994570959924909e-02
-2.101774134910126476e-02
-2.201819245187122687e-02
-2.234125985343415888e-02
-2.057393404172275231e-02
-1.695951869401492521e-02
-1.178472548998150786e-02
-8.387520381698602284e-03
-6.793084874195828154e-03
-7.175671091364726334e-03
-1.072439079847622122e-02
-1.449267961124911692e-02
-2.084714911560754669e-02
-2.479314323789652205e-02
-2.845972114310171483e-02
-2.906232635279155235e-02
-2.854884737770677083e-02
-2.749088371154227370e-02
-2.302569583514199950e-02
-2.097931857947616177e-02
-1.712622001412887965e-02
-1.591930732014557037e-02
-1.314362698786156712e-02
-1.139072187386388352e-02
-8.774617626567157713e-03
-7.736838073560149513e-03
-6.393816365911222412e-03
-6.738624245983544647e-03
-3.635183097872279022e-03
-6.344073470171894243e-04
3.743168103264841399e-03
8.524310305205678659e-03
1.130334655027971993e-02
1.609646546996762115e-02
1.740891918937683552e-02
1.987442077066835233e-02
1.947596692237263047e-02
1.834006339756988346e-02
1.753294205335658232e-02
1.561605925861077500e-02
1.506658933476324493e-02
1.672873889417809956e-02
1.690224931270663256e-02
1.773721500579381397e-02
1.764456263093835617e-02
1.645941473367306188e-02
1.222172369894544176e-02
1.098690586056668729e-02
7.226167851571383208e-03
7.941342048979305526e-03
1.128671289558126102e-02
1.564305247018283815e-02
1.831987928441239366e-02
2.219693128525380629e-02
2.325477336037518397e-02
2.405654469869131923e-02
2.424379490509211144e-02
2.455920207093864951e-02
2.201150494449977124e-02
2.000719818975255082e-02
1.526198614105290542e-02
8.796321627763612969e-03
3.933239221865960332e-03
-9.602470243631973422e-04
-3.506977502009292307e-03
-3.741052419114598848e-03
-1.099550234731508673e-03
2.264706132687442208e-03
2.585694327413065770e-03
4.706302914902077590e-03
2.629309034579276755e-03
4.258568216830875205e-03
3.755606866975751482e-03
4.483049600634218812e-03
2.847650070705191883e-03
1.867699217804819761e-03
9.740828691595263900e-04
-3.280271002116899939e-03
-4.904617906226556474e-03
-8.063772070294213459e-03
-1.045396015947881382e-02
-1.319250658719476298e-02
-1.597390169850528355e-02
-1.636773508716254238e-02
-1.419247132579225766e-02
-7.894967225134328845e-03
-2.637346202529337533e-03
2.589074558411729420e-03
4.824842022837229696e-03
6.238179830720950308e-03
4.966726611050923702e-03
4.131663645129245860e-03
2.445499854698703589e-03
2.468152266031475427e-03
5.402666977939737740e-05
-3.260451662088764170e-03
-7.896231771982748643e-03
-1.194495816660161649e-02
-1.709582225334953243e-02
-1.963221141277849205e-02
-2.139357926337714585e-02
-2.220726652391878317e-02
-2.439481098064392658e-02
-2.530467675629142696e-02
-2.466377036801960937e-02
-2.262821471519122288e-02
-2.159529880390891401e-02
-1.814722000318568645e-02
-1.530916346578245837e-02
-1.429971462582180566e-02
-1.394029150236677020e-02
-1.391670284000199632e-02
-1.432926124929933230e-02
-1.453511488529709086e-02
-1.382149705324106984e-02
-1.360153885624169542e-02
-1.212070586032350586e-02
-9.854431203179849982e-03
-5.276856725626164098e-03
1.223594985099017707e-03
7.498933038596646006e-03
1.484991409592803860e-02
2.049550781891202808e-02
2.680304318062714380e-02
3.519355470198643615e-02
4.011349307964578309e-02
4.347779565166112054e-02
4.313965096075162570e-02
4.064423798285323602e-02
3.281608503591191411e-02
2.449050313157731529e-02
1.857485570182958179e-02
1.512191325938166270e-02
1.454958421942805988e-02
1.657419667837588609e-02
1.845569647957452999e-02
1.904456190139209790e-02
1.953578971558639008e-02
1.644737722040443689e-02
1.195570681481319432e-02
5.381607409271804005e-03
8.810341075035050076e-05
-4.579799593642734645e-03
-8.849396118084357221e-03
-1.267914920315309918e-02
-1.698529599515581287e-02
-2.116328582771278763e-02
-2.486488195333579065e-02
-2.614073676876666960e-02
-2.604577416409198029e-02
-2.415637094509070354e-02
-1.918901206061556994e-02
-1.200676289381819029e-02
-6.266060656907769880e-03
-9.876183840793551286e-04
2.098442540328709568e-03
2.259696581711005160e-03
-8.823509385004664213e-04
-5.197822547599854730e-03
-8.509926084804889795e-03
-7.805658603964597993e-03
-6.069642485855922427e-03
-2.468261697970280770e-03
1.212081529226231250e-03
5.032434410751566133e-03
5.995593540597425782e-03
6.188777389902351198e-03
6.729213099246257428e-03
6.772110419258076629e-03
8.063492410895045648e-03
8.436618844909409692e-03
9.079896258522013319e-03
1.081142566713965553e-02
1.098329460658610014e-02
1.094877490944507099e-02
1.014943539199128671e-02
8.522802576271021682e-03
4.708540190095437429e-03
1.677324121595906903e-05
-3.195059999100226689e-03
-5.116502457962936873e-03
-6.562037574064144910e-03
-7.388735076219346380e-03
-6.807724435787162673e-03
-6.773970762217772223e-03
-7.792830748915713021e-03
-9.329705056606711275e-03
-1.312696901495448432e-02
-1.679050714408173925e-02
-2.090454008795896226e-02
-2.375317504611340266e-02
-2.541933710995113518e-02
-2.548511786427765102e-02
-2.436964163471862233e-02
-2.394042525251420181e-02
-2.067205801351849545e-02
-1.921247913193722609e-02
-1.747129539449606209e-02
-1.698249940116411394e-02
-1.402078477291049050e-02
-8.928782910135707809e-03
-2.465647490543257121e-03
2.688159099448098489e-03
7.671969252057017456e-03
1.148724084389047585e-02
1.299954160176744825e-02
1.371571284572893450e-02
1.296683361116886778e-02
1.214893930053536665e-02
1.092299760830418333e-02
1.078842064178184637e-02
1.026222324358698479e-02
9.457667470383462546e-03
9.177813525544455120e-03
8.974501142347851568e-03
9.378487383105411565e-03
8.379240031662307797e-03
5.850571903471302702e-03
2.370368749156462427e-03
9.047869177764890098e-05
-1.120266916657851374e-03
-9.969152352361117502e-04
-2.396413550592209549e-05
-8.933233142313806198e-04
-9.299672068956713533e-04
-2.444150194120100605e-03
-5.258654546471488479e-03
-8.160935472849328506e-03
-1.020114806262911560e-02
-1.060149873119746455e-02
-1.000307625339087042e-02
-8.804456068548167577e-03
-6.865139726347199538e-03
-4.830629756489618690e-03
-2.354744300115876356e-03
-2.539392458193959692e-05
1.408741666453882345e-03
4.466476741457318001e-04
-9.269979536227445065e-04
-2.291371048443087595e-03
-2.263526699569202993e-03
-3.062744625979872161e-03
-3.262020186544978707e-03
-2.544231781710032305e-03
-2.099269359421907562e-03
7.296167815094069817e-04
3.622197174467340058e-03
5.355392380375692367e-03
4.408733155080864566e-03
3.410604441234441151e-03
2.605829804153307356e-03
8.073766854038464747e-04
-4.735533401667500037e-04
-1.275417087675653456e-03
-1.568281274128222871e-03
-3.427432641601889569e-04
1.430287599294285776e-03
5.766564651781491690e-03
1.023722412512204777e-02
1.336054540878300889e-02
1.735991799900052368e-02
1.945335098835279664e-02
2.166229546866660013e-02
2.423248693808219278e-02
2.615654360437193182e-02
2.676158063492411338e-02
2.783948523215986140e-02
2.714702424160626848e-02
2.337758031392375702e-02
1.658672055581697849e-02
9.850211993983675959e-03
4.095697014575118595e-03
-3.065541219971571743e-04
-8.915541645540224491e-04
7.269478581129800105e-04
3.364703822457622544e-03
7.326188643639756047e-03
1.183321599797672492e-02
1.294409608610591449e-02
1.315797473094942015e-02
1.160410199543060981e-02
8.451781247986149201e-03
4.368875611146981475e-03
-3.479060198509537657e-04
-3.813313976039269405e-03
-6.413027750723771306e-03
-7.415217605410315618e-03
-6.479416460265872285e-03
-4.542106370276340586e-03
-2.204919816786616270e-03
-1.019132350634523003e-03
-1.213547917206227135e-04
-4.027897848932856422e-04
-1.550747845710693639e-03
-1.612236436215162697e-03
-4.719130769950962995e-04
1.811378246632840226e-03
2.915193895156907317e-03
5.424516888387934284e-03
5.142474304772813934e-03
5.703835832637224774e-03
6.584471121519304762e-03
8.253308188305618492e-03
8.391459931495606761e-03
1.017116371139636585e-02
7.370715283629348212e-03
5.950507581809493657e-03
-3.562033926332851285e-04
-3.673642344810312214e-03
-9.215701294579837707e-03
-1.051205635988030490e-02
-1.306653826652513610e-02
-1.392886194431373556e-02
-1.426044071889488382e-02
-1.557131375474357128e-02
-1.554444213421462759e-02
-1.590350048454030815e-02
-1.724768946620316296e-02
-1.573716393755570514e-02
-1.511121324758733092e-02
-1.436148287572544362e-02
-1.303139845506420813e-02
-1.308076441856987140e-02
-1.293680062351887199e-02
-1.345441369406964217e-02
-1.390600282820766281e-02
-1.460721837386570916e-02
-1.486012774354990122e-02
-1.611178594140041595e-02
-1.699380736817403259e-02
-1.901671755251821416e-02
-2.044139980472478579e-02
-2.151371121397713596e-02
-1.987405599753899743e-02
-1.815317796429843922e-02
-1.456940355945619651e-02
-1.083148818925402761e-02
-8.247982500617076496e-03
-7.018757850221722487e-03
-6.898030103510455723e-03
-4.990485500876063948e-03
-4.408003608822159969e-03
-4.213688962816243555e-03
-4.928206568591330999e-04
1.047342688548190837e-03
2.737707449518438779e-03
5.380877863013100275e-03
7.117745118423597292e-03
9.646243019154237749e-03
8.480792870873960637e-03
1.406249050069975810e-02
1.127384856321943934e-02
1.581449584097837160e-02
1.394855969329875447e-02
1.685482880589084589e-02
1.635922371414432266e-02
2.033999287476487283e-02
2.014009719987986877e-02
2.266323293560903313e-02
2.157377718927713101e-02
2.076507516150330468e-02
1.890473220180708888e-02
1.630681797456072155e-02
1.341963865573806564e-02
1.055441867930240890e-02
6.474771682418786235e-03
2.599884002144866538e-03
-7.867645717745849450e-04
-4.052434921433947963e-03
-4.920290991684389027e-03
-4.794821194291544117e-03
-2.945263360119840246e-03
1.150212358756804603e-04
2.245798725482686317e-03
3.156843934248427640e-03
2.493479680312829343e-03
8.809891188175516001e-04
-1.999126976310417435e-03
-3.357165177784343733e-03
-5.848650764990048247e-03
-4.632959197693661650e-03
-4.589952445743036673e-03
-2.254261462083657387e-03
-1.670198886469227359e-03
-2.184237180352346670e-03
-6.395883413644218264e-04
-2.971004183947793917e-04
7.112589658195419499e-04
1.432938284034244829e-03
5.597626056474176541e-03
5.562449767700312735e-03
7.577444375137551251e-03
7.014684550277289210e-03
7.386582914756168426e-03
6.157856787637596384e-03
4.837122718192088389e-03
2.054317150781405105e-03
2.184176384830788188e-04
-2.201466631162082247e-03
-3.846617762749125237e-03
-4.978131850895336184e-03
-6.156057240199458783e-03
-6.478237027147632637e-03
-4.803612226708932516e-03
-2.330742228204501533e-03
-1.244776144810068839e-03
-2.423564830520324781e-04
-2.372618183454134212e-03
-3.433889125991423322e-03
-5.805814240499787907e-03
-7.287145759694758571e-03
-7.379640066194164544e-03
-7.522314996188121140e-03
-7.699667691679160444e-03
-8.996107870709812993e-03
-1.012875275555701580e-02
-1.338984885017430182e-02
-1.522514405498833628e-02
-1.709849725629811190e-02
-1.758157847060354273e-02
-1.720756442197442226e-02
-1.679147987242668102e-02
-1.465439569859526038e-02
-1.121458508880402057e-02
-9.294820586336328960e-03
-5.898430138042311602e-03
-3.463387113051704779e-03
6.597663749697543550e-04
2.836025966983168282e-03
5.375381947864193641e-03
7.856131045962630108e-03
9.159623505494091447e-03
1.113342306752315540e-02
1.126085048071018974e-02
1.220384981560718521e-02
1.201081187555399880e-02
1.213547917206227005e-02
1.358269224455849709e-02
1.562262517493911464e-02
1.710348248906592636e-02
1.782196396284664239e-02
1.998762203181064789e-02
1.877633206027511450e-02
1.945152712270603601e-02
1.866410352747775378e-02
1.816533706861018019e-02
1.426165662932605931e-02
1.466339343578594752e-02
1.146552468358970865e-02
1.222707370484260765e-02
9.633244936644988141e-03
1.123609454433148643e-02
8.034723970093467921e-03
7.298307817452935609e-03
3.254226200681153373e-03
2.738655859654754929e-03
1.070459577665670891e-03
1.348456827276275525e-03
1.276608679898203966e-03
8.705104027216940040e-04
-5.149319880500323552e-04
-3.259004728675667355e-03
-4.410447588788820282e-03
-8.617801658258646830e-03
-1.009837931298628901e-02
-1.321767593312006377e-02
-1.377249586286475973e-02
-1.573461052565024165e-02
-1.684157538219104716e-02
-1.678491395609833792e-02
-1.668508770969895361e-02
-1.378720837908196419e-02
-1.378745156116819963e-02
-8.775456604764668087e-03
-6.715436834061056307e-03
-2.165706705381255023e-03
1.807000969080613836e-04
1.950210899664287477e-03
1.844900897220307394e-03
2.851589620502195492e-03
4.825851228495104707e-03
4.279080625804780602e-03
3.740420145690388515e-03
-1.204276600168525339e-03
-7.454272648459624173e-03
-1.240970345160494030e-02
-1.270127877300046559e-02
-1.179870845994000772e-02
-1.049333133924022776e-02
-6.073399649088249454e-03
-2.470170677347224147e-03
2.884017951701605981e-04
5.191682199922425384e-03
7.723390104191365721e-03
1.036631733559979091e-02
8.564338076599925520e-03
8.842562701461159982e-03
8.279097648550818103e-03
5.756144299386331195e-03
4.608154624897711424e-03
2.738509950403013749e-03
3.577950193876918740e-03
1.220786232003005962e-03
-6.214980259694150456e-04
-3.654455278206386777e-03
-2.288574454451387363e-03
3.715117049617657624e-04
2.649675534301441406e-03
4.969620477877118199e-03
4.089362121228702455e-03
4.469954245290475373e-03
2.093092534431543680e-03
2.382941263014801310e-03
-3.748797768561176833e-04
-1.823196896023851488e-03
-6.019656408030359465e-03
-6.527177422002386487e-03
-6.836760376883598000e-03
-2.589111035724664389e-03
7.592278482397872346e-04
3.903254870633210156e-03
5.260794548830355355e-03
6.814156601968073511e-03
8.255691372750718210e-03
9.702989558977128878e-03
1.066580823390225752e-02
1.107406232027324106e-02
1.027264359598214528e-02
1.011190023698094360e-02
8.196427898335297696e-03
6.419873326451280490e-03
3.518467855583886673e-03
1.192019007111860254e-03
-3.045442220544266210e-03
-5.795880252277096564e-03
-5.219733253569609592e-03
-5.272284902404949722e-03
-3.946140031540716978e-03
-5.784341262285256149e-03
-7.380612794539103717e-03
-9.169618289238342518e-03
-8.883514564783100836e-03
-7.842233189734312132e-03
-7.012641820752916165e-03
-7.766360378829054861e-03
-7.560263560745061721e-03
-8.145408296643237567e-03
-6.548370740817748697e-03
-5.640523376485995742e-03
-4.999677783735739615e-03
-5.981440343178560416e-03
-7.109379654657120053e-03
-9.512723894707020983e-03
-1.053704331924093344e-02
-8.079141178144254309e-03
-5.237667932429425875e-03
-3.690239522195837459e-03
-5.292736515857296258e-03
-6.256880533152406158e-03
-7.314406471561680188e-03
-1.170853654236414347e-02
-1.520167698366667493e-02
-1.716087346141734193e-02
-1.573290825104659701e-02
-1.283855506068001112e-02
-8.517926775442014736e-03
-6.826984457016959350e-03
-6.293649664591107959e-03
-5.623415516719376152e-03
-4.784960160694723581e-03
-3.009341839842710146e-03
1.285533462463021165e-03
3.683150764382092830e-03
5.686861723018036587e-03
6.098265017405757674e-03
6.116041627909522133e-03
5.004796766650982005e-03
4.757140130029462004e-03
3.524231271027651342e-03
2.958832920531742194e-03
2.704513094747388723e-03
3.184785555956806073e-03
5.385291617878261092e-03
9.780783508363642340e-03
1.309450420644213929e-02
1.559490241710834862e-02
1.712074841718859777e-02
1.787826061581000020e-02
1.742472602498209774e-02
1.574956622395368155e-02
1.345380573885405356e-02
1.381651182047325711e-02
1.379377429541030382e-02
1.399865520306312235e-02
1.254393996320655146e-02
1.310860876744375514e-02
1.162710702078842244e-02
1.246065009867113223e-02
1.067767551971051700e-02
9.553578485194468006e-03
8.461253190244995281e-03
7.112930113116148340e-03
6.385645447813733701e-03
3.805823967783237508e-03
2.699065816015729438e-03
1.230027151279928328e-03
-2.776397719438395686e-04
-1.654671710263135335e-03
-3.160625415689378992e-03
-3.960949820592416133e-03
-4.776156969173023237e-03
-5.046344426084197789e-03
-4.681376751063009642e-03
-5.083052762001339861e-03
-6.297017736485459663e-03
-8.250839890130335155e-03
-8.396992323957448365e-03
-9.555317237111046746e-03
-8.242036698608633943e-03
-7.329751261203095412e-03
-6.222737768245040386e-03
-6.437345959347251512e-03
-6.802824316749531836e-03
-8.710150055506311190e-03
-1.032729876986341645e-02
-1.003420356042892571e-02
-9.006734927878273095e-03
-6.491952496811274897e-03
-3.942236959056648338e-03
-2.288708204598816597e-03
-1.208883684792243533e-03
-8.304169721641625930e-04
-9.459564290656093978e-04
-5.842814394920413639e-04
-1.738533052701206035e-03
-1.636116917083420231e-03
-1.361309000533784822e-03
-7.203722145011910542e-04
7.365547664296857172e-04
1.468017299973615021e-03
3.425073775365411466e-03
5.397061630852025872e-03
7.412457488731550789e-03
8.374048094121195468e-03
9.214983907425445056e-03
8.569833991748833021e-03
7.727888972786709290e-03
5.901931960084092973e-03
4.199997811361224319e-03
2.175494784352205620e-03
5.259846138694039422e-04
-1.539731697204257347e-03
-2.832463349419828483e-03
-3.032067205801351924e-03
-1.896856749944372377e-03
-3.919742616079929299e-04
6.912365687493997020e-04
1.241493186645899020e-03
1.208616184497385282e-03
7.941828413151775113e-04
6.358263144903694361e-04
7.648915590281957699e-04
2.067339551499278606e-03
1.782780033291627569e-03
6.836857649718091614e-04
-7.980506523967420074e-04
-1.425144298170419712e-03
-1.655911938902932760e-03
-1.105893639450943522e-03
-2.508532651450764051e-04
2.936119713677411711e-04
-3.206380125214456202e-04
-8.653646697769656372e-04
-9.586395907731853168e-04
-5.926967555861965614e-04
1.570627981260388527e-05
6.406595584542860902e-04
1.795461979088772446e-03
2.154970216273988711e-03
3.090212042620092952e-03
3.764093921785345576e-03
3.566739499701494353e-03
2.858933719506486643e-03
1.433825898649001901e-03
-2.137290878604718679e-04
-1.270869582663062972e-03
-2.257447147413332942e-03
-4.153246055282584261e-03
-5.474344897857444554e-03
-8.709335395517426442e-03
-1.042873001803195331e-02
-1.124330489318834878e-02
-1.110880088129188176e-02
-9.655058369780250907e-03
-8.128786801049087130e-03
-5.753323387186006638e-03
-4.085507685161880731e-03
-2.289778205778249601e-03
2.549496673877016091e-04
2.115258581591845499e-03
3.589622934016188822e-03
4.674677084587241203e-03
5.097619368966804440e-03
5.697926507941719794e-03
4.935380440135258596e-03
4.834168055844335031e-03
3.782587919443502686e-03
1.021340443977534996e-03
1.736089072734546155e-04
-3.303555686873882544e-03
-4.864979226170283201e-03
-7.405089071518635747e-03
-8.298588692762537411e-03
-8.874188531775996369e-03
-8.205729613133780007e-03
-6.529268787944005580e-03
-3.827746832857304750e-03
-2.049635895621384953e-03
-1.099621973446948111e-03
1.458484562193210730e-04
-6.561526891683051215e-04
3.556732556852932312e-04
9.861872575018634964e-04
2.904943770222110592e-03
3.504217385330527477e-03
2.883981474388670578e-03
2.793906829647301027e-03
-2.737999268021920380e-04
-2.457294185881091393e-03
-6.008372759229064705e-03
-3.142240849970028092e-03
6.357399848497560747e-04
2.421789601290810692e-03
4.373605502724247675e-03
5.063123990034398315e-03
3.047618700216067622e-03
3.903303507050457071e-03
3.277827022150240494e-03
5.032726229255048492e-03
2.817750833202623158e-03
1.922342232581779201e-03
-3.166352353820208474e-04
-3.600031127307038673e-03
-5.375467061594375526e-03
-5.833476202808996793e-03
-8.606153236328000639e-03
-6.687884303690653197e-03
-7.276774043716844990e-03
-3.614135688308656690e-03
-3.724187741434215569e-03
-3.437196402364216924e-04
-6.615610587661670261e-04
-3.465332569741583126e-03
-5.543031678114464234e-03
-7.557454807649049977e-03
-7.544675589017411053e-03
-8.700374135639673406e-03
-9.688556702159093967e-03
-1.132683793981000345e-02
-9.338885180362074129e-03
-8.890664118118403458e-03
-9.378219882810553965e-03
-7.271326764985185272e-03
-5.406788914301416740e-03
-5.133148271765709467e-03
-2.116377219188525852e-03
-9.835791296269953861e-04
-1.739566576567703853e-03
-2.221893926405805325e-03
-4.273548233342938998e-03
-3.993779402234114324e-03
-4.573245836418706085e-03
-4.155288784806956438e-03
-7.205254192155190326e-04
3.093409887054080452e-03
6.656331428001688484e-03
1.015625664951017200e-02
1.349417396516903143e-02
1.558614786200389520e-02
1.721206329056976583e-02
1.696474710886897511e-02
1.470534234566145057e-02
1.213427542073540824e-02
1.190192709644236936e-02
8.633985426097572427e-03
9.560010651375377977e-03
9.498801720270079116e-03
9.371435102604602774e-03
6.331573910939424649e-03
3.472786100684679619e-03
1.688984702630865527e-03
2.819428789597643037e-03
4.291324843846703457e-03
7.144215488510254584e-03
8.328658157725470773e-03
7.219832958224966200e-03
6.198176377535325604e-03
2.578313751095839650e-03
2.016417222641711440e-03
1.701897671409933468e-03
2.384145014341663982e-03
1.288086874368486821e-03
2.345977585907111848e-03
-1.469512869803958751e-03
9.807788879040014833e-04
-5.467292617356635763e-03
-4.282412220386198204e-03
-7.158320049511873902e-03
-2.853218940479968890e-03
-7.587658022759412139e-03
-6.136663468822232438e-03
-8.888037751587068297e-03
-8.016558268251728139e-03
-1.047999280181024714e-02
-6.771003940765708655e-03
-5.729029496771150323e-03
-4.538081706749154225e-03
-4.259322081298203694e-03
-4.836149989847148348e-03
-4.953120573326087218e-03
-5.657181349393078547e-03
-2.542821325609870460e-03
-2.960462240509515591e-03
-1.312149741801420071e-03
-1.091448623528596448e-03
1.656994099186677710e-03
1.311894400610873548e-03
2.362003285389985188e-03
2.629929148899175576e-03
4.005938506545854427e-03
4.184567907989626342e-03
6.377705552698166754e-03
7.613727142403782164e-03
7.478080174702011335e-03
6.660161545859886317e-03
7.406146913593757673e-03
4.814932352823162245e-03
1.903179484186477005e-03
6.110193098735575579e-04
1.565740021327069161e-03
7.665549244980418564e-03
1.900796299741375900e-02
2.704926504293988024e-02
2.857450308780454251e-02
2.116134037102291102e-02
9.485074091502124910e-03
-3.920119548313593869e-03
-9.191991041171942642e-03
-3.875106544151532117e-03
9.132678930339276080e-03
1.905830168926436405e-02
2.257167488014162962e-02
1.998993226162988288e-02
1.018033167604741503e-02
-2.810795825536307763e-03
-1.171997825952149005e-02
-1.103121363667866790e-02
-6.368099860291892740e-03
-2.159456925765020768e-03
1.174836976808940441e-03
-1.602703698434758623e-03
-4.399516554012565875e-03
-7.934083063705195393e-03
-1.176762978931920195e-02
-1.574664803891886317e-02
-1.518818037788064422e-02
-1.266370714067719186e-02
-1.045845902807415739e-02
-1.022697400018725104e-02
-8.866747159937210521e-03
-1.181725109401541088e-02
-1.503205747851790383e-02
-1.758559097502641888e-02
-1.671730933612506492e-02
-1.446459208028899775e-02
-1.214898793695261270e-02
-1.056573880541663950e-02
-1.114565512646076458e-02
-1.159797380685749328e-02
-1.071167237536614289e-02
-1.076130583916666376e-02
-1.026628438442710699e-02
-1.097565868907832837e-02
-1.131477610833275804e-02
-1.472589123194829180e-02
-1.680619238864388548e-02
-1.715540186447705659e-02
-1.496177785559604616e-02
-1.154725818277322485e-02
-7.833454316421234812e-03
-1.836547592558142100e-03
1.416450538587525577e-03
3.006180472721658049e-03
3.877149273675904294e-03
2.980232944120404445e-03
1.425496912195460281e-03
2.074537741251828576e-03
2.416731413897126729e-03
3.364740299770557948e-03
2.881622608152193451e-03
5.029260884526202957e-03
4.848455003410629197e-03
7.953951040150579813e-03
9.865605420042338966e-03
1.190666914712394664e-02
1.330570784833706027e-02
1.263841620370876988e-02
1.011582762767363614e-02
6.523408099665746647e-03
3.972792788192050853e-03
4.672610036854245134e-03
8.675034562254007112e-03
1.276146633934358010e-02
1.575844237010124924e-02
1.824899170627495085e-02
2.181610813821010728e-02
2.367122268305227664e-02
2.262760675997563600e-02
1.590848571730812261e-02
7.567887319148523285e-03
-1.085349616805827760e-03
-2.516253682688718903e-03
-1.939036682801798276e-03
7.683945969804080976e-03
1.688036292494549812e-02
2.201770608769875598e-02
2.335873370224056042e-02
2.201442312953458963e-02
1.743433171738837176e-02
1.280256411191726257e-02
1.105988480464575180e-02
5.624388245064316193e-03
4.867556956284373182e-03
5.065081605828588608e-03
5.314306766906323580e-03
5.559020900284402170e-03
9.926595487270026275e-03
1.374854242737063095e-02
1.604320859308220118e-02
1.570105139774983713e-02
1.355120016439109037e-02
1.022732661421229226e-02
5.294353676730757276e-03
7.151875724226650901e-04
-2.366417040255146872e-03
-8.397588120068723294e-03
-1.152775497945719360e-02
-1.763544330270454957e-02
-2.171786257537124815e-02
-2.492762293158437212e-02
-2.525141987940600699e-02
-2.245579861605074765e-02
-1.792920726287618866e-02
-1.543026814472738852e-02
-1.579516286512270412e-02
-1.672120024950482162e-02
-1.955767610334752452e-02
-2.007176303364789291e-02
-2.074148649913853254e-02
-2.085225593941848407e-02
-2.223960974138801394e-02
-2.062415114253023790e-02
-1.935680770011757867e-02
-1.694590049718577504e-02
-1.481416632925152202e-02
-1.173492179872062148e-02
-7.199588049545919272e-03
-4.461187531081710865e-03
-3.665726767903369591e-03
-3.552513347656758181e-03
-6.518228321228945396e-03
-8.699510839233539142e-03
-9.593423870024039152e-03
-8.462906828431392137e-03
-5.990401603056313452e-03
-4.751011941456345471e-03
-2.193076849186981550e-03
-2.315956757361425835e-03
-4.968112748942462523e-04
-1.230610788286891745e-03
2.254808621777685401e-04
-3.181721461670247481e-04
4.984187084842582778e-04
4.154267420044770566e-04
7.808321447808868991e-04
1.487812321793127550e-03
2.000209136594161951e-03
3.618500806756571458e-03
3.257448363323764331e-03
4.014547152398566243e-03
1.617367578234717249e-03
1.940264752337283972e-03
1.753671137569322303e-03
3.741441510452574171e-03
5.570827390571101052e-03
5.665571131368179678e-03
8.231008390997886573e-03
6.652221650744320237e-03
7.013578071784921236e-03
7.034005367028643881e-03
6.373413388876122791e-03
6.265829633925847249e-03
6.344961084786650447e-03
8.012083717865008461e-03
9.971839514414009356e-03
1.176203660133580062e-02
1.300695865539761020e-02
1.301486207320023958e-02
1.344079549724049374e-02
1.143577135533888067e-02
1.151710360408010961e-02
8.887551387414597409e-03
8.347346701052613810e-03
7.264663575822350935e-03
8.434928729410077000e-03
1.082267283862801618e-02
1.304671892649699946e-02
1.513285645326222818e-02
1.564341724331218958e-02
1.391220397140665102e-02
1.141911338243179613e-02
9.050422589670354886e-03
7.912828949368273454e-03
4.236462965192132682e-03
1.412267806704287174e-03
-2.412560841118200055e-03
-5.392416853004941557e-03
-8.091628578272410874e-03
-1.030859806743196320e-02
-9.971644968745023430e-03
-9.711294227222047257e-03
-8.488890834345579409e-03
-8.094765627184839080e-03
-8.818086424481627952e-03
-7.401550772163919406e-03
-9.276399543304043524e-03
-7.847716945778907688e-03
-8.792904919452013482e-03
-7.812297474918808438e-03
-6.591243742620944007e-03
-6.425430037121746853e-03
-5.471292962675198233e-03
-6.822218088126757313e-03
-6.589979195772523342e-03
-4.328033179763846397e-03
-2.141874860930244838e-03
8.580315139665552811e-04
1.374598901546516573e-03
1.544194088486665730e-03
-7.160727552165598053e-05
-1.210199299878773633e-03
-2.251124413171228314e-03
-4.548283195266704035e-03
-4.371818114390422019e-03
-5.042076580470776850e-03
-4.474623341346183579e-03
-3.668097793244158664e-03
-2.777346129574711185e-03
-1.957360452999590533e-03
-5.207051307772464499e-04
1.480310154432783925e-03
1.709679498169447073e-03
2.099913791950429841e-03
1.016895075441162947e-03
6.120090609645331735e-04
-7.240017071382454702e-04
-2.372265569429093750e-04
-1.040123828318310862e-03
-2.434508024400890754e-03
-2.251525663613516016e-03
-1.145488546731693617e-03
8.676992178048197404e-04
2.400049122781419599e-03
4.156285831360518636e-03
5.546071454192399476e-03
5.906965829269153478e-03
6.040047225961147140e-03
3.485650433046499994e-03
1.678856168739186307e-03
-4.211877256273794767e-04
-1.923363597343965507e-03
-2.194730487373378405e-03
-3.554811418371677315e-03
-3.101787509924869204e-03
-1.963123868443355201e-03
-3.511148074788218981e-04
-3.041198693139468838e-04
1.154209056344073512e-03
2.839527789024949653e-03
3.994107698050531653e-03
3.433658103009500258e-03
2.662296684577027638e-03
2.304381290056649583e-03
9.579671923047462356e-04
-1.130642280367059194e-04
-2.800399791349770495e-05
-7.314357835144431918e-05
-1.079274928291682313e-03
-1.094420308622385705e-03
-2.305560723174888364e-03
-2.596710475919502062e-03
-3.399357269746081794e-03
-3.385422936204827982e-03
-2.835928694148674451e-03
-2.711662648082692213e-03
-2.019444839615334737e-03
-1.951390332782526041e-03
-1.601135173978544303e-03
-2.205625044836697409e-03
-1.241225686351040769e-03
-1.341526137818583805e-03
-1.108895722305512210e-04
1.139956154269852067e-05
-2.025086664015981900e-04
3.894172019712340645e-05
7.255301065502311499e-04
1.413118944006108843e-03
2.135783149670062841e-03
2.368301701423466358e-03
3.208070240713788244e-03
3.191752722727432979e-03
3.299251363947526203e-03
2.953713937616499804e-03
3.111612066208755203e-03
3.480482813714010689e-03
4.124988296862100445e-03
4.367440836838195305e-03
3.296697952042060981e-03
2.017292678152156783e-03
1.374465151399087339e-03
8.637876339477329338e-04
1.114403796558730356e-03
1.957907612693618547e-03
2.381895580043992197e-03
2.567407034528208700e-03
2.582289778205778662e-03
2.625576189555572752e-03
2.521749597837625104e-03
2.534176202444223674e-03
2.500179346788598649e-03
2.718240723515343363e-03
2.493127066287788990e-03
1.491472212190961396e-03
1.633429755030525558e-03
1.223218052865353896e-03
1.262917528443184946e-03
4.573622768652370113e-04
-2.995565574657508916e-04
-1.302215753578728511e-03
-1.700487215309771623e-03
-2.293693437366630186e-03
-2.696098994563664569e-03
-2.930927776136299165e-03
-3.187010672045854833e-03
-3.353614719325315879e-03
-3.414580468344380164e-03
-3.599933854472544843e-03
-3.306911599663922303e-03
-3.878596207089001543e-03
-4.110056916767283568e-03
-3.792631339604999804e-03
-3.755959481000791834e-03
-3.448698915043122478e-03
-2.635583132404134901e-03
-2.559102366283290322e-03
-2.718751405896435974e-03
-2.449439404495707198e-03
-2.149984983506175121e-03
-2.115550400095327424e-03
-1.288865057044437899e-03
-6.797291924287688931e-04
6.550644493324044428e-05
-6.930835366943529860e-05
9.321363911048857493e-05
-4.591679038555303955e-05
1.355363198525343896e-04
2.491801723917809680e-04
5.559653173708612069e-04
7.313555334259857219e-04
5.416066310891274943e-04
6.939115716979825377e-04
5.767573857439365834e-04
4.107722368739429898e-04
5.064607400760431184e-04
2.161536132602328132e-04
1.395220742459227746e-04
-3.137523117497073078e-05
-1.515024397242801548e-04
-4.833025100039031112e-04
-3.993864515964296318e-04
-4.467838561140232280e-04
-4.751498305628814515e-04
-4.146680138954244514e-04
-2.774391467226958261e-04
-2.042036455426547552e-04
5.378518996776621772e-06
1.447419777269527198e-04
1.311955196132432409e-04
3.524547407739756725e-04
4.461479349585192248e-04
4.710740987975861973e-04
4.284892677665792511e-04
3.951903446984481863e-04
3.377106108855597658e-04
2.889319321181524954e-04
2.910731503874498718e-04
3.669398817405514950e-04
4.066004481845849478e-04
4.350527522740565327e-04
4.343377969405261838e-04
5.640888149615346956e-04
5.915866293625347003e-04
6.294160346972201871e-04
6.368221451335009161e-04
6.499819437300971038e-04
6.543385508049935975e-04
6.425661060103669484e-04
6.229863003371720852e-04
4.995884143190476318e-04
3.731142749100530747e-04
2.618511749950452124e-04
1.896346067563279279e-04
1.434239308195601006e-04
9.841481757087847994e-05
1.022121058474348648e-04
1.178685333323606057e-04
1.489794255795941192e-04
2.119793927500124959e-04
2.702287978658340179e-04
3.142690736829562709e-04
3.484167022320468102e-04
3.574983372424853870e-04
3.503524316384757850e-04
2.975758393733684008e-04
2.920264241654903009e-04
2.633540402879762832e-04
2.707540711721012020e-04
2.792982737719608660e-04
2.759338496089024529e-04
2.640094160103790308e-04
2.481916372112365037e-04
2.241907812102929677e-04
1.986043780070984803e-04
1.868307173020406799e-04
1.716038709724486942e-04
1.611920299503057422e-04
1.577364125049092545e-04
1.493782442010191933e-04
1.367352075376719687e-04
1.247402511341404760e-04
1.068781621270650849e-04
9.118635164859216654e-05
7.963751278225841054e-05
7.163195850340881065e-05
6.285879996935906625e-05
4.722693387514302686e-05
3.370528033422945938e-05
2.060481816667457164e-05
8.503627668771407500e-06
-5.497106741129021810e-06
-1.933929858990867697e-05
-3.254104609638036030e-05
-4.369532202779814587e-05
-5.294317199417822225e-05
-6.021918001432342843e-05
-6.709515350261238892e-05
-7.485886319670148885e-05
-8.228758956700214517e-05
-8.899990151125508468e-05
-9.509708436837709957e-05
-1.009122975965098524e-04
-1.062365261925345627e-04
-1.111233918064659739e-04
-1.156812320577217044e-04
-1.199228140058290857e-04
-1.237979205499806245e-04
-1.273447312777151598e-04
-1.305948598602432731e-04
-1.335580335810142825e-04
-1.362391160817529826e-04
-1.386441869146151293e-04
