2.432141393670447880e-03
5.607400042565492161e-03
5.394064337423643343e-03
5.226407123049213801e-03
5.047663821555292522e-03
4.772512857002181481e-03
4.576012756941510301e-03
4.522964718289502507e-03
4.442280875070279966e-03
4.120752583312421030e-03
3.909799275116022238e-03
3.558348077723318039e-03
3.027359446521541830e-03
2.593124720068358709e-03
2.234653393009729434e-03
2.378813820443506991e-03
2.483909291030434417e-03
2.705291144789379997e-03
2.967145157857621531e-03
2.296408298365040356e-03
1.513651134497425322e-04
-1.506354646785828784e-03
-1.151018554107411176e-03
-5.122185198008951919e-04
-2.178775066786527680e-03
-3.608441944162968720e-03
-2.913693699989517490e-03
-1.232677591809636835e-03
-1.141920974305054865e-03
-2.349268921790672714e-03
-3.848365199216031984e-03
-2.334587003548183287e-04
4.114558351254253045e-03
2.641185607781226276e-03
-2.208580440838730456e-03
3.286183050675171228e-04
6.942368229624946638e-03
1.111940891143518850e-02
7.942816120250691461e-03
4.649549409324383632e-03
-1.252613489449157930e-03
-2.131139833994580746e-04
-5.936202586330124008e-03
-5.691228649752706932e-03
2.711625144135014834e-02
4.360485246609849264e-02
2.801053972408666659e-02
2.004949032588013678e-03
-1.751830474986420388e-02
-2.834826831507358119e-02
-1.706396576972068688e-02
-1.129986753872983148e-02
-1.579745178822714730e-02
-5.259125374433386117e-03
-5.244068625738145493e-03
-2.169077122953918038e-02
-3.033636268340485914e-02
-2.774644308136044527e-02
-1.264141114135872677e-02
-1.352165916476339705e-03
1.101534581285795560e-02
1.159553888230641441e-02
2.332881207335241180e-02
1.394003983367692913e-02
5.892080594900399836e-03
1.624426239402304226e-02
3.329193256863685613e-02
2.159817540159271118e-02
2.083059887106149949e-02
2.070163178308116747e-02
7.345120374576330144e-03
-2.965264652535346511e-03
6.478054947603149611e-04
7.163581727333080511e-03
1.804316267959302222e-02
-1.328910545759492273e-02
-3.180849340393698821e-02
-7.893770508467037872e-02
-8.987227175843130744e-02
-4.376971433472359729e-02
-6.525131111245231763e-03
1.834242350123407948e-03
-3.040634162301586191e-03
-2.112420547061868992e-02
-2.916120568344614944e-02
-2.284362899408847597e-02
-2.643739537306747864e-02
7.097065204616131821e-03
1.011559389979320780e-02
-9.711348786089342780e-03
1.240711034309692484e-02
4.684268874142733657e-02
2.953832323726450146e-02
2.706250456626080672e-02
4.089273178339881964e-02
5.159032937431903137e-02
-8.143128055424083203e-03
-1.807441972751732155e-03
-2.889606078606393041e-02
3.196128446137181355e-03
5.522936129526157673e-02
1.490452941307268860e-02
-9.551759956036834365e-02
-6.131940319368250902e-02
-2.266863399712206253e-02
-1.423656884015387161e-02
-1.566924706726936095e-02
-1.854696022032406924e-02
-1.527672334653710703e-02
2.832841500719483676e-03
-3.378080042184308102e-02
-9.409133792235926941e-02
-4.240094787633135603e-02
2.663246603496087841e-02
6.396640502653989924e-02
-2.062333033680739669e-02
-6.033594973460097016e-02
-7.887608041701475725e-02
-2.614588528282228361e-02
-8.934052076020698036e-03
2.623203275636973265e-04
4.933181707003293781e-02
9.502206099571486320e-02
8.701625430022648378e-02
-1.505884520455260007e-02
-1.053197335527256140e-02
-3.524136857586663424e-02
-3.093126308332989211e-02
1.502593636141279221e-02
3.815901070172707937e-02
2.662614474173228760e-02
3.708121432360574066e-02
2.331057879539657346e-02
-1.029281246724204207e-02
-3.066783351174839217e-02
-4.436404295938171927e-02
-6.478594957577450686e-02
-4.699452684008398329e-02
-2.654851036660324168e-02
-8.483842583915961189e-02
-5.131301836986870701e-02
7.170093612317309482e-03
1.003900777932015959e-02
1.233189013020593444e-02
9.021374865394572382e-03
-4.836297564555015749e-02
-7.979981512599702842e-03
-3.958273111632767266e-03
-1.125317255859902346e-02
-3.876128064953670432e-02
-2.867443433955191995e-02
-2.588690285220561840e-02
-9.076551178651182800e-03
7.726716834652122383e-03
5.338411544777944134e-02
4.271034182631373161e-02
-2.839467740757093892e-02
-4.403304861042726948e-02
1.519721481914430503e-02
1.279436102525658391e-02
3.989593690142276272e-03
4.443773843822762526e-02
5.083622132785275971e-02
-5.873212011092440038e-02
-6.496510582607231687e-02
-6.938969343316105098e-02
-6.972291135259792161e-02
-8.425648567861782068e-02
-2.178079406878456400e-02
4.325289302402408192e-03
4.217255542249426919e-02
4.870222897058216344e-02
3.914881721932981368e-02
5.144770321051812118e-02
6.176697616650096007e-02
6.500989488864676591e-02
8.029725960820688346e-02
1.340822530486739383e-01
2.675110940284426420e-01
3.814884580809315695e-01
4.455558767379585450e-01
4.563147813436083111e-01
3.504601202633977897e-01
3.064308834880832277e-01
3.583442658882051712e-01
3.474042991147012760e-01
1.647659374414327249e-01
1.037934112430076578e-01
6.203952237706036876e-02
-8.475329485497555548e-02
-2.997630309171592788e-01
-4.571692677147095041e-01
-5.124948778465673316e-01
-6.281014837568176246e-01
-7.685104301338271382e-01
-8.862961351168485713e-01
-9.796035056176919387e-01
-9.951684989946284476e-01
-9.102249300369429363e-01
-7.062695158016447650e-01
-5.505465218592860976e-01
-1.202011378327811492e-01
3.106607498514972754e-01
6.416843228751401007e-01
6.397529930846957980e-01
6.804951573811421905e-01
7.357826491618727482e-01
7.853587413320457511e-01
9.463039493788295564e-01
8.863247238801940098e-01
6.933664539450904440e-01
4.675596949261297541e-01
3.524899224609207016e-01
3.240059845811269490e-01
3.398314533574325891e-01
3.235644470139036333e-01
2.333653103945566853e-01
1.331728127213643864e-01
5.843860880724503076e-03
-2.295512517113551532e-01
-4.204930608718301932e-01
-2.789917060821005546e-01
-9.070865191274708750e-02
-8.188075944461561950e-02
-1.683246031720821156e-01
-2.235730236429072648e-01
-2.856230285665276591e-01
-2.974031873294600836e-01
-2.332312608597593984e-01
-1.562245679126073317e-01
-1.442655705523031295e-01
-3.087141727206019759e-01
-5.915745737891864309e-01
-8.840439758710837426e-01
-8.017686914923016772e-01
-1.391554879307770887e-01
2.911625779440866757e-01
5.572331159528475242e-01
5.802724826799742219e-01
6.179048248302938529e-01
6.409981925548506876e-01
6.725570107589046165e-01
6.626716516999195949e-01
5.458643177291627735e-01
4.173959448427458918e-01
2.326820389506017717e-01
-4.385166878964705250e-02
-3.146838241600461994e-01
-5.634464071865797896e-01
-7.693871522097526228e-01
-7.175048997963844322e-01
-2.033210613419565438e-01
1.670701917670714548e-02
-3.716729826656798436e-02
-5.581003084409911358e-02
-1.062043969518025183e-01
-1.982408380954800986e-01
-1.591828696130034304e-01
-1.282752399073724126e-01
-1.306192008487686018e-01
-9.153772604976349869e-02
-8.270570409359326303e-02
-1.919910167752510166e-01
-3.307370500843368477e-01
-4.392187008630629719e-01
-4.714827085629699210e-01
-4.544533351968971235e-01
-2.729413707994370886e-01
1.452248823890041063e-01
3.184438818458176224e-01
4.242318358115555466e-01
1.998624562830160489e-01
-1.066011454564513572e-01
-2.410398050881645826e-01
-1.693992230209428462e-01
1.854962850490297355e-01
5.276469224196258523e-01
6.624937660613260393e-01
7.307033788741744695e-01
8.021657576498765208e-01
8.101324930354596443e-01
6.031879647659373900e-01
3.315407119872684771e-01
1.284455018757405254e-01
-1.522269058381431166e-02
-1.238827352458156950e-01
-3.057901775362203978e-01
-4.120530226264179086e-01
-2.428313675911425440e-01
-1.251323818569354540e-01
-9.080394779056506771e-02
-1.268086363477537171e-01
-1.878926587232258305e-01
-2.295099568309673654e-01
-2.854896143375824646e-01
-3.401268705786683055e-01
-3.503330590929737975e-01
-3.518228513161948401e-01
-4.054839601154986428e-01
-4.640019821542586409e-01
-4.747164153502599349e-01
-4.550282869930656338e-01
-3.977109930148121641e-01
-3.334370999558462501e-01
-1.711707733895790617e-01
2.479481209241158821e-02
2.156243944741096652e-01
3.067339243795443871e-01
3.968787423485350963e-01
5.619375557877951399e-01
7.404108522945658244e-01
8.301986283746651818e-01
8.011715039913089864e-01
5.709366631830729011e-01
3.115095184699293585e-01
3.892677782401392228e-02
-2.072615458897299479e-01
-3.316423609236076042e-01
-3.883815265764320457e-01
-3.621624540594455821e-01
-3.854718257737230758e-01
-4.697610297037250748e-01
-5.450987741773583029e-01
-5.392920786889828788e-01
-5.553271983964880310e-01
-6.291815037054213633e-01
-6.098618527424565228e-01
-3.456794437261958564e-01
-5.219545819846319740e-02
1.478213774066179653e-01
3.087084549679329215e-01
5.257822997436540913e-01
5.763018211042251204e-01
5.653523247429392828e-01
5.608194174880641869e-01
5.748914421125189689e-01
5.900117213929715332e-01
5.686432090569202291e-01
4.608985130666530816e-01
3.164001029195480097e-01
2.030586800250310520e-01
3.122398025469411142e-02
-1.323863040764400034e-01
-3.501043489862106783e-01
-5.421541315527828031e-01
-6.161704398540067684e-01
-5.365157921152190479e-01
-2.685304422681689118e-01
1.028448996057927146e-02
1.872192345199787666e-01
2.279375748469706919e-01
1.635143849127566329e-01
8.312310003843600970e-02
5.189718210089291905e-02
6.355885632240501626e-02
8.890565390443093408e-02
1.158159391885238421e-01
9.233154071198726442e-02
-2.784555079429113650e-02
-1.090797912384969953e-01
-1.425769275973685635e-01
-1.705411852901282943e-01
-2.244173451203745895e-01
-2.702552976566743315e-01
-2.700326229555063406e-01
-2.067034296986426378e-01
-1.013697194171704064e-01
-3.109882500182650431e-02
3.787757020923798040e-02
8.492895692308669031e-02
1.129322859257518158e-01
8.171716818769475532e-02
-8.766331331061055776e-02
-1.981970019916838299e-01
-2.394750467743933242e-01
-2.112852555041310754e-01
-1.537475103951919941e-01
-4.804468741363811246e-02
6.418622085137337847e-03
6.701587311671521052e-02
1.394264458767061898e-01
1.782213977364052460e-01
1.850414060589118947e-01
1.828114825179712188e-01
1.978482190788700135e-01
2.117267930713543911e-01
1.942101401167056762e-01
1.597670333440276424e-01
1.254347874425445208e-01
6.591044093402666226e-02
8.318218348268315715e-03
-5.215321035929722238e-02
-1.205178378000628797e-01
-1.633009221464443439e-01
-1.586628717730433347e-01
-6.404264172879428618e-02
-1.948517990273467351e-02
-6.618362245043819814e-02
-1.166135656858603153e-01
-9.548615192068841961e-02
2.283330527399152904e-02
6.206239338773669040e-02
7.719315521474925945e-02
5.155538755245243909e-02
2.712142918404492758e-02
2.385649711412316312e-02
2.618327303221953603e-02
2.108758008824398317e-02
3.637507186897451922e-02
6.193755578779513299e-02
7.882398533714092548e-02
7.206750759984624499e-02
4.625725439869889100e-02
1.531058514845509526e-02
5.876610897401281534e-04
2.688344361184082792e-02
9.620277692187961804e-02
1.469668910355167724e-01
1.795180569805818749e-01
1.944623565399972720e-01
1.923439291761036007e-01
1.721304028792061125e-01
1.375113163854908838e-01
9.937009424762316412e-02
5.489106092900774420e-02
6.512139106569380179e-03
-5.333900873227893913e-02
-9.669259773386401635e-02
-1.441848867090839148e-01
-1.784488372314641524e-01
-1.828486479103202111e-01
-1.673290789018102853e-01
-1.435905580844257790e-01
-9.837774650661193498e-02
-4.902814087271964438e-02
-1.694837186992747755e-02
3.227607851109719900e-02
1.213313469437023590e-01
2.183047498642033679e-01
2.508791044728708175e-01
2.209565164909516322e-01
1.284054776070569781e-01
3.880638736503720654e-02
8.297094428685329939e-03
1.477721412030786816e-02
1.725420810713797909e-02
-3.006870832790675858e-03
-4.543072148509096075e-02
-1.121222709642989701e-01
-1.644273194222528600e-01
-2.021860874371444183e-01
-2.358884275862506985e-01
-2.716993478585427724e-01
-2.870064070595185757e-01
-2.596631608372060862e-01
-1.999320222738231456e-01
-1.359989708045195589e-01
-7.640982309908547765e-02
-2.229208821857062497e-02
1.409578506332410941e-02
3.565463503267060630e-02
5.012849060859123768e-02
9.079759473204386533e-02
1.460873100832568161e-01
1.828143413943057460e-01
2.048308656995193877e-01
2.207036647618079439e-01
2.275563913356987711e-01
2.003786422878634232e-01
1.399556556515220429e-01
5.978641017251729722e-02
-8.795523634965962375e-04
-4.968790600014611619e-02
-9.464627758418596437e-02
-1.421350723772192015e-01
-1.754489229977541920e-01
-1.879927193949346986e-01
-1.871325152711643958e-01
-1.822000006353058366e-01
-1.554088351984854177e-01
-1.031708115079301852e-01
-4.317347979250910767e-02
1.310442204638368087e-03
4.170846449752071972e-02
7.715821339288266023e-02
9.047835354135363994e-02
1.075315508768808909e-01
1.365729696419098471e-01
1.456861144376431494e-01
1.338033537795933481e-01
1.251120520696676341e-01
1.166297659850893675e-01
8.496866353884417744e-02
4.221162673239964302e-02
2.248267997420658193e-02
-1.698283721240498236e-04
-3.160900736637135139e-02
-5.498095670708270932e-02
-8.226575479100026178e-02
-1.139249513196890912e-01
-1.223109885676711833e-01
-1.142743695383550001e-01
-1.041593474138287068e-01
-7.691425594566864143e-02
-2.325003414768955085e-02
1.347772776508930799e-02
3.258833133741411564e-02
3.955350704713016252e-02
5.140069057746124437e-02
6.704890902102544903e-02
6.830109685555368904e-02
4.794589735363347094e-02
3.284277133118811837e-02
3.038334355116911745e-02
3.361212671810526187e-02
4.144735379229945449e-02
4.876194772068142419e-02
5.235396700856709273e-02
2.394699643275764039e-02
-2.400204568484382364e-02
-4.161475688433304010e-02
-3.190664815808950255e-02
-2.383845442792296293e-02
-1.825643485414965919e-02
-1.724658443691253970e-02
-2.655022569240396077e-02
-4.693226686657624158e-02
-6.769596803140950914e-02
-8.672401360825134076e-02
-9.989231565806569457e-02
-9.958736884904813291e-02
-9.587718267266819028e-02
-8.704134888138521930e-02
-5.495586212592396685e-02
-2.356632116616742129e-02
-1.375920002287100985e-02
-7.669062828572244597e-03
1.325438599277657323e-02
4.483258102532011041e-02
6.216721885333646030e-02
7.550895940077952118e-02
9.619165906946751388e-02
1.166917083056710491e-01
1.221242086471479582e-01
1.115393778449790263e-01
1.064029300305899817e-01
1.040910520347258089e-01
9.729327941704335458e-02
8.963403206388634303e-02
7.833067034296985198e-02
5.802883653262771307e-02
4.511910396462617129e-02
3.230339666273835536e-02
9.401796009643942353e-03
-1.216070696835223897e-02
-3.480840763764695561e-02
-5.634781724791857599e-02
-7.061869260408691618e-02
-7.218948632345326133e-02
-7.535267416115802586e-02
-7.594986166215068890e-02
-6.943480014866156014e-02
-5.647138423615589292e-02
-4.223830957818867915e-02
-3.180563452760244714e-02
-3.011921514315029150e-02
-2.946122887210975497e-02
-2.501818563001692933e-02
-2.062939750769514011e-02
-1.800263016622777323e-02
-1.393352794869270016e-02
-1.833187742408889237e-02
-2.971690771229539008e-02
-3.873745668008220927e-02
-3.777465066119456427e-02
-3.331416827346105058e-02
-2.021590869384293221e-02
-7.104752405426781325e-03
-1.173984860661543908e-02
-1.446178476473035900e-02
-2.143042289134046083e-02
-3.670892509426350314e-02
-4.295398162060169722e-02
-3.487447944626741875e-02
-2.081827393753037450e-02
-4.142098859943647848e-03
7.755527955045757663e-03
1.296313002487222386e-02
2.049757154338027049e-02
3.639190747405569165e-02
4.094768573960718555e-02
4.288250971223821206e-02
5.017836211798264862e-02
3.449710777010821933e-02
-9.182043715395683640e-04
-1.923925300737907781e-02
-1.776365986995288859e-02
-1.124567594954400951e-02
-1.053136981471304925e-02
-2.426483995057320073e-03
1.251476291973863293e-02
6.913652405109129567e-03
-1.471269881102509752e-02
-2.368807753272619138e-02
-7.112058422726160595e-03
1.368407510585783679e-02
3.191427182831494541e-02
4.840299991423370474e-02
5.194768891613644329e-02
4.087494321953946685e-02
3.085750407389877686e-02
2.604172688836722815e-02
2.709128392136183824e-02
1.654177612457077146e-02
3.741252632548624623e-04
2.636960823864629121e-03
-1.551550305105635266e-03
-1.650098948886467506e-02
-2.098958416055449541e-02
-1.725423987243058371e-02
-2.224517088139157245e-02
-3.528647529136714339e-02
-4.465787191598715594e-02
-3.490116229205645487e-02
-1.303447487206528359e-02
-2.309416185687194253e-03
1.015263223097179549e-02
3.300477432347868195e-02
5.768005361981391743e-02
6.866671537344866405e-02
7.239056062564919181e-02
7.370119659857246597e-02
7.246203253401269084e-02
6.462744076567060458e-02
5.027778748383940344e-02
3.581759098373934330e-02
1.539714557080642393e-02
-2.406948340104634460e-03
-1.403708280258823653e-02
-2.380643501297612097e-02
-3.557077466019077649e-02
-4.449491596491840506e-02
-4.342664917457886992e-02
-3.963768507253604551e-02
-2.803849318157993972e-02
-7.153734486625223758e-03
7.764199879927193015e-03
8.091064740842859523e-03
-4.636747996404168358e-04
2.717870200661353253e-03
1.958740061434075669e-02
3.394185045535547118e-02
3.866026701904964197e-02
4.384722164868221084e-02
4.628870203837882197e-02
3.160141546143852009e-02
1.859619642386335647e-02
1.997185595075108913e-02
2.089352591571397300e-02
1.413148925221324563e-02
9.916076096934966361e-03
4.406703747351568314e-03
-1.572019859660937421e-02
-4.075709398397123207e-02
-5.590215019265649260e-02
-6.402834734712158082e-02
-6.697013109536258113e-02
-6.710005114212108657e-02
-7.117807940687845281e-02
-8.117969943680136691e-02
-8.620306280951306466e-02
-8.220285951164038596e-02
-7.364941917162469431e-02
-5.120596933378650933e-02
-2.568563795825405324e-02
-9.101899882150763996e-03
-9.749721259557383004e-04
1.382806717724080351e-03
-8.431143963482618875e-04
-4.019167177558455491e-03
2.423393232086757613e-03
1.309320889809376283e-02
3.235453878383400678e-02
5.211668027280032950e-02
5.422970753695097873e-02
3.796174823464386339e-02
2.761668186106496295e-02
3.392977964416519360e-02
4.080823610506688348e-02
3.433383416611342220e-02
1.612320486390160165e-02
-4.519629362565872992e-03
-1.965001000606717008e-02
-4.038353414292475407e-02
-5.275293908369836637e-02
-4.100105143118525780e-02
-1.449675835188955937e-02
1.702902394785409503e-03
4.169480542170014327e-03
-6.356616233970438339e-03
-1.978008887928871251e-02
-1.902633025104110559e-02
-2.178343058807086056e-03
1.731256094965518549e-02
2.502215629159267735e-02
3.197049639622755179e-02
4.540594455685828534e-02
5.760985232315466581e-02
6.414524362391163526e-02
6.292386812321121292e-02
5.968920837714296324e-02
5.177552103021196284e-02
2.440895908312659332e-02
-2.851313018369868411e-03
-1.333888167110851286e-02
-3.237391561232366190e-03
6.457058089190587970e-03
3.520579144814791912e-03
1.977252873964848606e-04
-1.479084143083583998e-02
-4.235139401986601215e-02
-5.546220089006349829e-02
-4.842047082516700435e-02
-2.790831901248058342e-02
-8.356527291151142137e-03
1.060979832215724374e-02
2.648050087513380974e-02
3.059416979819509774e-02
2.436575828518244141e-02
2.470974463881274105e-02
3.819204660603731094e-02
5.318685298069623230e-02
5.778360847370945380e-02
6.218786629353035417e-02
6.423926889002537499e-02
4.091528514114907422e-02
7.753590272196792324e-03
-9.478604487165233350e-03
-1.780917953425727868e-02
-1.402571082783528843e-02
-7.650638958860769834e-03
-1.315642183037969183e-02
-3.349110095327643283e-02
-5.176345021902169219e-02
-6.409410150281599772e-02
-7.090521554339297705e-02
-7.033725211159783108e-02
-5.961455993951888382e-02
-4.807549974746592319e-02
-4.340822530486739689e-02
-4.340695469316315641e-02
-3.576676651556975201e-02
-1.982297202430680083e-02
-5.834648945868764827e-03
2.044369760712050951e-03
3.991753730039484388e-03
-3.580393190791876946e-03
-6.753904748593591439e-03
-3.107935287745902664e-04
1.587772268264248804e-02
3.375951767579706692e-02
4.111127699652804973e-02
3.488496199282739574e-02
1.417459475427957846e-02
-1.079451349866109196e-02
-2.046043791632386546e-02
-1.443221127731417891e-02
-7.306462013474836377e-03
-6.736783255878960909e-03
-4.103853447646032410e-03
-9.089987897423516469e-03
-1.972643730007718824e-02
-1.436191468477711862e-02
-9.120228455984421417e-04
3.417500770308345721e-03
4.828578598451759539e-03
2.005635162908302876e-02
3.034014275322496901e-02
3.578042559139033019e-02
4.172720602015825286e-02
3.574294254611526389e-02
1.414946840782823831e-02
-3.247524689573678004e-03
-1.237007201191833716e-02
-1.488785263445454275e-02
-9.659507828556361878e-03
-1.937612965321830081e-04
1.779583811136276148e-03
-2.066214752437191791e-03
-8.365580399543850326e-03
-2.484404829595087891e-02
-3.381383632615331952e-02
-3.000324005984580933e-02
-2.468029821256698467e-02
-2.123713108583299633e-02
-1.357172126591044137e-02
-6.888970772754272366e-03
-1.477365640753599716e-03
-8.997614426525290046e-04
-7.384382276237336923e-03
-1.189425969397317137e-02
-6.743930446715310119e-03
-4.244446632720156459e-03
-1.380618089063527336e-02
-1.785479449443948610e-02
-7.266024795987408198e-03
-3.181992890927514729e-03
-5.014151437855969909e-03
3.600151202792804036e-03
1.775279613988164223e-02
2.812073352413685737e-02
2.984886073778068166e-02
2.442770060576412994e-02
1.372606882268295921e-02
4.976477800825261991e-03
-3.137562776159512519e-03
-4.544215699042911116e-03
1.278502202923042196e-02
3.649323875746880719e-02
4.889250307329205680e-02
4.889599725547871117e-02
4.150548427776842159e-02
3.967294454732869097e-02
4.167924042832320264e-02
3.899793207945134732e-02
2.683442976534978347e-02
1.494725373162774859e-02
-1.737361384204390725e-03
-1.785473096385427338e-02
-3.275573442944769431e-02
-4.802594589100057237e-02
-5.672518892407777541e-02
-5.064372365466044551e-02
-3.843155691228649501e-02
-2.851220899021311359e-02
-2.620404753358385186e-02
-2.837339466152492135e-02
-3.480110162034757287e-02
-3.812279826815624661e-02
-2.839737745744244646e-02
-1.307484855896750078e-02
-1.323723273476933547e-03
1.446051415302611852e-02
2.840668468817600378e-02
3.101826821977770460e-02
2.955477765883440452e-02
3.035005352451804195e-02
3.240853978126419233e-02
3.078895457245504549e-02
1.847564713842361414e-02
-4.262394023042543321e-04
-1.356422465685542741e-02
-1.850909599153772317e-02
-2.179886852027737229e-02
-2.673036666677255230e-02
-3.183136441461330290e-02
-3.387704925843924159e-02
-3.086538186646506018e-02
-2.568582855000968793e-02
-2.320397447341086133e-02
-2.344418361609737836e-02
-1.295623695637672379e-02
-9.767096874612860719e-03
-1.457772808274223307e-02
-3.163997852666219739e-03
1.363760248277526982e-02
2.088876112182307468e-02
2.718711980915412135e-02
3.268775670327087046e-02
3.374712921168073615e-02
3.721018141158607268e-02
3.489957402742615428e-02
3.142673811739817025e-02
3.406192326140611987e-02
3.417024290919255802e-02
3.246539965502891895e-02
2.512701352248506229e-02
1.579634000298593688e-02
6.864606793325476368e-04
-8.748256879568245756e-03
-1.203771175538183302e-02
-1.484255532719839545e-02
-1.737599623898935380e-02
-1.173902270900768416e-02
-4.618864136666994864e-03
-1.649733648021498673e-04
-4.074661143741126028e-03
-1.094228563986417158e-02
-1.786292640934661682e-02
-2.036371260033861819e-02
-1.726669186713213414e-02
-8.694732361527148651e-03
1.287345660384550715e-03
5.863396535677188257e-03
6.870451607164978526e-03
-1.239881960172675929e-03
-1.358083790488835881e-02
-1.804112970086623607e-02
-2.525687003865835847e-02
-3.426236225774993704e-02
-4.557398295474398425e-02
-5.388505411217595076e-02
-5.236857904316585127e-02
-4.480526287367896099e-02
-4.099152184340345423e-02
-4.340568408145891593e-02
-4.600281440492488827e-02
-3.890581273089396830e-02
-2.825100298911403102e-02
-1.310686797391434275e-02
-9.561734257915116900e-04
1.469113017734562966e-02
2.420677299568944896e-02
2.822778256021905158e-02
3.430969254373286703e-02
3.927873726608831911e-02
3.818823477092458951e-02
3.019624597771982180e-02
2.479462150065595352e-02
2.300906263798048815e-02
1.972179956735671189e-02
1.751338112951027551e-02
1.454462864784678879e-02
8.977602292183512953e-03
9.090242019764365605e-03
7.110692515144102777e-03
1.892512602879841159e-03
-4.462960080556781922e-03
-6.996782175859012250e-03
-6.247280096820611011e-04
1.167939925478623554e-02
2.513346187688407507e-02
3.858117144046072089e-02
4.142638869917950051e-02
3.844458068225495295e-02
3.062326680622218245e-02
1.982745093056424712e-02
7.530534387517510454e-03
3.417977249697435466e-03
1.007909557858892129e-02
1.796698950792385147e-02
2.058359195575730147e-02
1.490481530070614062e-02
5.776931409203675191e-03
-4.779945935471984451e-03
-1.000873545546664654e-02
-5.875213224526617574e-03
-5.398257356047635007e-03
-5.300356724235964594e-03
-5.122153432716345343e-03
-5.913553932702050354e-03
-1.084139907054753812e-02
-1.463601739467423023e-02
-1.443224304260678700e-02
-1.440136717819376182e-02
-2.206112277603245256e-02
-3.184661175506418168e-02
-3.528012223284594795e-02
-3.763805990298879633e-02
-3.938483334339234337e-02
-3.210041644298606417e-02
-2.302688296713244903e-02
-2.079568881448751530e-02
-2.296195470904580094e-02
-2.882338179658141750e-02
-3.324809646484058745e-02
-2.751884475983850178e-02
-1.093005600221086393e-02
9.459005301627335452e-03
1.173733914849956449e-02
5.949003999250339174e-03
1.192694618006473820e-02
2.629407037282923548e-02
3.475059480510404170e-02
3.705897861878154620e-02
3.687156339240618697e-02
3.585412107023623618e-02
3.423154992392212631e-02
2.849874050614817009e-02
2.288530505798754000e-02
2.457305858472915230e-02
2.333996169105711713e-02
2.317411509836122749e-02
2.110282742869485847e-02
1.448176513377952800e-02
6.003608537240040337e-03
2.592994482368674459e-03
5.247753399680440620e-03
1.148280385884774442e-02
1.264261822247775627e-02
8.370122836386505866e-03
6.342798331686832700e-03
7.720649663764378098e-03
8.598356463760564380e-03
2.970683811453929228e-03
-1.657767090521554106e-03
-7.288355796689420865e-03
-2.058060601825233496e-02
-2.896769152089044563e-02
-2.869260408692254211e-02
-2.118074769145735989e-02
-1.215527510331661405e-02
-1.474919713222938404e-02
-1.853187170633622052e-02
-8.808833292567874729e-03
1.618848254020691839e-03
4.006683417564300444e-03
-6.756096553783404179e-03
-1.996693233039716076e-02
-2.841634133712822932e-02
-3.010466663913674568e-02
-2.908052184022692777e-02
-2.378963117318754969e-02
-9.435943699195384338e-03
1.825614896651620513e-06
1.337137756544444327e-02
2.964908881258159629e-02
4.075105857837608980e-02
4.052107785990870237e-02
3.377794154550854688e-02
2.526379487244646838e-02
1.848222255399305583e-02
1.139100216321642552e-02
5.549078965340888646e-03
2.400198215425861266e-03
-4.821463172908016688e-03
-1.525883948679993170e-02
-1.785517567795075894e-02
-6.149315934423729181e-03
6.502005978228067931e-03
1.718133852589983149e-02
1.589493947123493678e-02
1.227680911282714137e-02
8.681390938632630588e-03
3.924760727933445520e-03
-4.631347896661149911e-03
-1.203396345085432605e-02
-1.229215174915583575e-02
-5.544250640864777611e-03
7.055325610131856807e-03
1.652068397028039204e-02
1.684211696616043363e-02
9.112350663418134628e-03
-1.449015117102751002e-03
-1.467458045989790578e-02
-1.460431563265344838e-02
5.343843409813569395e-03
1.613263915580558441e-02
7.443751608117938137e-03
-6.189244907229462557e-03
-1.967237277206178997e-02
-2.008525804535448572e-02
-6.422560981420480375e-03
4.841380011371974705e-03
3.800812556184860955e-03
-1.702762627497942955e-03
-5.517123080979260269e-03
-4.713238820999399344e-03
8.549628504902972385e-04
8.235247403981462225e-03
9.596231365685223627e-03
4.398031822470132961e-03
-6.096553783405175148e-03
-8.807149732059755057e-03
-1.544955830360631365e-03
1.781848676499083687e-03
-4.834423412291261914e-03
-3.951697696063326444e-03
1.103303908083949278e-02
2.201808080455133071e-02
2.534794113255974327e-02
2.724391615233363526e-02
2.391221343735407817e-02
1.035465949194590979e-02
-4.877655975528018446e-03
-1.332039427081182538e-02
-1.339999809408244473e-02
-9.032048003710185791e-03
-7.536760384868284798e-03
-1.049871509391408705e-02
-1.592467178511414519e-02
-1.512891944004142106e-02
-8.391469113017734419e-03
-5.470015152044573059e-03
1.274820605510007662e-03
6.310620090276961545e-03
2.227007487079467069e-03
5.916031625525318589e-03
1.804811806523955869e-02
2.463658916994113796e-02
1.821193167920866218e-02
7.240167847806129597e-03
-3.246190547284226436e-04
-1.042629022677242241e-03
1.347242296122410678e-02
2.774091592044700127e-02
3.055446318243760367e-02
2.304997633485700650e-02
1.324171164102678003e-02
4.080315365824991984e-03
-5.163448313104135670e-03
-1.164083618956255825e-02
-1.901861128493784886e-02
-2.296090645438980324e-02
-2.710583242537538406e-02
-3.411020650616723021e-02
-3.662697063934004793e-02
-3.743190315397590395e-02
-3.890041263115095321e-02
-3.729340647821377530e-02
-2.843603581854394283e-02
-2.091245803010714430e-02
-1.592295645931342610e-02
-8.412084787919023657e-03
-2.467702638742856787e-03
-2.928318440705316057e-03
-5.212430394302576802e-04
8.990753123322394597e-03
2.646099698547373091e-02
3.953127134230596806e-02
4.142670635210556063e-02
3.769968457064442474e-02
2.854219542643316940e-02
1.814392218773923024e-02
1.272174556635928544e-02
1.496631290719134533e-02
1.863196414333770715e-02
1.307443561016362332e-02
8.095543647100305815e-03
1.085057924011067002e-02
1.526646315702537109e-02
1.176757970706047117e-02
3.321855474271700874e-04
-7.586473067796663076e-03
-1.004701263305686834e-02
-9.125088545753138811e-03
-4.293555775089021725e-03
7.565063260580224842e-04
4.342347264531827740e-03
-6.976515919176389056e-04
-6.049159966837034177e-03
-5.556607339688509825e-03
2.987837069461165250e-03
7.700732825300420081e-03
6.409124262648145838e-03
1.826126317862576719e-03
-5.596695138957271526e-03
-1.091827107865404010e-02
-8.697813594909929030e-03
1.629591275980038848e-03
9.048629486450512557e-03
6.738816234605745324e-03
-3.045513311245866446e-03
-1.332172841310127684e-02
-2.270074870794672184e-02
-3.089889425016438193e-02
-3.777433300826850415e-02
-3.808690348751147398e-02
-2.672985842209085403e-02
-1.560412821742707470e-02
-1.468738187281811922e-02
-1.852348566908823893e-02
-1.983653580424955820e-02
-1.594957577451724604e-02
-5.510261777776365687e-03
9.365678871950928672e-03
1.897601402755321603e-02
2.216814004682203867e-02
2.553217982967449784e-02
2.901352883812088890e-02
2.754663939086874486e-02
2.018535048235596541e-02
1.326296262178018950e-02
4.933245237588505458e-03
-1.664348859149515809e-03
4.358611094346094930e-04
5.213351587788150367e-03
1.891295992173031753e-03
1.704252419721164142e-03
8.521738577994911537e-03
8.134614957005676175e-03
9.354211601320164965e-03
1.257133690586990753e-02
9.473744397396515957e-03
1.987462239008414358e-03
-4.913836643806243978e-03
-6.043569275338379204e-03
-1.009650295893700644e-02
-1.279048565955865323e-02
-1.461949944251911444e-02
-1.963584268556489709e-02
-2.658586635070788948e-02
-2.785358741332045682e-02
-2.659815951894640637e-02
-1.560276230984501689e-02
8.363134472013188233e-04
1.175655715052619128e-02
1.513879844604188590e-02
1.767446292831526336e-02
1.970899815443650019e-02
1.590907502644460514e-02
1.348512907826650287e-02
1.209330101744232090e-02
8.198018481047236392e-03
4.720576603591384104e-03
-9.127788595624647654e-04
-1.181128874968631615e-02
-1.839998221143613819e-02
-1.896213259468439508e-02
-1.626468747716869334e-02
-1.261078939928654899e-02
-6.179207074765969386e-03
-3.692778796031879595e-03
-7.094873399426319081e-03
-2.960001143550533738e-03
3.574675438122798326e-05
4.136476403152387384e-03
2.813515496697997775e-03
-3.718889866554005597e-03
-1.023414197179877208e-02
-1.216366114056459564e-02
-1.453033426617409210e-02
-1.071668853177640962e-02
-1.376879314123801963e-03
1.029490897655403747e-02
1.635702918277431514e-02
1.878246809970489720e-02
1.879082237166027416e-02
1.532754781470669313e-02
1.075379039354020828e-02
4.569913820761159658e-03
-1.312322709960642890e-03
-6.221137261005879084e-03
-5.074918442611234433e-03
-3.063597292326458114e-03
-1.128979794097373195e-02
-1.987595653237359677e-02
-2.397078863691952735e-02
-1.351143074054426615e-02
-5.951894640877484653e-04
7.054245590183254484e-03
1.261218707216121317e-02
1.262006486472749996e-02
-3.366581006260939250e-04
-8.955588944407561272e-03
-1.148880749915027859e-02
-1.229564593134249532e-02
-9.665829121784954431e-03
-7.587362495989631583e-03
-5.097344739191064442e-03
3.103780387473039325e-03
1.601485345082256234e-02
3.114034223926253481e-02
4.521630576000050528e-02
5.351784732965066821e-02
5.123392279127979287e-02
3.838359132045144478e-02
2.461260637402361284e-02
8.151736449720305838e-03
-4.425477035281710422e-03
-1.241495637037060354e-02
-2.183215854692845473e-02
-2.833953285960693486e-02
-3.517116727920739649e-02
-4.079997712898932039e-02
-4.171068806800313361e-02
-3.443230657319199667e-02
-2.353233230307900936e-02
-1.381688579424349313e-02
-4.038956954851989807e-03
3.294823210264001198e-03
5.434501554911072389e-03
5.854915202551388455e-03
4.774768192777207806e-03
4.699262092252762778e-03
4.281294372143108588e-03
8.665857710548299786e-03
1.728470278803972970e-02
1.895793957606040428e-02
1.730169721958393914e-02
1.418736440190718900e-02
6.949324828705658562e-03
-4.637605659304530181e-04
-1.985581733686139771e-03
-1.802454821812591278e-03
-3.303082186341559524e-03
-7.998913626992874143e-03
-1.455291938921695477e-02
-1.932333573690713999e-02
-1.808493403936990360e-02
-1.051059531334872822e-02
-2.411551131003243035e-03
-4.496377168378286326e-03
-1.024500570187002191e-02
-1.058120955881185037e-02
-9.956799202055850034e-03
-7.936494827022098908e-03
3.282180623806816092e-03
1.842764978129595929e-02
1.680123503457651990e-02
8.745239176770676359e-03
8.884688811310985368e-03
1.482756210908836754e-02
1.456213132407269302e-02
1.801946577130895261e-02
1.814239745369414583e-02
1.703280401767420793e-02
1.367641967033979104e-02
1.117280636830586191e-02
8.980651760273688708e-03
-3.005549396618267029e-03
-1.750356565409502338e-02
-2.061078304622802893e-02
-1.071640264414295586e-02
-1.675215765750026186e-03
1.008293917899424685e-04
-6.919719575996874719e-03
-1.504661556689929416e-02
-2.491571079606999875e-02
-2.456429136396989787e-02
-1.796400357041888843e-02
-1.327252397485459423e-02
-9.331340590643850269e-03
-9.359071691088882358e-03
-1.024786457820456125e-02
-9.201611135640976047e-03
-1.084098612174365893e-02
-7.356937063425760329e-03
2.947072669459894437e-03
9.914043118208181946e-03
1.324987532122652058e-02
1.273330813286786649e-02
8.250177091506277413e-03
-2.761868307449913840e-03
-1.544831945719467997e-02
-1.899097548037063585e-02
-1.389067656896721299e-02
-6.120187161104034650e-03
4.406640216766356090e-06
1.792912527913750930e-03
-2.774777722364989412e-03
-3.261310826564679018e-03
1.789033985686559053e-03
1.362035392889021646e-02
2.109723673719620524e-02
1.944061319720846379e-02
8.586603305496348648e-03
-3.854622961859412687e-03
-9.274893665683001109e-03
-6.093885498826272229e-03
-1.189019373651960428e-03
1.030837746061897967e-03
1.445231870753377335e-03
2.589300178838597252e-03
8.302748650769195896e-03
1.302834417059232572e-02
1.330756109259900385e-02
1.047146047285814514e-02
4.574488022896422423e-03
-3.994422014618387307e-03
-1.138306084006492774e-02
-1.072189803976379349e-02
-1.086115708254846435e-02
-1.264020406023970075e-02
-1.084359087573735086e-02
5.033623562223443022e-04
1.151923864946681822e-02
2.001909094085620178e-02
2.115813080312189259e-02
1.001585088101038939e-02
-5.103793093590081563e-03
-1.301446273772350996e-02
-1.786635706094806542e-02
-1.307646858889040600e-02
-7.074511846865877245e-03
-6.081274677661692614e-03
-9.033159788951396207e-03
-1.053343455873243656e-02
-1.002185452131292183e-02
-7.449882309590894272e-03
-7.850061465841191768e-04
1.210467299219526727e-02
2.436286764355529919e-02
2.567823664507685663e-02
2.161434393552915875e-02
2.108109996855235882e-02
1.617387050560816289e-02
1.177742694776832792e-02
-5.574205311792229884e-04
-1.639263807578563228e-02
-2.209615989377685871e-02
-1.620690640991839446e-02
-1.152333637221299167e-02
-4.778865915523380394e-03
4.239205359440167964e-03
6.151761861954391057e-04
-7.230638260024332097e-03
-4.735252168775352759e-03
6.448004980797879780e-03
1.625884266332919270e-02
1.846805523349078285e-02
1.816193310864682928e-02
1.837123462162771476e-02
2.116340384169448571e-02
2.527513508190680491e-02
2.120037864228786068e-02
1.556232509235758697e-02
5.005352451804109988e-03
-7.890562213913833098e-03
-1.209558811850995272e-02
-1.201048889961849747e-02
-6.179175309473363027e-03
-2.818019815189527592e-03
-5.051952136057101528e-03
-1.082761293355653798e-02
-1.565145850341000469e-02
-1.476161736163832811e-02
-1.870969381434456824e-03
1.364906975340603179e-02
2.034122277317357286e-02
1.860108827892468022e-02
1.813877621033706256e-02
1.793439831771010198e-02
2.150945493934417266e-02
1.847876013709900261e-02
9.252403838517957516e-03
-4.329609382196824072e-05
-9.675708127785419277e-03
-1.835001540616691337e-02
-2.505538278765854707e-02
-2.682470958581234868e-02
-2.286472114837885886e-02
-1.659174292983999627e-02
-1.369700357994847739e-02
-1.284839378797937928e-02
-1.106086547716234221e-02
-7.726812130529939725e-03
-7.867881794993153302e-04
5.123074626201919342e-03
1.091331569300750494e-03
-8.955207760896290170e-03
-1.147146364938740615e-02
-7.124828070353769402e-03
1.464662700240463092e-03
1.100101966589265082e-02
1.603108551534422263e-02
1.699487625830265261e-02
1.801139738698702766e-02
1.964162396881918848e-02
1.850102760721580517e-02
1.488419962580485312e-02
8.180738161869578404e-03
-2.514502444339265959e-03
-1.478140713893185895e-02
-2.646531706526814715e-02
-2.974238347696539844e-02
-2.276272279382101499e-02
-1.343910116928042145e-02
-7.943991436077112861e-03
-3.170875038515417067e-03
1.608521357394483708e-03
2.448560873418485339e-03
9.835709906641804806e-04
6.466333554631538069e-03
1.103853447646033041e-02
1.068829036018665267e-02
1.246971973482333650e-02
1.290023474551235672e-02
8.366120409518151488e-03
1.009421585786937463e-02
1.552230082367403625e-02
1.420102347772776372e-02
4.908055360551953454e-03
-5.861141199902162799e-03
-1.347277237944277152e-02
-1.706834938010031583e-02
-1.558389372603705657e-02
-1.037657754384404413e-02
-2.379214063130342255e-03
2.069270573585888211e-03
1.535734365917111686e-03
-2.550502050449637587e-03
-3.629470567868135853e-03
-2.391986887287212045e-03
3.125993856592409938e-03
3.238153928254909695e-03
-6.829410849118036685e-04
-8.007331429533462094e-03
-1.506983599579427534e-02
-1.705704093593258044e-02
-1.751922594334977615e-02
-1.689278260786699140e-02
-8.278702324266459800e-03
-1.016883253020085082e-04
4.492215915046901889e-03
4.535384947698445704e-03
3.439355291621268643e-03
4.863742777366593731e-03
5.628841615074537189e-03
1.032470482101845860e-02
1.522049877862449892e-02
1.351676730970207199e-02
1.110390744864346232e-02
4.789348462083358252e-03
2.473020148725099763e-03
3.207278063841884942e-03
4.348287374249147456e-03
6.131463839979161938e-03
3.320711923737885291e-03
-6.602956078129913232e-03
-9.969759441439093525e-03
-5.512104164747512816e-03
-8.115936964953352276e-03
-1.018814582810529529e-02
-9.102757545051125276e-03
-6.207605246355726338e-03
-2.719064575663338382e-03
6.787226540537278285e-04
1.140453417786657956e-03
1.313520261491888568e-03
4.234504096134481498e-03
5.651998513384305645e-03
7.162533472677083679e-03
4.458512939591942857e-03
-4.642942228462337319e-04
-8.458589176294196120e-04
-3.202163851732320148e-03
-5.143690301103208580e-03
-5.465536245787128503e-03
-6.433615303247364886e-03
-9.271272422325917834e-03
-9.194876893608504298e-03
-9.197545178187407217e-03
-5.791797566143280264e-03
-2.127985540438805459e-03
2.911358950982977003e-03
3.508381272454091059e-03
6.020571203491640808e-03
6.615757491050128399e-03
7.969784853673179612e-03
1.296637008471803430e-02
1.654441264385706628e-02
1.512618762487730542e-02
1.299067053356161780e-02
6.146552353967008053e-03
1.543408860610719427e-03
-1.511163912086376090e-03
1.690424987849775337e-03
4.562703099339599465e-03
5.509086461949944287e-03
6.573096703080279386e-03
5.420016581482740153e-03
3.744206804760981736e-03
-3.416007801555863907e-06
-4.257120984469948792e-03
-4.162682769552331595e-03
-1.743498438735868392e-03
-1.251762179607317314e-03
2.490707063648116715e-03
8.553217982967450603e-03
6.613533920567709300e-03
-2.481393479856039593e-03
-5.259061843848174267e-03
-3.867742027705688406e-03
-3.141320610274801577e-03
-3.715840398463830276e-03
-2.935059035796308037e-03
-4.735252168775352759e-03
-3.864565498445088516e-03
1.233351016012884096e-03
4.819017245377355679e-03
6.342480678760771713e-03
6.040678633711233508e-03
5.854851671966175737e-03
2.452226588185216737e-03
-2.473509334231232138e-03
-8.149703470993523158e-03
-1.399000663894615394e-02
-1.797334256644505038e-02
-2.006273645289683577e-02
-1.767938654866919174e-02
-1.375338697432411210e-02
-8.488416786051224475e-03
-6.033467912289673316e-03
-4.810313555203313642e-04
3.734613686393972384e-03
6.928105613244856745e-04
1.148671098983828276e-03
6.272438208564557090e-03
1.027273680231505400e-02
1.210591183860689965e-02
1.745569535813779050e-02
1.938940754552760659e-02
1.571746678144525858e-02
1.425130793592305212e-02
1.274020120136336483e-02
6.941161148505918879e-03
1.519492771807667364e-03
7.011902455139464941e-04
4.920412059375684584e-04
1.131384426747646933e-05
-4.973618924490722654e-03
-8.879066354519724036e-03
-9.462213596180539532e-03
-9.550330517869564176e-03
-5.699709982878507601e-03
-4.593737790215654711e-04
1.043531156987252510e-03
4.307373677372628340e-04
6.390478035888427213e-04
6.669822019065528833e-04
-5.123328748542766960e-04
-3.068717857494544440e-03
-5.122598146812829163e-03
-4.643005759047549169e-03
-3.708566146457057799e-03
-5.365507339370856332e-03
-7.715980165751296256e-03
-6.063899062606215550e-03
1.517291437030072110e-03
7.127337528469643128e-03
1.136126984933721711e-02
1.782811164865044998e-02
1.876772900393572016e-02
1.712451041742770949e-02
1.461476641392082075e-02
1.048524660984914703e-02
4.531890765511786129e-03
1.581393797508965715e-03
-2.009586765308488728e-03
-3.305623409750038742e-03
-5.760889936437648719e-03
-2.258112061599255264e-03
1.461841942257050995e-03
3.066541934951033579e-03
4.432528930240240556e-03
5.973050325753075920e-04
-2.744727755559720449e-03
-2.497816136133338034e-03
-6.151444209028331805e-04
1.087907270757824545e-04
-3.491609197958127006e-03
-7.186008023912912254e-03
-6.839925160970620685e-03
-2.558643494944553426e-03
3.672989018738345712e-03
4.774895253947631507e-03
1.707552833622926749e-03
-6.759463674799640054e-03
-1.458363642716694816e-02
-1.817463922568922710e-02
-1.791082847059645780e-02
-1.355542567080356663e-02
-7.948089158823286315e-03
-3.542465431420321192e-03
-2.703550406754571742e-03
-2.166545429133220468e-03
-2.349316569729581819e-03
-2.311773170398559018e-03
-2.131603607266628186e-03
1.297145253153499447e-03
5.856090518377809855e-03
5.672995371796866852e-03
2.939013814725754178e-03
2.168635585386694768e-03
5.210651537916641089e-03
8.203132693156802921e-03
5.443268775670326819e-03
4.978161361333379928e-03
2.731977167107674936e-03
-2.127178702006613398e-03
-4.598597879984371237e-03
-7.240771388365643477e-03
-5.882519241825995976e-03
-3.478680723867487706e-03
-6.083593544021929922e-03
-7.250078619099199935e-03
-8.653342185261538380e-03
-8.901397355221737570e-03
-8.098021339923572315e-03
-2.497571543380271413e-03
5.460136146044109080e-03
1.138048785136384217e-02
1.175919366981248958e-02
9.126645045090833047e-03
6.119869508177974531e-03
2.719591879520597889e-04
-5.636115867081309232e-03
-9.355355151853981741e-03
-9.610906930869193149e-03
-1.136841704017356458e-02
-1.365154744622930176e-02
-1.325610131857729405e-02
-1.165135050141514333e-02
-9.370761318767887108e-03
-6.222598464465754244e-03
-2.950198374252324240e-03
-3.466196963873332225e-03
-1.010527017969626001e-03
3.804592626004974290e-03
8.665254169988787641e-03
1.361635150202186034e-02
1.408666842434619197e-02
1.062777747777223641e-02
6.262019192589791949e-03
3.640270767354172963e-03
1.980032337067872805e-03
2.917874012496466090e-03
2.938464275163670501e-03
4.504636144455844327e-04
-2.822686136673348018e-03
-3.832546083498247855e-03
-4.384055093723495528e-03
-5.872354348192078237e-03
-3.757421166485074796e-03
-1.446693074213253145e-03
-2.336454802753415406e-04
2.201182304190795261e-03
4.394791762624321654e-03
5.905834966598794492e-03
4.405973145621630734e-03
3.117633231578512739e-03
2.682143776067393189e-03
3.118853018814582694e-03
3.612349075153505756e-03
2.735096518841583207e-03
3.009574059191446119e-03
2.596599843079454555e-03
2.918458493880416241e-03
2.789974238347696367e-03
3.013995787922199923e-03
3.748209231629336981e-03
3.609776086452419746e-03
2.621081354090893257e-03
1.699983164394918648e-03
1.104819112541255118e-03
-3.971169820430800858e-04
-9.533621973958813492e-04
-9.504906149442994903e-04
-2.061866083879431539e-04
1.169667957396389483e-03
1.747589808423520314e-03
9.789205518266632343e-04
-3.110432039744733760e-04
-2.387091855696628611e-03
-3.500630541058228403e-03
-2.844153121416477872e-03
-2.336791514855039199e-03
-2.108437179369077649e-03
-1.410985708794856375e-03
-1.118849842285322103e-03
-1.222830351101779215e-03
-1.102208005489042518e-03
-4.470679046660038327e-04
-6.335778202020908383e-05
-1.662010933613714935e-04
-7.070477654704916074e-04
-9.205391205461087973e-05
9.869730535022821789e-04
1.736729254881531036e-03
1.915818798064858244e-03
1.529686254204930479e-03
1.021114389995203499e-03
3.129049677741106575e-04
-3.226972545257600507e-04
-6.914446537424278564e-04
-6.877598798001327302e-04
-5.355691863955605071e-04
-3.695288254147752562e-04
-3.370170484325416167e-04
-2.906927692664440575e-04
-3.685155125806441399e-04
-3.081055497142712058e-04
-2.620226867719792309e-04
-2.278435495808569589e-04
-1.756855744276688387e-04
-1.240628444548916797e-04
-1.083555425670803499e-05
1.699312916720932261e-04
3.885117642761165904e-04
4.750499509226229367e-04
4.963358734978986705e-04
3.268807435619693080e-04
2.496418463258673966e-04
1.176418082075163002e-04
3.604375986709401110e-05
4.577124542182720149e-05
6.155541931774503905e-05
1.109946030767862448e-05
-1.872055754441582129e-05
-3.543132502565047085e-05
-2.454574043308799732e-05
1.910879295064626237e-06
3.236629194209822386e-05
5.647773729467708137e-05
7.328634187713820123e-05
5.101633053692873393e-05
2.087624559653631409e-05
2.831717009361231286e-06
-2.458398584538561325e-05
-5.932390751217405235e-05
-8.060379468185470484e-05
-8.136870292780700982e-05
-8.304654568325555743e-05
-8.057202938924872546e-05
-7.849743812915131703e-05
-7.193917581771804048e-05
-6.613438624689891307e-05
-6.122918976268148605e-05
-5.712225508165267896e-05
-5.258235946240418424e-05
-4.893284499490167133e-05
-4.568198494960436500e-05
-4.319063305051634336e-05
-4.142003564065829829e-05
-4.048931256730271344e-05
-4.064146831888542055e-05
-4.179073660537023732e-05
