6.548007933655471901e-06
3.880502642333240127e-06
-3.373760366332548234e-05
-4.358492073000279810e-04
-1.303628715573127046e-03
-2.667878013391371608e-03
-1.949662553412403803e-03
-5.044480385501112427e-04
7.022283455133581688e-03
8.756905341905941650e-03
1.605653395098705126e-03
3.136150047255834104e-03
-2.136243227773118852e-03
-1.701536147384955389e-03
-1.225223966029045930e-03
-1.109107729989484113e-02
-4.414739826684238588e-02
-5.242302623697137759e-02
-2.166107583562957087e-02
9.006429455692665717e-03
4.571542670021165600e-02
1.982641800780054336e-02
-2.100009318051728607e-02
1.042011101793059551e-02
3.055409129028393775e-02
2.593586518110299263e-02
6.378945196544334728e-02
1.182999880196478060e-02
-1.584215220371923763e-02
3.637507820507700955e-04
-2.392962208644489747e-02
-4.621866805106292914e-03
1.925036273844228998e-02
-1.483034490102898111e-02
-1.788194028459992244e-02
-2.731586864209363617e-03
-6.637993690347831002e-03
1.867264353127537704e-02
2.131936956724305929e-02
1.427785099104136131e-03
1.193010130053379254e-02
-1.086970701383065292e-02
-3.531821146652823484e-02
-2.215852668290670124e-02
-9.960664510203267805e-03
-4.513977077592748466e-02
-1.445516020393221995e-02
1.048700131783874591e-02
2.811096468458395420e-02
5.890958827522863039e-02
3.119038110831570329e-02
-3.276286889501218297e-02
-3.912237264220012889e-02
-5.838152097227214399e-02
6.933162946101727002e-03
8.209137015294917794e-02
7.660569998535735059e-02
-6.268100315482609194e-03
-7.324920463772746637e-02
-5.669002835350026026e-02
-5.911991001424331260e-02
-6.624475859590273075e-02
-2.688404350199007087e-02
3.915991107916350772e-02
-2.792293971220531981e-02
-7.930194481051076882e-02
-6.006802177761804556e-02
4.620069752272939340e-02
8.024439918533605998e-02
1.029970847809592305e-01
1.114585413255594210e-01
-2.465449995340974684e-02
-9.771907405188824669e-02
-9.998202947166646981e-02
1.097939379417754990e-01
1.762689189728844918e-01
6.113953116888303646e-02
-9.037378698933749843e-02
-4.350205662713151067e-02
7.912290510229889884e-02
3.435585639551136383e-02
3.391903944198182419e-02
-1.958794244106332617e-03
-1.450461243560560720e-01
-1.429588807688724206e-01
4.621547329047030056e-02
8.192497637208312478e-02
1.066331216804440735e-01
1.265611064520852647e-01
2.555855064361114981e-02
-9.560520745976600065e-02
-1.686574018609480752e-01
-9.998668849753072907e-02
-8.914247301092874734e-03
4.913834644516327371e-02
2.931299335756026858e-02
4.291295608535336363e-03
1.795548633574271802e-02
1.241124555728605194e-02
7.822837213636304413e-04
-1.397494775235280928e-01
-6.394539621687100883e-02
7.273471506728965141e-02
-2.595849473530077722e-02
-5.169202507887065562e-02
-9.468005803815076823e-03
8.105706641108582911e-02
1.019927319196517815e-02
6.522196930367531176e-02
2.468132263088535297e-02
-1.220451792393807688e-02
5.761764040307230939e-02
1.593573206607830084e-01
7.968930953236692816e-02
-1.309246169615164712e-01
-1.548094458421522268e-01
1.326278237024613137e-02
8.995314351130813402e-02
4.701462934121374872e-03
-1.870891737550417488e-02
-9.789278915911239429e-03
-8.831715985783316486e-03
3.119350931139598312e-02
-1.861380669036114422e-03
-1.578757504359517075e-02
7.046044487041253079e-02
1.060494122971659958e-02
-1.128243014789079290e-02
5.769857433808554814e-02
1.294317319595862936e-01
8.924430600481876585e-02
-1.610958028832714661e-01
-3.697016892296633994e-02
1.054896636183326047e-01
4.170194214821027617e-02
-7.945902053964831735e-02
-4.939865287595011228e-02
-8.534203905594825446e-03
-1.549525444936970253e-01
-2.633188237956418654e-01
-1.481849766383132039e-01
-3.446614219346937763e-02
7.507953622725398179e-02
1.856109314058277948e-01
1.114964791075968853e-01
7.479467007441130411e-02
1.488006336275175534e-01
8.349839596395246255e-02
-6.762110139371431405e-02
-1.786070843816141840e-01
2.306430786842911251e-02
1.119484046164290619e-01
3.015720884416224767e-01
1.810630565871970132e-01
-4.877421029511601336e-03
-2.573206607829826159e-02
-1.823629248033225847e-01
-1.736718448411272431e-01
1.396849167365520894e-01
2.787375371058131712e-01
3.487567056693689771e-02
-3.374286170680085295e-01
-2.820327995420843226e-01
1.060420909708078840e-01
1.719573233230834997e-01
5.886539408703060638e-02
-3.516333213529811846e-02
-1.241151178733543720e-01
9.260812267880676185e-02
3.554896636183325909e-02
-1.386113440624043291e-01
-8.857873088135459483e-02
-2.843017451379737520e-02
-1.063442620768606170e-03
1.427625361074504606e-01
1.429409102405388710e-01
1.414353793112628765e-01
8.890486269185204904e-02
-9.341413415332189274e-02
-2.544294024466541848e-01
-7.128442687326119742e-02
5.383051795056108951e-02
-7.610385634226535245e-02
-8.889487906500007086e-02
7.509950348095791040e-02
-2.735227560134712577e-01
-3.082591217070670964e-01
-1.183066437708824303e-01
-6.518356561905143398e-02
4.720212185349360531e-03
9.460884149994011616e-02
1.954181808500725648e-01
1.574950414653302211e-01
2.684796933029831231e-02
-2.071010209922394263e-01
-5.366718581526297438e-01
-7.585626239633667944e-02
5.284473463519827607e-01
2.391764173422254725e-01
-3.303402420031149034e-01
-3.402300227626692819e-01
-1.890998762030270397e-01
-1.046663471906074117e-01
1.166453682627158206e-01
1.796353979473663265e-01
-4.195000199672537650e-02
-2.435545705043728332e-02
3.462508153295262847e-01
2.680484006229783556e-01
-2.933961636249884063e-03
-5.641740878292933470e-02
2.039781425129454651e-01
1.618212797678474368e-01
-1.485037871224525463e-01
-2.264712538104176054e-01
-3.408177255966881453e-02
9.069326304860030052e-02
7.836015601080895121e-02
1.826211679512266817e-01
1.657867763534470185e-01
-1.425548766689296344e-02
-2.354964524845919727e-01
-2.204690973470175563e-01
-1.932444124968385468e-01
-1.581725969410167354e-01
-2.211320101699879304e-01
-7.670686740412391291e-02
3.473496798583656786e-01
4.874532433475766702e-01
9.151591390120204783e-02
-1.304640389760792496e-01
-4.685509098411937828e-02
8.503654007427819024e-04
9.894706015467967519e-02
1.312607323988658758e-01
1.673475500179705533e-01
2.317173169335623173e-01
3.321333013857274419e-01
3.043395498049865089e-01
2.521012206647764708e-01
-1.202141820747307938e-01
-1.622811921781611710e-01
-3.040027687925136446e-01
-4.130725609999600922e-01
-4.240838358425516597e-01
-2.859576960451526428e-01
-1.183306044753271585e-01
-1.628662327116861819e-01
-1.805279341879318100e-01
3.582378233031162373e-02
3.377627357799875552e-01
4.490415718222116603e-01
3.934281112309146455e-01
3.812906832794217826e-01
4.957642799142739642e-01
3.523880835429895608e-01
-1.535628236359038168e-01
-6.109154320248126879e-01
-5.766562836947407567e-01
-5.558697070138307605e-01
-3.349932776912530330e-01
-2.347663165741517288e-01
-1.023727753151498299e-03
3.559289431998189923e-01
6.164164104202441985e-01
3.524313459260147163e-01
-9.815169788213996827e-02
-3.016965509897102660e-01
-7.231540273950722020e-02
6.041698281485031324e-02
3.911997657175566093e-03
-2.308048134392929121e-02
-1.742049705150220673e-01
-2.478255660716425224e-01
-4.101992731919651969e-01
-1.088195359610239499e-01
1.517458035488465640e-01
3.339975773065505943e-02
9.234588608016187916e-02
2.264173422254170120e-01
1.193109966321899001e-01
2.568514303209403216e-01
2.950594358585253985e-01
8.215459978967826205e-02
-1.220578251667265857e-01
-3.132675745111351134e-02
1.143544586877520974e-01
6.696550989710209345e-02
-2.475992705296647250e-02
9.799528772812587940e-02
3.792300626971766841e-01
5.974834604581820141e-01
3.893667718275362066e-01
1.223906127284586816e-02
-1.995600548433901777e-01
-9.421748332734317111e-02
2.338418327276599873e-01
1.590411724771375115e-02
-7.091769498023242635e-01
-1.000000000000000000e+00
-6.976491886639245577e-01
-2.303062976718182331e-01
3.859124369367571139e-02
2.752392742568853801e-01
2.163059249497491232e-01
1.398426580408130837e-01
2.742595476751461328e-02
-2.036107450447932343e-01
-2.370472425222635016e-01
1.337093832780906211e-01
2.749151391717583603e-01
8.497663831316641658e-02
1.142938913515168520e-01
-4.615424037911159544e-02
-1.485264166766503136e-01
2.043016120229490529e-01
3.493783528346844913e-01
2.742548886492818805e-01
1.255680683678767062e-01
-3.669608508712378647e-01
-3.635271488092861603e-01
2.449762389680923760e-02
1.382199858898074118e-01
4.227600069219813322e-02
-2.515953835709437009e-02
1.260639218348575119e-01
1.855896330018769469e-01
2.644329965523208731e-02
-1.215646340002396186e-01
-1.053678633707386680e-01
-1.313153095589899427e-02
2.205303302583762892e-01
3.987167711619611365e-01
-1.162919478721563399e-01
-6.513630978528547333e-01
-7.063748785325401069e-01
-6.895691066650694312e-01
-5.129421082757611439e-01
-3.845326997058158280e-01
-4.273418260719087924e-01
-3.053572141687632691e-01
-1.316780480012779142e-01
1.882479400449929008e-01
2.654533232165914858e-01
-6.875790370459114453e-02
-2.431632123317759020e-01
-6.426440637354738361e-02
2.404316920250789136e-01
2.410067489317519740e-01
8.531674720125662081e-02
2.692324587676211620e-02
8.920769937302823471e-02
1.542823103443685950e-01
2.295255780519947775e-01
1.247327715879291421e-01
-6.454687645594558987e-02
1.773684490768473454e-02
2.892489650306830362e-01
6.649361713456598544e-01
8.202081918986197095e-01
4.565878625720485307e-01
2.889920530330258308e-01
-2.406267055362538987e-02
-2.313299522117061580e-01
-2.186966707932324616e-01
-7.143151897554678165e-02
1.863703526217004303e-01
2.226428657002516298e-01
1.816953529544879931e-01
9.014749144735967334e-02
2.478701596049146250e-01
3.600827975453589902e-01
2.189096548327409686e-01
-1.964478255660716544e-01
-1.823402952491247897e-01
-3.549265870638819154e-01
-3.523388309838531574e-01
-4.395943985197609677e-02
-3.369973243880036717e-01
-7.908230501976758475e-01
-5.887917149208632406e-01
-2.929369167897981074e-01
-2.112169375557419460e-01
-1.424084501417675064e-01
8.209935705443074938e-02
3.327110205928943687e-01
2.882026809365973441e-01
2.054530569865420930e-01
-9.663618332601200955e-02
-1.117527255301306033e-01
-1.513258256459406592e-01
-2.194687379364509139e-01
-6.297425555422440924e-02
-5.589919199180012899e-02
-3.411724771374945453e-01
-5.236638579396456494e-01
-3.311009943692345137e-01
3.122266150180371125e-01
6.871530689668944314e-01
7.498369340947513839e-01
4.618445748971687359e-01
3.102358798237557225e-01
1.798577000386033797e-01
3.337772719406839617e-01
6.589380083330005633e-02
-4.339210361673522809e-01
-6.661874525777725653e-01
-4.451918853080947813e-01
-3.098817938580727960e-01
-3.174626945143298462e-01
-1.798277491580474799e-02
4.124136416277305317e-01
7.705296646832529017e-01
5.976405361873194932e-01
1.472777977450314968e-01
-7.883537664896236863e-02
-1.948324747414240804e-02
-2.792180823449542937e-02
-7.698574338085541202e-02
1.335476485230888133e-01
4.282669754935239936e-01
6.196338005670700699e-01
4.405954235054511114e-01
6.169175884882127474e-03
-3.572487786696484924e-01
-3.870019834138679893e-01
-2.833812547422228101e-01
-1.491067981843110790e-01
1.324194986888170278e-01
2.879351197369647286e-01
3.570078404749544299e-01
3.681908336993997000e-01
1.675099503480958207e-01
1.830983853147505058e-01
1.941436044886386547e-01
7.435738721829533715e-02
-4.606977889594399134e-02
-2.222029205436417965e-01
-3.744053086271847963e-01
7.537039255620782419e-02
4.180078005404470609e-01
2.812880209789279107e-01
-4.443173195958628058e-02
-2.096162293838105817e-01
-2.014469603184111668e-01
-3.495074744086365537e-01
-1.792180823449542881e-01
-9.219213822664164282e-02
-1.631424463879238007e-01
-1.694714002369447636e-02
1.351543468711313423e-01
-1.199912144083702947e-01
-3.007367916616748849e-01
-1.601533485084461750e-01
1.261138399691173195e-01
1.578631045086059115e-01
6.001817020087057281e-02
2.501484232525325591e-01
3.818191499274523615e-01
1.931958255128256585e-01
9.656430121267788047e-02
-7.630352887930461070e-02
-1.653907591549858558e-01
-1.241470654792806438e-01
-4.014156782876084073e-02
-1.681102991094605148e-01
-1.514462947432876905e-01
-4.791874658892749522e-02
8.578331536280500713e-02
5.771115370791902316e-02
8.768419791541871497e-03
-2.858192564194720897e-01
-3.676803375797026430e-01
-8.532406852761471872e-02
2.201156769564580895e-01
1.407518336594651698e-01
-1.624096481769897460e-02
4.182327649321779250e-02
1.971673122745364604e-01
5.183878439359451695e-01
5.350099170693396466e-01
3.918187505823782502e-01
1.194048427245983368e-01
-2.710281804507275183e-02
2.066983480425435837e-01
3.679132888729151341e-01
1.070584241843377110e-01
-1.637201655950907275e-01
-2.699432929994808883e-01
-2.526636316441037144e-01
-2.242662034263807613e-01
-2.234129361180996476e-01
-1.408443486016267010e-01
2.301186054870013598e-02
2.062470881088348529e-01
3.084075449595996554e-01
1.987047908097387128e-01
1.336960717756213168e-01
1.143584521384928832e-01
9.480185828574472229e-02
-5.900323469510004165e-02
-7.680071349653236346e-02
-2.140496252812054967e-01
-2.091356841446694315e-01
-1.011680843416796483e-01
-1.616249351064254769e-01
-2.832082052101221326e-01
-2.647158659797931857e-01
-1.148203612741770414e-02
4.911238901534816653e-02
1.453416397108741849e-03
4.611989670274084518e-02
-7.915152483260785507e-03
1.808826857287382239e-02
1.097693116622073251e-01
-1.318337925801685295e-01
-4.749930114612036514e-01
-2.878465982455440386e-01
-1.048074491167818312e-01
-3.254695632496040214e-01
-2.955958894080375488e-01
-3.602871291082624938e-01
-3.919891378139850890e-01
-2.869088028965829373e-01
-2.601679911611623486e-01
-1.378871983280753055e-01
2.726002688923499506e-01
4.230135910440211977e-01
7.575642612781705032e-02
-8.569013484552003013e-02
-6.716851030975866388e-02
-3.111563702195067199e-02
2.030809472465157361e-02
5.120801884908750268e-02
-2.376609027860974999e-01
-5.754123237889861020e-01
-6.483966295275749303e-01
-4.429821758981936641e-01
-1.642140223367011542e-01
5.240605407132303828e-01
7.095762948764027245e-01
3.614438986728432668e-01
9.168962900842619890e-02
2.577805731932963917e-01
4.897734382279728682e-01
2.678640363137787528e-01
-3.451772426553785869e-03
-6.895557951626000992e-02
-2.831968904330231865e-02
-4.875757091702941082e-02
-2.020326664270596373e-01
-2.392443060048187742e-01
-2.301984745018170742e-01
-1.653315229689975296e-01
2.919358918041079498e-01
2.614372429216085814e-01
-1.609653501590724844e-01
-2.583403218721297412e-01
-4.818624123104775503e-02
3.186487493843430663e-01
6.079622752020021892e-01
2.736079496292747049e-01
1.791268985530397040e-01
2.128629048360688447e-01
2.726328820733996405e-01
3.977510216578145630e-01
7.691918586850898798e-01
6.718381853759834987e-01
1.134938700531129135e-01
-1.072767328248339647e-01
-2.922799941429389259e-01
-1.879344541618412634e-01
-8.673309106398839619e-02
-3.921342331909002943e-02
-5.424004632402859571e-02
-1.331037099157381942e-01
-3.266536213942468070e-01
-4.904682986568694725e-01
-3.544753271301732123e-01
-1.202061951732492223e-01
3.650366731893028762e-03
-1.546190913568414593e-01
-3.795801552121188527e-01
-3.379065000066557856e-01
-2.081799182673748499e-02
2.400975733130998879e-01
3.771062124782024738e-01
3.216185455852402231e-01
2.647637873886826143e-01
1.084261810630565981e-01
2.546470455120269493e-03
3.807083050463906382e-01
4.627191406094006698e-01
2.442527588088868051e-01
-2.018789185735394079e-02
-4.087203652676277832e-01
-3.339197050171053283e-01
-1.192890326531155856e-02
2.010130053379125328e-02
-1.775927478934547499e-01
-3.928963167072668239e-01
-5.861447226548461842e-01
-4.973550044593534336e-01
-2.501011674187665901e-01
2.803821732358931923e-02
-1.357613513837306884e-01
-2.533744658759634616e-01
-4.505903651345128380e-01
-6.148988991387458469e-01
-2.072527721203892559e-01
2.701988738468911189e-01
4.057718674706815021e-01
5.846405228758170258e-01
6.578937209642853334e-01
3.151125487533778524e-01
-5.668550244266071236e-02
-3.890013710847544104e-01
-3.552713549778363511e-01
-3.756659079110259425e-01
-1.993723626585732975e-02
9.790610066158168812e-02
-1.134932044779894261e-01
-2.441635717423425722e-01
-4.189003367810125167e-01
-6.491347523394966901e-01
-7.049106132609188613e-01
-6.444264739161110755e-01
-1.451060261171678578e-01
2.080101966108914915e-02
6.528639697562664546e-02
2.607769923991321015e-01
1.444903691279634805e-01
1.360908110698454652e-02
-1.163012659238848445e-01
2.650806011474515778e-02
8.316294610172650370e-02
2.207233470441808953e-01
4.792753218055721964e-01
4.473363683558964077e-01
3.372588954115251503e-01
2.381414480252386501e-01
2.765018702660970024e-02
-1.694454428071296426e-01
-2.298051196038496946e-01
-2.498442554211093847e-01
-1.860502109873141685e-01
-2.573306444098345802e-02
3.075309825219972870e-01
2.488612009637527767e-01
-3.300713496532354241e-01
1.938667252372775485e-01
1.318637434607244363e-01
-7.136629261344729080e-02
-1.981916323895478171e-01
6.311828601094206237e-02
3.347942707293372622e-01
2.276420004525910867e-01
7.644329965523209702e-02
1.575602678274297119e-01
1.480917961210282130e-01
1.665535188956777934e-01
1.496685435885148630e-01
1.179785152350145833e-01
1.152736179332561339e-01
-1.870658786257205219e-02
-2.209516393115291133e-01
-4.308061445895399189e-01
-5.715779455027090172e-01
-6.427691918586851960e-01
-5.553918240751835045e-01
-5.729370499048228593e-01
-2.838118818471041527e-01
-7.630419445442808424e-02
-1.773751048280819698e-01
9.409568307974922052e-02
4.512226615018037901e-01
4.855004459353327584e-01
4.586132076727501006e-01
1.365513890552826903e-01
4.008020180237743813e-02
3.073259853839703515e-02
8.449875537451913624e-03
3.252991760179971964e-02
9.371430853400423977e-02
2.934440850338777829e-02
3.152689589073918996e-02
2.147790956165222531e-01
2.826298204278317461e-01
-8.186108116023056713e-03
-1.279641388123477497e-01
-1.255654060673828398e-01
-2.270716025717822717e-01
-1.299608641827403321e-01
-4.946867137893854599e-02
-7.052899910812934769e-02
7.913954448038551526e-02
7.482195865447334449e-02
-4.709509737364056536e-02
1.698115091250349679e-02
9.648110432224486777e-02
-5.880376183059782963e-02
-3.473716438374400105e-03
1.508552640336514872e-01
2.184544014482915075e-01
2.464065599084168945e-01
1.415212385021897556e-01
3.636036899484845070e-02
5.875570730668371044e-02
4.638599363710182999e-02
4.219925988046271254e-02
8.707719340281938614e-02
-1.735027887597673235e-01
-1.167771521371617355e-01
-8.858006203160152803e-02
-3.269983893082012427e-02
9.879797132702368423e-02
2.180031415145827767e-01
2.430933269438121935e-01
2.088261917122586075e-01
2.856695020166926668e-01
1.209689442647391699e-01
8.624455892336568841e-02
2.898220252119857454e-01
4.691206421468792076e-01
3.116429056347590487e-01
3.391018729283974409e-01
2.761717450048587486e-01
1.651944144935638958e-01
1.725949442913621845e-01
1.280040733197556069e-01
9.808447479467008456e-02
5.983427179425743203e-02
-9.617627091569827535e-02
-1.390126858618532524e-01
-1.907897714415026369e-01
3.269484711739414212e-02
7.043848089133820933e-02
-4.692291308920037984e-02
7.120389228332202509e-03
7.289179079642719994e-02
1.141268319955273391e-01
1.203859004565845381e-01
3.152842671352315551e-02
6.324860562011634657e-02
-5.603137521132011550e-02
-7.593879371164623249e-02
9.643185176310850593e-02
6.605839756133274898e-02
-1.633128336195306674e-02
1.255481011141727776e-01
1.861493816807103241e-01
5.156962581366559412e-02
-1.453602758143311691e-01
-1.325825645940657549e-01
-1.596035834564647482e-01
-1.867943239753471207e-01
-2.046490422373973550e-01
-2.817392809126366138e-01
-2.360528732878079960e-01
5.135557685395951422e-02
8.003208072095098491e-02
4.774343410140702987e-02
-2.851037631617481249e-02
-7.491447359663486183e-02
-9.358984598591643667e-02
-1.258642492978182537e-01
-1.629840395085393467e-01
-8.972418566883645641e-02
8.782330311622274510e-03
-1.650100501843643208e-02
-3.006902014030323964e-02
-1.387031934294424007e-01
-1.698061845240472489e-01
6.836787668224113268e-02
5.501657282057426795e-02
-1.152356801512186835e-01
-8.788320487733451702e-02
-4.125068221450155920e-02
-1.444384542683332939e-01
-1.622732052766795996e-01
2.085100435286130899e-02
2.493231100994369384e-02
1.953536200630965475e-02
1.236026250282869499e-01
4.981303994781891703e-02
-3.845054111257537998e-03
-1.166906273711113967e-01
-1.508778935878492822e-01
-6.479600122465824230e-02
4.732744964924191777e-02
-3.052440663977743288e-02
-1.925389028659665047e-01
-2.472332042117593998e-01
-1.862092834418221099e-01
-1.488485550364069820e-01
-1.024686181329286655e-01
-1.320474421948005309e-02
3.733756639111857067e-02
3.061326091875990474e-02
1.378678966494948366e-01
1.014243307642133662e-01
4.461483167605128503e-02
4.744845120668770427e-02
-1.005211453216724692e-02
-1.262822304753537794e-01
-1.614092887664231035e-01
-2.545738322484458749e-01
-1.711313445948644540e-01
-6.866938221317041291e-02
-2.448850551761777572e-02
-1.170094378552507218e-02
3.154027395072082213e-02
5.793505317945237681e-02
6.563163079216752238e-02
8.246675452258296624e-02
1.058177921542004657e-01
3.807622166313912038e-02
4.761937089839331227e-02
1.909381946940351404e-01
2.064314524180344557e-01
2.383610878159818283e-03
-3.190780453389774340e-03
6.377640669302343801e-02
7.591017398133728666e-02
1.683219519987221025e-01
1.588381720644809203e-01
2.537232272406586553e-01
3.922307415838026112e-01
2.863111164357121652e-01
1.681282696377940367e-01
1.230488665255647512e-01
7.923538729816435866e-02
1.001144789212358444e-01
6.265344834471467395e-02
-3.760685808607217712e-02
-9.836201962115465047e-02
6.908669781558246167e-03
1.659318717303622306e-02
1.090205396483101205e-02
1.359490435685476173e-01
1.170254116582138820e-01
3.394233457130307191e-02
-5.955998828587783650e-02
9.301612022949030945e-02
9.710940723879506187e-02
1.992598804627078446e-02
9.599523448211601251e-02
5.434926720178907128e-02
4.229310597287116308e-02
-3.120702048640230583e-02
-4.405022429881661622e-02
-3.468019115317546447e-02
-1.662367051369088508e-02
-1.185549032919345630e-01
-1.340521544666746778e-01
-9.397255168190835062e-02
-2.620675425635292030e-02
-5.885068487680205490e-02
-7.806264393062045670e-02
4.561718781198834116e-03
5.596787934454162255e-02
3.626499207965603461e-02
1.128722228877973577e-02
-2.894293358891418359e-03
3.933262782370246929e-02
-6.732891391451353846e-02
-5.459333359956339282e-02
-1.016898952384755750e-01
-5.546676783408543976e-02
8.685222901108849425e-02
7.569119976571755774e-03
2.197775647937382990e-02
-8.526416676650294679e-02
-1.335150353420390679e-01
-7.470614858299057248e-02
-1.344095683079749304e-01
-1.766203426380735797e-01
-1.781937622299429036e-01
-9.382878745524007857e-02
-4.792739906553253326e-02
6.309026529824421359e-02
2.250003327875617631e-01
1.820374585679485901e-01
6.027880941921914815e-02
-3.392017091969171116e-02
-1.162054231061060081e-02
-4.128555835097107857e-02
-2.819070058437496418e-02
-8.467779508273098887e-02
-1.332727659970980860e-01
-9.131025118805161100e-02
-3.013451273245211504e-02
-9.759328035355352426e-02
-1.508991919918001301e-01
-1.181914992745231319e-01
-7.641334877467620412e-02
-3.170240805079669461e-02
-2.072634213223647007e-02
-1.642832421495414585e-02
-3.821492751886906153e-02
4.445276413348775435e-02
6.378971819549272837e-02
5.185356016133541718e-02
2.412629953542856642e-02
5.575502842005777143e-02
2.911418606818151969e-02
-1.569725649934108347e-01
-2.244026463266909077e-01
-1.177695246462468273e-02
1.341586464864289452e-01
6.996326025318479191e-02
-4.111197635877161805e-02
-2.560520745976598705e-02
4.682946634186601481e-02
-1.011447892123583945e-03
3.979313925162733523e-02
7.174367370845147196e-02
1.240698587649588236e-01
1.093959240179439296e-01
1.441030044061073490e-01
1.009397920743314442e-01
4.616555515621048600e-02
1.313126472584960625e-01
1.295854798131065300e-01
5.421375610665176564e-02
6.317705629434394732e-02
7.622166313911851732e-02
9.737763401355112314e-02
4.544220811202961258e-02
7.963806024786018734e-02
1.736591989137814263e-01
7.599603317226416577e-02
4.367111270849141635e-02
1.404782822837213896e-01
7.767527920876429737e-02
1.200963752778776289e-01
9.574963726155771848e-02
1.083396562970062593e-01
1.086098797971327273e-01
2.473317093300321165e-02
3.378173129401115804e-02
4.113613673575337165e-02
1.630852069273059203e-03
9.660822917082652339e-03
4.112595343636436807e-02
4.647983972951027359e-02
-1.847543362219293897e-02
-2.043455399810976958e-02
-6.416736552054630449e-02
-1.015341506595849597e-01
-7.381494349267202215e-02
-6.468571542670022156e-02
-5.680044726648297154e-02
-1.201482901375078294e-01
-2.157089040640017275e-01
-1.707013830651065711e-01
-1.331676051275907657e-01
-4.539708211865873394e-02
-5.578258323016919984e-02
-4.249051555449064044e-02
6.365367464025664668e-02
-1.703379790476951348e-03
-1.609680124595663231e-01
-2.313266243360888319e-01
-2.522429881660743223e-01
-1.894619490701915654e-01
-7.054097946035170486e-02
-1.125966747866831846e-01
-1.801691891963846104e-01
-2.222728059316055049e-01
-1.783561625600681710e-01
-5.153608082744300101e-02
-1.581885707439798991e-02
9.287768060380975632e-02
1.287322125048254440e-01
5.079283308707054079e-02
8.393101979420418413e-02
2.092960877494243199e-02
3.005903651345127880e-02
4.334664483580262517e-02
-1.004013417994489149e-01
-1.426593719633135193e-01
-6.191199765717556730e-02
-5.565452657641468959e-02
-5.067602465290257929e-02
-2.720052447319729408e-02
4.886459539688245424e-02
9.580354884655832570e-02
1.086524766050344206e-03
-2.470049119444111749e-02
4.438261251547463010e-02
3.456238435632229961e-02
2.990735194281379100e-02
-7.351610026223660832e-02
-7.258629181475714787e-02
1.293305645408197591e-01
1.493577200058570642e-01
7.545824847250509615e-02
1.137454574497823584e-01
6.195479413761431631e-02
3.994515660982655980e-02
5.471027514875604486e-02
8.369474062537439474e-02
7.902905900989046217e-02
3.539495227826365553e-02
-3.185176310850205972e-02
4.019641121893428176e-02
6.345267095297046911e-02
-2.644782556607164908e-02
-3.434766982149276004e-02
3.036220598218921079e-03
-2.700304833406547145e-02
-7.176497211240234070e-03
-8.089666280633095452e-02
-4.365107889727513901e-02
1.878965163798038129e-02
5.810191286290485035e-02
9.731506995194549869e-02
1.271235174314125083e-01
8.787255567535909306e-02
-5.576467925934800937e-03
-2.033025837626293089e-02
-2.261198301452285037e-02
-2.245537318797172915e-02
-1.073000279541551881e-02
1.187712152070604342e-02
6.478149168696671623e-02
2.026123823595969708e-02
-3.922107743300987104e-02
3.352169109327370056e-02
9.874938434301080981e-02
2.191399438254595933e-02
-5.950760752366120870e-02
-1.323243214461616579e-01
-9.020739320847145915e-02
2.732358931352582218e-02
1.022982309013218544e-01
-1.562344421814890541e-02
-1.136150047255833906e-01
-1.539741490622046627e-01
-1.735174314124835471e-01
-1.170247460830904224e-01
-9.737497171305725674e-02
-7.524859230861387360e-02
-4.782975919492033628e-02
-3.365487267547888350e-02
-1.602991094604848269e-03
-8.194161575016973426e-03
-9.997337699506145259e-02
-1.040719886053539101e-01
-1.209030523275162194e-01
-1.395092049039575177e-01
-1.059083103709915902e-01
-9.789345473423587130e-02
-5.468205476352117067e-02
1.788952784100741487e-03
2.028360156010809191e-03
2.761943745590565019e-02
8.923565352821374169e-03
9.891977157461763481e-02
4.147005577519535108e-02
-1.072268146905741432e-01
-7.230808141314910842e-02
-3.048839902559801959e-02
6.964245304367505662e-02
1.019987220957629670e-01
5.907811189648976696e-02
-1.993117953223380590e-02
6.677582098691479950e-02
2.231999520785911406e-02
6.099470202201724006e-02
3.715672963007334711e-02
-1.578577799076182064e-02
-6.330644409834539077e-02
-7.448983666786471169e-02
-8.004605779854373493e-02
-6.637381361234243049e-02
-4.524932444124969005e-02
-4.441169814837001018e-02
-5.638699199978702836e-02
-1.052580434753670885e-01
-1.220478415398746352e-01
-1.118325945449462899e-01
-1.427745164596728143e-02
4.172956351583403251e-02
5.380748905128922982e-02
2.095350292187479410e-02
-3.154047362325786141e-02
-3.131371217869360901e-02
7.221157302024680535e-02
2.083755973536733502e-03
-2.133567615776793113e-03
2.345433489077912437e-02
-4.112129441050011575e-03
1.236445562610651938e-03
6.162886199965390832e-03
7.803003074957071128e-02
1.663105839756133519e-01
8.214528173794977128e-02
4.253930221104056130e-04
-4.796220864448971083e-03
4.864934840195413168e-02
3.688058251134805621e-02
2.409714734502083414e-02
-1.315336181994861955e-03
5.233803229370499570e-03
4.310683811881847738e-02
3.220478415398746186e-02
-2.071482768260053675e-02
4.745830171851497803e-02
9.101007680736925010e-02
5.651178733543656130e-02
3.770077073599297640e-02
8.965696258136656577e-03
2.122272805931605874e-02
1.031801179399118862e-01
3.133095057439133635e-02
4.746495746974961627e-02
1.110425568733943019e-01
1.234282443459393530e-01
1.399937435938394537e-01
6.849433595569932864e-02
5.939978435366000120e-02
9.068128269637794336e-02
6.582072068474369153e-02
4.768120282736313352e-03
-3.685808607217497257e-03
4.878559162972725266e-02
1.219739627011700994e-01
1.364921528692943642e-01
1.140303236026250500e-01
9.618292666693289972e-02
1.020699386339736225e-01
9.058144642785832812e-02
4.928530543242416045e-02
9.008692411112444176e-02
7.698907125647273808e-02
2.376469257085047498e-02
1.906719646446494720e-02
-1.941056667066011834e-02
-1.535761351383730863e-02
1.543229104268998945e-02
5.727806397508087427e-03
-4.906373547382293643e-02
-5.535801285891139151e-02
-7.716278636369687874e-03
9.364708544653436301e-03
-1.366838385048520579e-02
-6.799648576334811623e-02
-6.891032040786444768e-02
-2.269098678167805194e-02
-3.557845133980273161e-02
-1.241943213130466267e-01
-1.543874712138759431e-01
-1.277944171558643982e-01
-3.672763334797599089e-02
-3.089872608921368988e-02
-5.973776340135511509e-02
-5.643398160350359544e-02
-7.073732412177363531e-03
-1.584241843376862219e-02
-9.296353979473663542e-02
-9.286170680084662732e-02
-7.529518256725636904e-02
-4.115756825472891706e-02
-6.673322417901308805e-03
-5.293272366652024621e-03
-1.757730655059036931e-02
-3.132256432783568634e-02
-4.201882246449157449e-02
-3.531767900642945879e-02
-8.466714588075557185e-03
3.739600388695872579e-02
3.655172184284440767e-02
1.804786816287954829e-02
9.555662047575311235e-03
1.637001983413868128e-02
3.881887038590046274e-02
-2.051934826883910698e-02
-4.369919997870160000e-02
-7.054097946035170486e-02
-7.061019927319196754e-02
-1.765411391983813527e-02
-1.290530197143351619e-02
-6.594378552507222657e-02
-5.128788786390320320e-02
-8.749650573060181735e-02
-8.711513118485685048e-02
2.192204784153987951e-02
6.193209802590419338e-02
4.061525764413029954e-02
4.848847889461284366e-02
-2.390333186906806393e-02
-5.180936597313739317e-02
-2.990555488998043743e-02
-1.999627277930860272e-02
-2.998928424051222966e-02
-7.195599217283656091e-02
-3.999800327462960797e-02
9.700890539515194880e-03
2.456724305472358927e-02
2.431885041864675630e-04
7.006575882219827703e-03
2.528273631244758873e-02
3.544140942188145349e-02
4.954454694301346079e-02
-1.337999014948817490e-02
-3.505251387724132861e-02
4.270815861986342749e-02
2.984891444697362894e-02
1.029105600149089056e-01
1.292879677329180355e-01
7.084581286689829727e-02
4.819875404336888131e-02
1.484126033305379309e-02
3.426414014349800363e-02
7.475207326650959438e-02
6.501703872316069721e-02
5.490069619157914721e-02
6.382146612888198178e-02
4.365267627757145330e-02
2.480345566604102991e-02
2.250888542789824739e-02
8.909588275228626231e-02
1.011940417714947693e-01
-1.088907524992346020e-02
-5.051748465849341396e-02
-2.582970594891045857e-02
-4.210621247820241914e-02
-5.752073266509592081e-02
-4.449789012685861911e-02
-2.804919931312647649e-02
-4.398033891085287306e-02
-2.288553439026663056e-02
2.142140223367011709e-02
5.850305498981670307e-03
1.667046044487041634e-02
-4.875357746628862510e-02
-6.958188570743981116e-02
-2.378525884216551797e-02
-4.800247593945929439e-03
-3.117813452604395810e-02
-9.040373786989339133e-02
-1.067515940524207119e-01
-8.287807994888383989e-02
-4.103576800713497341e-02
-1.628795442141554861e-02
-2.449815635690800672e-02
-4.450201669262410231e-02
-3.569100009318051936e-02
4.731127617374173561e-02
4.361992998149701734e-02
4.016885640882286723e-02
4.696324694168231562e-02
-3.127384422879810749e-02
-5.236458874113122247e-02
-3.519288367077992585e-02
3.353001078231700183e-02
4.635710767674348226e-02
-8.520160270489731888e-03
-6.448118419125967518e-03
-2.275401674587010630e-03
6.718448411272180676e-02
5.244046430520613727e-02
1.517005444404510156e-02
1.894998868522290367e-02
2.959399917468684763e-02
6.109427206048747422e-02
6.493543921302398492e-02
5.422021218534936460e-02
4.220252119856768985e-02
5.315941855357214987e-03
3.322843869387537979e-02
5.075143431439107372e-02
2.123384316387791002e-02
-2.544979566843709809e-02
2.350884549339084251e-02
6.095070750635624840e-02
-2.485523741064654332e-02
7.002715546503735400e-05
1.751926839982428930e-02
5.958388243281020208e-02
5.531328621061459838e-02
4.219839463280221359e-02
-1.446474448571010395e-02
-1.082737643597833123e-02
2.369487374039908056e-02
2.570224831276706270e-02
2.187399331762576379e-02
-2.010489463945795696e-02
-6.298869853440358657e-02
-1.001544134286437050e-02
7.447852189076581420e-02
8.835775994036447478e-02
1.301379071655817815e-02
2.614592069006829115e-03
-9.730841420071084311e-03
-7.412044247434208984e-03
-1.137248246209549875e-02
3.899950747440864528e-03
-1.761138399691173370e-03
-3.030589832674414688e-02
-4.882745630499314704e-02
-3.536100794696697691e-02
-1.541059329366505949e-02
1.960717756213143856e-02
2.736039561785338914e-02
-1.571855490329193694e-02
5.965330191818751446e-03
3.288213995713696464e-02
5.811535748039882432e-02
3.916743207805865878e-02
-2.972611583669448887e-02
-5.781032440131518568e-02
-8.099250562410981180e-02
-9.426274243573873335e-02
-4.637927132835483607e-02
1.504698960371657519e-02
3.186940084927385869e-02
-1.879916936224592175e-02
-8.462321792260693587e-02
-6.467985836561372659e-02
-6.255873700464571752e-02
-5.839816035035875347e-02
-4.240112881540939599e-02
-2.625540779787815041e-02
-5.299275854265671909e-02
-4.628642359863158195e-02
-4.075842285318743985e-02
-1.958907391877321574e-02
-5.102292240725211274e-04
-1.492479001104854777e-02
-2.167225749770376741e-02
-1.910333719366905103e-02
4.415838025637954488e-03
1.566484299082837595e-02
-3.267893987194334798e-02
-2.536100794696697670e-03
1.402845999227932995e-02
-2.162273870851803143e-02
-5.460691133208205733e-02
-2.578844029125567858e-02
3.403225377048307463e-04
-2.959107064414360881e-04
-2.514376422666826649e-02
-1.883883763960438398e-02
-6.758848821266456777e-04
7.150872568986861924e-03
1.638093526616349327e-02
4.217283654806118498e-02
7.592747893454734887e-02
8.336727766463000733e-02
3.151078897275135654e-02
2.453309905088987830e-02
3.154446707399864713e-02
-4.675106159232192589e-03
4.050124462548087938e-03
3.156703007068407951e-02
2.889654300280873264e-02
4.686014935505770918e-02
4.963000678886626826e-02
6.701143458062111535e-02
3.264898899138746202e-02
-4.390665974468539040e-02
-5.009923725090852098e-02
-4.674260878825393928e-03
-4.398579662686527732e-03
-6.639118512306484837e-03
-1.069892043714974240e-02
-1.265637687525791172e-02
3.423678500592362145e-04
8.196823875510829416e-03
2.753084940697256983e-02
4.217336900815995410e-02
1.886712458235161038e-02
3.571030177176097789e-03
-1.497717077326518077e-02
-5.553845027488253823e-03
1.011115104561852024e-01
1.312906832794217826e-01
5.934241177801739819e-02
1.067815449329766013e-02
-4.513424650240273339e-02
-6.761378006735620227e-02
-5.287475207326651494e-02
-3.196344661421934852e-02
-2.586231912996020399e-02
-7.792886333080415416e-03
-7.553811748732079494e-03
-4.333479759860495856e-02
-5.327596075769071987e-02
-3.970661448557699126e-03
3.039135817259694481e-03
-4.811189648975680057e-03
2.903198754043369301e-02
7.984571968638101702e-02
5.955226761444565309e-02
1.462574710807609119e-02
-2.820214847649854181e-02
-5.799235919758263802e-02
-4.346531688031628898e-02
-2.831909002569120426e-02
-3.104781491686967043e-02
-1.715233683425848241e-02
-4.026629660689802492e-02
-1.506382865434021702e-02
3.118039748146373552e-02
3.445689069925322867e-02
1.929369167897980811e-02
1.104075982056094800e-02
-2.764446308054790621e-02
-5.247187945103364698e-02
-3.701789065931872236e-02
-2.364582085379976842e-02
-2.781957589553133228e-02
1.273491473982668598e-02
-1.878991786802976932e-02
-4.527355137574378546e-02
-6.615330857393874643e-03
-2.753617400796028181e-03
-1.873254529238715244e-02
-1.252159791275641448e-02
2.906440104894639567e-02
2.013571076767434881e-02
7.923139384742356947e-03
-1.913182380895332019e-02
-4.129181475713163824e-02
-5.733244146266789666e-03
2.792806464065599424e-03
2.614871610558684029e-02
4.163837972391944836e-02
-8.451672590285267198e-03
-2.030316946873794021e-02
-1.350824647577972444e-02
1.726035967679672226e-02
5.405621447492779588e-04
-4.986648563023309000e-02
-8.370272752685595924e-03
2.762183352635012162e-02
1.329506276373414349e-02
1.965057306018130195e-03
-2.931798517098625073e-02
-8.277890925548767390e-03
1.364894905688005151e-02
5.229423745058105026e-03
-7.687193003474302594e-03
-5.529751208018849826e-03
1.931984878133195110e-02
-1.346931033105706887e-02
-2.163125807009837198e-02
-1.612036260532726667e-02
-2.532706361567030329e-02
-2.687625627304553871e-02
-4.721370286064188737e-02
-5.880103297259162143e-02
-4.200890539515195893e-02
-2.176284227200724498e-03
-7.253703925562078603e-03
-3.968398493137920841e-02
-5.759374625613994034e-03
3.751986741743541104e-02
9.667611783341986328e-03
-1.123943399491500635e-02
-3.814171425528799925e-02
-2.774356721643172347e-02
1.397794284040839840e-03
-1.118811815289591852e-02
-2.231680044726648549e-02
-4.363949789012686042e-02
-1.994735300773398459e-02
9.250296180929942769e-03
1.001703872316068392e-03
3.574065199739095283e-02
6.061512452910560594e-02
4.753943532606525607e-02
2.119630472691453119e-02
2.783022509750675711e-03
-1.015374785352022788e-02
3.710508100049252772e-02
2.637880542576841181e-02
9.099743088002343674e-03
1.599962727793086473e-02
2.742082983906394059e-02
3.147052167778177645e-02
1.451805705309958464e-02
-9.277984106066053047e-03
2.676230981190847250e-03
5.021378272965669985e-03
1.763414666613421014e-02
3.063655604808115246e-02
2.282217163851284203e-02
3.726961117101287163e-02
1.089719526642972348e-03
-2.379577492911625139e-02
4.045498715440012244e-02
8.950321472784633636e-02
4.035042530250389919e-02
-4.249836934094751960e-03
-1.025717822770656242e-02
1.750955100302171302e-02
5.035741384130026921e-02
2.958534669808181305e-02
3.119936637248246769e-02
4.384063469243774241e-02
4.048606951266589538e-02
4.506715652995754023e-02
6.360562011634254484e-03
6.277325186693822993e-03
2.071882113334132247e-02
4.759560986648563724e-02
4.443599164037645433e-02
4.060274483180916633e-02
3.815935199605979822e-02
3.450268226774756697e-02
3.583722694780560464e-02
5.300167724931113128e-02
4.026449955406467135e-02
-6.696018529611438017e-04
2.260532726328820866e-03
1.642805798490475783e-02
1.635118405814464659e-02
-1.768386512785698195e-02
-6.160816261331416958e-03
4.348248871850166064e-02
2.305691998455865893e-02
-7.410047522063816124e-03
-1.423904796134339845e-02
-1.743474035914433645e-02
-5.863463919172557694e-04
1.541877986768366848e-02
1.684750342771188653e-02
3.345153947526057631e-03
-4.862592015760819515e-03
-2.527827695912037917e-02
-3.368602159125701212e-02
-3.338937475872902350e-02
-6.720777924204304754e-02
-7.884269797532048041e-02
-4.454514596062458115e-02
-3.282969263740798810e-02
-2.268220119004832336e-02
-3.310610598618266009e-02
-3.395837493177855659e-02
-4.543368875044926508e-02
-7.028672976318837973e-02
-5.408317026742809341e-02
-3.116954860695126880e-02
-9.980897993956579228e-03
-2.167385487800008170e-02
-3.208770948977011928e-02
-2.744838464917535512e-02
-1.902885933735340776e-02
-2.392183485750036878e-02
-2.346445163265577921e-02
1.195798889820694211e-02
4.340168789851311243e-02
2.519947286450222035e-02
-2.689622352674946731e-02
-3.169927984771641477e-02
1.500552427352475418e-02
-6.673655205463041454e-04
-2.033099050889874276e-02
-2.083070431159565056e-02
-8.654340215380111265e-03
2.047668490342505199e-02
2.934593932617174730e-02
1.526004020073745866e-02
-1.507394539621687186e-03
-5.701942148210269352e-03
-1.304573832248446044e-02
1.025771068780533500e-02
4.364242642067010618e-03
-1.816494282709689781e-02
-3.813053259321380183e-03
2.332581233443819201e-03
-5.193509311395978247e-03
3.302417368848422491e-02
3.455260040200737459e-02
6.795588568081679763e-03
-3.442141554517259058e-03
2.085699452897248757e-02
1.888582724332095453e-02
5.997124715466635968e-03
-1.234422214235320926e-02
-9.925189356122625373e-03
-1.320327995420843281e-02
-2.174027927532180826e-02
-1.443625787042583652e-02
-1.574484512066877048e-02
1.553166140862319300e-02
1.921402233670114687e-02
2.269983893082012580e-03
-1.759900429961529927e-02
-1.481656749597327384e-02
-8.177988099516792994e-03
-2.492698640895598186e-02
-1.223493470708039016e-02
-9.716664669941296739e-03
-2.961150380043395692e-03
-7.538836308454135646e-04
-1.294017810790304077e-02
9.708012193336263253e-04
-1.212578038683226334e-02
-1.618432437469217305e-02
-2.010609267468019615e-02
-3.583170267428084643e-02
6.063841965842685713e-03
2.419971247154666886e-03
-4.197123384316388262e-03
1.263754109926387530e-02
-4.469623151365095630e-03
2.219679725250589195e-02
3.315176443965230785e-02
1.114139477922873253e-02
5.933355962887531393e-03
-2.479300613660264177e-02
-2.601440304567177036e-02
-1.781884376289552194e-02
5.386652556474050453e-03
1.680031415145827670e-02
-2.211992332574577984e-03
-7.087376702208379384e-03
-9.450035275481544553e-03
2.180051382399531435e-03
-2.095982588554770251e-02
-4.462667891324894470e-02
-9.836468192164850993e-03
7.725130785511760863e-03
1.832973922766662671e-03
-1.717503294596861227e-03
-1.651751128149834408e-02
-5.092707958947326891e-02
-4.777691253011728117e-02
-3.063708850817992158e-02
-1.240285931073040367e-02
-1.562304487307482684e-02
-3.666047681801845592e-02
-5.362505490994769197e-02
-3.876236305791835174e-02
-1.777984106066051936e-02
-1.397800939792074454e-02
-8.720964285238875374e-03
-9.551801711859219529e-03
-1.947872156330285320e-02
-6.609180943253065155e-03
6.664669941296275102e-03
-3.166773158686421105e-03
-2.081932297698441472e-02
-2.614432330977197599e-02
-5.050224298816607602e-03
2.088801032972591870e-02
3.007960278476632179e-02
3.991061326091876332e-02
2.224352062617307793e-02
1.214401714521518190e-02
3.424929781824474773e-02
4.609886452883937141e-02
5.059535694793872163e-02
3.607696710727739675e-02
4.171831529624749069e-02
4.050703512905502041e-02
3.255248059848515896e-02
3.945189888582724402e-02
4.202694248099782953e-02
4.186753723892815832e-02
3.806504000106492730e-02
3.368682028140516926e-02
1.598831250083197070e-02
3.677242655378513015e-03
2.720711366691959052e-02
4.879683984931380142e-02
5.577725862918148092e-02
6.521744339283576386e-02
4.184044833140317110e-02
2.326497876815356372e-02
5.020426500539116807e-03
-8.081413149102139454e-03
6.100441941881981113e-03
1.357746628861999753e-02
1.435678820068421457e-02
-9.799195985250857156e-04
-2.327642666027714830e-02
-2.902579769178547514e-02
-3.215080601147451977e-02
-3.753411072507754215e-02
-1.949482848129068663e-02
-1.782723000945116761e-03
-1.101147451512852343e-02
-6.505770536320435241e-03
4.000006655751234957e-03
-7.954687645594558931e-03
-1.445615856661741638e-02
-1.862738442287981133e-02
-9.903558164610040682e-03
-1.959539688244612415e-02
-3.521132010169988197e-02
-3.163491873327742981e-02
4.465975799688511223e-03
2.484705083662793260e-02
2.189928517231740090e-02
2.326611024586345416e-02
1.741217736245890407e-02
2.081226788067569444e-02
2.398546383930354534e-02
2.544999534097413738e-02
2.521750995034809789e-02
2.818031761244892131e-02
7.980711632922009649e-03
-1.252605726608362405e-02
3.513038616668664061e-03
6.757917016093606920e-03
-1.330837426620342864e-03
5.236498808620529931e-03
6.799515461310118476e-03
-2.153102245650466602e-03
-1.539768113626985291e-02
-1.401441635717423639e-02
-8.556900017304953573e-03
-1.225796360635225159e-02
-3.197815582444790694e-02
-2.976924510469497465e-02
-6.716717915951174803e-03
1.766056999853573856e-03
1.487853253996778823e-03
-5.533338657934321232e-03
-6.857220824514463457e-03
5.320075076873926993e-03
1.070251454281644955e-02
-6.700477882938648232e-03
-2.082810856861414331e-02
-1.574511135071815851e-02
-5.662533445149954200e-03
6.237597007574246025e-03
8.522423225909509306e-03
2.867657042450381770e-03
1.326497876815356178e-02
9.866086285159007124e-03
5.964411698148370036e-03
1.064920197542696843e-03
-1.289332161921116250e-02
-2.267241723573340181e-02
-4.404669675066225087e-03
-1.336035568334597960e-02
-2.658852814717197269e-02
-1.698754043368875047e-02
-3.218242082983906703e-03
6.094258748984998121e-03
6.682906699679193666e-03
1.521910733064441197e-02
-4.665342172170973065e-03
-6.949003634040175868e-03
-2.237450581047083047e-03
-6.104528573140050735e-03
-8.611410619916669978e-03
-6.814757131637448617e-03
3.080101966108915110e-03
1.666214075582711377e-03
4.690241337539769080e-03
2.369813505850405528e-03
7.627291242362526334e-03
1.076487893188504338e-02
3.070477749823622739e-03
5.144609507075064304e-04
1.622106412150739647e-03
1.153614738495534024e-02
5.314044966255341770e-03
1.808114691905275337e-02
2.398393301651957632e-02
1.368608814876935351e-02
3.237643597832887479e-03
-1.310078138519494770e-02
-1.879910280473356954e-02
-6.823010263168404615e-03
-6.118705323269838306e-03
-3.568980205795828538e-03
4.278949189995075002e-03
5.225789704883991235e-03
5.577013697536041537e-03
3.817213103843031252e-03
1.195239806716984210e-02
1.095769604515261716e-02
1.001484232525325351e-03
-9.231127617374173047e-03
-6.232086045551961904e-03
2.948511108448810883e-02
3.655937595676424234e-02
3.564800394020473107e-02
3.110997963340122671e-02
1.449888848954381665e-02
2.118332601200697846e-03
1.181369221143990615e-02
2.247780306963247099e-02
3.166992798477164667e-02
1.992785165661648678e-02
-2.367404123903465215e-03
-9.044167565193083833e-03
1.195905381840448554e-02
3.042856382199859294e-02
2.018176856621807166e-02
-5.276240299242576648e-03
-9.990948178320888801e-03
9.478788120815196533e-03
3.202641002089906541e-02
1.953709250163066305e-02
-2.739833339989084741e-03
-1.413095856129281506e-02
-2.503926893228438852e-02
-2.106505331256739236e-02
-9.893308307708691823e-03
-6.684637195000201100e-03
-1.527202055295981582e-02
-2.245810204597793389e-02
-1.842871024852575298e-02
-1.763953782463427086e-02
-1.566025052247647237e-02
-2.449429602119191501e-02
-2.800154413428643935e-02
-2.086910799621953527e-02
-2.496505730601813328e-02
-3.928670314018343351e-02
-2.511001956790863410e-02
-1.074304806783541767e-02
-1.291994462414972934e-02
4.120915032679738424e-03
6.014150127124849067e-03
-9.208697735713431212e-03
-3.042310610598618348e-02
-3.695918693342917921e-02
-3.073905461709463410e-02
-2.806943279687978618e-02
-3.786936091476645477e-02
-3.390299908150633257e-02
-1.952670952970462018e-02
-1.477263953782463612e-02
-9.463945795561945831e-03
-1.580767541232379336e-02
-2.297212571382932153e-02
-1.725616655351889725e-02
8.307375903518231838e-05
7.147211905807808636e-03
-3.196617547222555585e-04
-3.991873327742502791e-04
-4.858818204810777704e-03
3.219353593440092091e-03
3.895884083436497794e-03
-5.749763720831171411e-03
-6.811828601094206334e-03
-5.827356468724625635e-03
-3.483933016519575026e-03
-4.434567309612236392e-03
-1.864788413668251002e-04
1.739221010875497894e-02
1.736292480332255264e-02
4.508279754535895155e-03
2.833040480279009482e-03
6.661807968265378958e-03
8.930354219080709893e-03
1.943020113680231364e-02
1.649814304540553681e-02
1.752665628369474288e-02
1.289904556527295479e-02
9.944025132116663529e-03
1.640762482861440885e-02
3.138838970754629504e-02
2.704617760206594682e-02
1.804780160536719955e-02
7.380296314044966846e-03
1.251028313565752392e-02
2.017431412483527281e-02
1.112874885188291398e-02
1.068560893468045725e-02
1.677069605846412056e-02
2.379271328354831683e-02
1.272626226322165141e-02
4.208085406599843935e-04
-1.252485923086138790e-03
6.580880689003368138e-03
1.839809379284640042e-02
1.467247048174327544e-02
1.867969862758409733e-02
2.754881993530609863e-02
1.797259161641574787e-02
1.013750782050770217e-02
7.622898446547662910e-03
2.217842737909828110e-02
1.942248046537013023e-02
4.818284679791808717e-03
-9.634599257218164070e-03
-2.179758529345207640e-02
-2.524067196464465160e-02
-8.876309519055415598e-03
2.541338870918360623e-03
3.291801445629168564e-04
-3.079363177721870098e-03
-2.333100382040121171e-02
-1.872109740026357133e-02
-6.002682267747560738e-03
-9.506808833513040111e-03
-5.599929449036913573e-03
-2.552893255061699281e-03
-8.572341360169323868e-03
-1.001557445788906278e-02
-1.642879011754056970e-02
-1.247660503441023506e-02
-1.017651052274270301e-02
-2.975646606232445947e-03
-8.980671698414601292e-03
-1.386466195439479444e-02
-3.825992039721523661e-03
-7.134632535974335353e-03
-1.562597340361806739e-02
-1.976398706121960253e-02
-6.209602917881341944e-03
-6.808301052939847060e-03
3.208325013644290277e-03
1.142027075596022644e-02
-5.647112069539289396e-03
-5.642473010928744301e-03
-1.250948444550936678e-02
-1.286816287954421420e-02
-1.206295009517724393e-02
-1.048447213236958220e-02
-1.350085859190926912e-02
-1.586578012060221518e-02
-7.637607656776221007e-05
2.075296513717503344e-02
2.340594757930327882e-02
1.600794696697416600e-02
1.035521744339283623e-02
5.614612036260533366e-03
7.988099516792461496e-03
1.296706734289099217e-02
7.112535441875325951e-03
7.638073559362646044e-03
1.123996645501377980e-04
-1.356375544107663554e-02
-1.112342425089520026e-02
7.089439985091117299e-04
8.389707546290750204e-03
2.250296180929941756e-02
2.484212558071429919e-02
9.752139824021937436e-03
7.842604794803191559e-03
1.999128096588262057e-02
1.401088880901987625e-02
6.057232804866685520e-03
-2.262176696883777538e-03
-2.697808926693555983e-03
3.949003634040174071e-03
7.179558856808168632e-03
4.611024586345061071e-03
3.246316041691626238e-03
9.254555861720113047e-03
8.691213077220026964e-03
1.181335942387817459e-02
7.694714002369448455e-03
1.126871930034743091e-02
1.152230342238728597e-02
8.360621913395364924e-03
4.172470481743274784e-03
-2.014303209403245452e-03
-1.484505411125753953e-02
-7.477270609533698091e-03
1.072048507114998139e-03
-3.093666387125115075e-03
-1.245058104708278608e-02
-1.786343729616762105e-02
-3.022909095749637745e-02
-2.627470947645861241e-02
-8.955446401235307718e-03
-1.699645914034317307e-02
-1.786423598631577819e-02
-1.707539634998602590e-02
-1.810217909295422367e-02
-2.367696976957789357e-02
-2.087529784486775314e-02
-1.361247554011421439e-02
-7.516938886892164662e-03
-7.120256113307509363e-03
-1.624768712644596505e-02
-1.195080068687352955e-02
-7.378366146186920559e-04
-2.786570025158740041e-03
-3.754615763481224631e-03
2.318717303622059873e-03
1.177468950920490531e-02
4.310251188051595858e-04
-9.384276453283284594e-03
5.960378312900178324e-04
6.668463719500020669e-03
-7.566657348614939070e-03
-2.996013205010450084e-02
-1.980851403697935637e-02
3.793225776393381772e-03
1.434400915831370027e-02
5.176151112176031847e-03
-4.226182394206834045e-03
-3.577685928410739933e-03
5.730182500698854237e-03
1.275082198527748012e-02
-1.220551628662327115e-03
-1.041139198381321393e-02
5.269258416197436512e-03
1.091197103417062761e-02
1.218202148476498631e-02
6.315755494322644603e-03
4.459300081200165758e-03
1.432923339057279441e-03
-4.988112828294930315e-03
-2.995720351956125595e-03
3.014942161521771274e-03
1.332042117593812934e-02
1.164829679325905636e-02
1.582584561319436145e-02
2.158972618239421090e-02
3.084701090212052521e-02
3.082251773757704524e-02
2.883937009970315851e-02
3.193862066211413525e-02
2.403757837147078857e-02
2.304493963233630524e-02
2.724212291841380737e-02
1.789658293731613906e-02
1.591969170560281199e-02
1.158759634199912208e-02
1.595077406386859187e-02
1.213669581885707706e-02
4.839862625294517016e-03
-4.040440344501684301e-03
-1.168150899191991963e-02
-1.273990655325266813e-02
-2.378585785977663767e-04
3.285817925269225726e-03
-2.960298443885361723e-03
-1.517997151338471799e-03
-5.411977689921861935e-03
5.663505184830212869e-03
5.189635664177417009e-04
-2.383085073812281351e-02
-9.556194507674082086e-03
1.575935465836028919e-03
-1.302357467087310490e-02
-1.390905581512985427e-02
-1.159511734089426795e-02
-1.112582032133967169e-02
-1.065499247900110469e-02
-8.818005138239952759e-03
-3.772473144043768812e-03
-9.399118778536535296e-03
-1.747141354844721634e-02
-1.583729350531794949e-02
2.018822464491567149e-03
1.059635531062391028e-02
-8.311435911771362234e-03
-2.634645847476804748e-02
-2.105713296859816619e-02
-1.441063322817246438e-02
-8.221383597566658125e-03
-1.683139650972405310e-02
-2.287568387843936374e-02
-1.135504439386073559e-02
-4.994954940564141563e-03
-1.202068607483726750e-02
-1.743474035914433645e-02
-1.369307668756572678e-02
-8.699466208750982962e-03
-6.030110618585520464e-03
-8.734342345220505802e-03
-9.308933349307138908e-03
-2.135690800420643812e-03
7.199526110512093763e-03
1.150047255833766199e-02
-7.407118991520574057e-04
-1.052893255061698903e-02
-9.196517710954036501e-03
-8.550776726169083365e-04
-9.229197449516127845e-04
3.151997390945516543e-03
-6.161714787748093745e-03
-3.139025331789199562e-03
-9.387138426314178569e-04
-7.336434913408677871e-03
8.434567309612236476e-04
2.642512945436151871e-05
-3.001397707759275064e-03
-4.455772533045806050e-04
-3.011534416889634748e-04
-3.828195093380190356e-04
2.264379750542443691e-03
1.083509710741051464e-02
8.121880116608762301e-03
1.776999054883324908e-03
-9.916403764492899391e-04
5.487926467260360354e-03
8.680497317732254262e-03
4.042723267175166342e-03
-1.175545438813679032e-02
-1.305272686128083372e-02
-1.969569905355217723e-04
5.475466900949110035e-04
-1.053691945209856047e-02
-1.686201296540340566e-02
-1.631577546157635117e-02
-9.731307322657509890e-03
-4.306058064773770960e-04
4.757105014442980853e-03
8.130399478189104592e-03
1.738788387045245992e-02
1.957010502775448704e-02
2.464857633481091007e-02
3.361067848728085949e-02
3.123404283641494777e-02
2.416769830810803696e-02
1.602485257511015657e-02
4.230328927226016666e-03
2.786064188064907386e-03
5.660203932217829775e-03
4.351503534203906426e-03
6.903212065545838438e-03
7.368182846797920009e-03
2.174360715093913085e-03
5.312128109899764798e-03
1.201948803961503179e-02
1.174799994675399147e-02
6.063003341187120192e-03
5.772060487467220967e-03
5.509071788932817446e-03
3.481949602651651481e-03
1.163704857367251280e-02
7.676077898912450452e-03
4.268725956098665640e-03
7.267814118179519167e-03
1.194028459992279440e-02
1.965363470574923999e-02
1.567908629847051052e-02
6.842445056773558895e-03
3.037298829918933397e-03
7.847197263155093402e-03
1.198115091250349581e-02
9.277850991041360768e-03
4.921774955739254519e-03
-2.353100914500219805e-03
6.298044540287262884e-03
7.284586611290818324e-03
3.589526509857168205e-03
1.337160390293252413e-04
-5.955459712737777404e-03
-5.442114931512320470e-04
1.963439958468112586e-03
-2.278975813000013589e-03
3.537072534376955600e-04
1.993716970834498274e-03
-6.763108502056627705e-04
-4.311808633840502093e-03
-2.980578517897315097e-03
-3.265444670739986715e-03
-1.058111364029658231e-03
-6.392742568853746962e-03
-2.233710048853214305e-03
3.883704058677103083e-03
3.630040067622433003e-03
-8.544387204983827514e-04
-3.811821945342971831e-03
-5.568021777618040527e-03
-7.064281245424171816e-03
-7.475406999187999245e-03
-6.571249816966841760e-03
-5.408516699279848801e-03
-7.184617227746496054e-03
-1.023355031082358313e-02
-1.209083769285039349e-02
-8.218055721949337269e-03
-5.442707293372203887e-03
-5.079915605074345614e-03
-3.089446640842352307e-03
-4.307016492951560097e-03
-5.087390013710848223e-03
-7.154666347190608358e-03
-8.300653594771244259e-03
-7.386885507767261549e-03
-6.245264432996553046e-03
-5.434147997284454086e-03
-4.890965483274097546e-03
-3.389807382559270176e-03
-4.372948364681922447e-03
-4.541305592162188029e-03
-4.991793458727687358e-03
-4.693289671605233894e-03
-3.979340548167672326e-03
-4.187425954767514877e-03
-3.375410992638739564e-03
-2.578963832647791082e-03
-2.691013404682987119e-03
-2.292380495986582212e-03
-1.793046071110046416e-03
-8.700398013923831952e-04
-6.384070124995009071e-04
3.176404030722948079e-05
1.939206368222781652e-04
-6.009797265817394020e-04
-1.955419778230368998e-04
9.585479813106506002e-04
9.541951200031947942e-04
4.872535708105374462e-04
2.820873767022083787e-05
-6.393261717450050017e-04
-8.209137015294917707e-04
-5.376502535841221021e-04
-6.029351862944771047e-04
-2.896696085087124340e-04
-3.666174141075303474e-04
-5.399724451898886427e-04
-6.293026103856342755e-04
6.330704311595650635e-05
4.117507288047602006e-04
3.651897554676996585e-04
4.482368914979434154e-04
5.034556660410261343e-04
7.125980059369302518e-04
7.406852761471187764e-04
4.144396523035555791e-04
6.722508419525312362e-04
5.455632762269877834e-04
1.125274549738429042e-04
8.283814544147598312e-05
-9.253357826497877184e-07
1.586604635065160212e-04
1.766196770629500955e-04
-2.279874339416690065e-05
1.017837413308840338e-04
2.894832474741424627e-04
3.426493883364615579e-04
2.982921342331909379e-04
1.773072161654886140e-04
9.461815955166861072e-05
1.646053805092981021e-04
2.512233270769271914e-04
3.100235613593706457e-04
2.401095536653222087e-04
2.292779841060660676e-04
1.805978195758955725e-04
2.213989057944970357e-04
2.755820454454694550e-04
3.023754376156437187e-04
3.173954714268599985e-04
3.499547408916045001e-04
3.566331216804441212e-04
3.818238089533165986e-04
4.017418100981057856e-04
4.236026250282870216e-04
4.403877640669302601e-04
4.535009251494216079e-04
4.704790809738695835e-04
4.854225736458874668e-04
5.015953835709436410e-04
5.172889794071057349e-04
5.325386366359172044e-04
5.454687645594559096e-04
5.578438028300254734e-04
5.699013617667026852e-04
5.811169681721976973e-04
5.914573432903372230e-04
6.008486082824169129e-04
6.093107304021405223e-04
6.168816474315456629e-04
6.235786643238423136e-04
