-1.929078131095834925e-02
4.367351872915394700e-03
4.944035079043238370e-03
4.499227975317188731e-03
3.753468616235046754e-03
3.079636681337882993e-03
3.044387298133402909e-03
3.128073674782540919e-03
2.615210259960766646e-03
1.104198605410216995e-03
7.371901598448257244e-04
2.321513937655571985e-03
3.863502739176543320e-03
4.537114880569704037e-03
4.575716114710228800e-03
4.366225431207380187e-03
4.176955750072805507e-03
3.686953607086141966e-03
3.269043733412458491e-03
1.686873931940941276e-03
-2.872893416635070906e-04
-1.968036529680364938e-03
-2.046104434883426557e-03
-1.575762820829830187e-03
6.611663342289917375e-04
2.975372137876464585e-03
2.972734615828428930e-03
2.098346603366137500e-03
-5.564484666655675942e-04
-6.447587491551686140e-04
2.426586222244201448e-03
4.898482875338618439e-03
2.759342597629526727e-03
-3.293303441416788567e-03
-5.525196577815141667e-03
-3.825753204864029266e-03
-1.138156701778678765e-03
-6.345932995950304524e-04
3.756875415547093061e-03
6.231283209424744694e-03
6.182076938716075248e-03
3.771409260999290629e-03
2.375140805213501755e-03
-2.270128963838473606e-03
-6.222958530460630938e-03
-8.068015099813722821e-03
-2.726332360747077757e-03
6.889125166905690940e-04
1.963692860557505852e-03
1.837273131892586640e-03
-5.449038128678106163e-03
-3.321519432493172126e-03
-7.140294193605106494e-04
4.460406947672660924e-03
6.749556291863792988e-04
1.244866447972130057e-04
1.669301441295902152e-03
1.782802806763045906e-03
8.289402106720734215e-03
6.509431888740527770e-03
2.453892817697772392e-03
1.237242360802026436e-03
-5.950304688744923083e-03
-6.482836874756165574e-03
1.663328552824621092e-03
8.902983147333078356e-05
-6.092181395578852125e-03
-2.366535889531784509e-03
5.013489826308182781e-03
4.361802086939320020e-03
4.198330668337096720e-03
8.249949172752197440e-03
1.213142003088098567e-02
1.075427635736225622e-02
-3.011445746720955215e-03
-1.399499420294633006e-02
-1.196965201193478552e-02
7.031798625191631666e-03
1.241632736044485930e-02
2.945919808340064124e-03
-3.051393216073498404e-03
-4.737841298100434000e-04
3.794460104731603965e-03
-4.740753562028473568e-03
1.200866535889531621e-03
6.902395199709872309e-03
7.282308271379038522e-03
8.773469825099317748e-03
4.303034798806520782e-03
1.276527702223760607e-02
6.288456994653522300e-03
7.331542016275708132e-03
-6.576413959085438375e-03
-1.520534208111479040e-02
-1.339493046283016936e-02
-1.424261905939369806e-02
-3.896554187340992535e-03
1.767164498953233132e-02
1.417203787042073740e-02
-1.618792894076015454e-02
-7.812669996538250741e-03
-5.112891438493533851e-04
1.356848490842853076e-02
6.275379281165343812e-03
-1.184291358268906198e-02
-5.131491463769787507e-03
5.368401386897010165e-03
1.825426262026825586e-03
-5.764112116666391013e-03
-5.232898691679166783e-03
-5.074592420421014140e-03
-2.917429075383676761e-03
1.015434998818609720e-02
2.162710383594612651e-03
3.023589337817120248e-02
2.692168207968612809e-02
-1.851235514234376642e-02
-3.390946705570116460e-02
-1.047324288830643428e-02
6.002835336201637478e-03
2.118042848743605100e-02
1.087277253020786996e-02
-6.301424811389698399e-03
-1.672205462967541953e-02
-1.306611938084169776e-02
-1.616086686557978436e-02
-1.526691173642362627e-02
-5.392303930457334644e-03
9.113490375791941100e-03
1.412230959014006224e-03
-2.254883536917066250e-02
-1.032238212199638322e-02
1.118938507272417525e-02
3.044524669073405201e-02
3.321546906681172723e-02
2.185077120045716970e-02
-1.529510025331201270e-02
-4.144371363104362715e-02
-1.824986675018819629e-02
3.226870854831884877e-02
3.294374934748802580e-02
2.100522559055766764e-02
1.949150772848908322e-02
-1.055780843897158490e-02
-2.744130139733719914e-02
-5.506624026726888999e-02
-5.274741880003736005e-02
-1.682826984048486040e-03
3.662611476517810966e-03
-3.511201226447751862e-03
2.797119606130040251e-02
-3.143898807070756585e-03
-3.030293039689211515e-02
-2.133065734742209396e-02
9.755534675172672712e-03
2.894927715411370686e-02
4.405650890987916624e-02
-1.150308535131243891e-02
-3.733494881558774986e-02
-2.750990444477412894e-02
-1.832325030633719445e-02
1.685096351977316900e-02
4.604591486298621750e-02
4.973267615075635528e-02
1.663174697371818875e-02
-5.608828006088278917e-03
-2.552121282055508367e-02
-2.048588101478660689e-02
2.053643352070729303e-02
-2.718917077405776615e-03
-7.323107440559593721e-03
1.167158454631873031e-02
-7.413277725576819348e-03
-2.724378945980251293e-02
-3.464110468215111233e-02
5.763617581282384598e-03
3.127771458714537212e-02
1.346776453521916078e-02
-2.455348949661792166e-02
-3.925896620125391562e-02
-4.449032633840505763e-02
-4.785151849837077087e-02
-1.812540867854650281e-02
6.501272054904415863e-03
2.822258488150381980e-02
3.973372016990037170e-02
1.154720889724103992e-02
-7.815664683030291993e-03
8.079416887833878319e-03
3.715636659358532295e-02
4.546978114061837883e-02
-8.919824824577309019e-03
-4.223332179417436938e-02
-1.040964014308557069e-02
-3.693080351010225287e-03
-2.739478759705256394e-02
5.875327629691903288e-03
4.804383781437338713e-02
1.228780310897911211e-02
-3.585876069432767516e-02
-7.049464528075871650e-02
-3.376220540801915665e-02
-5.620229794108434415e-03
7.030837028611619001e-03
1.492469325069097422e-02
6.249113957436986180e-03
-2.111836429674320698e-02
2.222326624136623449e-02
7.245904972278544021e-02
3.666100698393857937e-02
-2.620257268296434863e-02
-3.953837869321771836e-02
1.584224870733945065e-02
-3.640000219793503716e-03
-4.767403524388836439e-02
-2.085763425261966120e-02
1.007750468434905240e-02
-5.222788190495029383e-03
-2.234975740291995222e-02
-4.400046156635840054e-03
-4.275725455934149127e-02
-4.718444521372170547e-02
5.715208062025725969e-03
-2.302988092686920202e-02
-8.135162015286637183e-02
-5.881042260795981552e-02
-1.903845836836292119e-02
-5.015742709724213544e-03
-2.489776854645060419e-03
3.293083647912785350e-02
6.046354449994229691e-02
6.832583288000922128e-02
2.889075713367290910e-02
-2.745720895218941443e-02
4.271027369786085590e-03
7.256812224914692411e-02
7.540593112770550832e-02
2.039994175472143595e-02
-4.092857260603662006e-02
-4.301743511970502337e-02
-5.737379731742027478e-02
-6.950255235206523330e-02
-5.350405793756764922e-02
-1.756872668128293263e-02
2.315873486859095637e-02
-1.951043744402133906e-02
-4.620196825082834718e-02
-2.826104874470434375e-02
-2.653487298682886963e-02
1.781184577089823737e-02
6.878410233585545430e-02
2.918967629911697892e-02
-1.729178686623916716e-02
1.161636142843798167e-02
4.969531125507584829e-02
-7.570952090510963892e-03
-1.380072421959568744e-02
4.902851271230678626e-02
7.217798877954161030e-02
5.719494035353784450e-02
3.152113589282868472e-02
-3.951694882657742769e-02
-8.572825830132589642e-02
-5.049645857716674596e-02
-1.398513096945419587e-02
-5.590969783888036400e-03
3.560572342284423070e-02
1.260537724807543059e-01
1.145808263136782884e-01
2.103305694300204934e-02
-8.583018753880727880e-02
-1.027158234838369127e-01
-4.003208985158442784e-02
-5.218996752550977142e-02
-6.837556116028989210e-03
-2.193242448719427695e-02
-3.435812054574726576e-02
4.793064415981185267e-02
3.245690673612140753e-02
7.500535746666006642e-02
1.416189989504859914e-01
1.781187324508623770e-01
2.647561116331206277e-01
2.973201677024435163e-01
2.737747885861233077e-01
2.067424404771716628e-01
1.178057465011621424e-01
5.320651248152360319e-02
-5.885932666260048490e-02
-2.048763936281862708e-01
-3.102989741138200142e-01
-3.727862673018698669e-01
-3.762809840155173502e-01
-3.449466726010912421e-01
-2.937979768007956127e-01
-1.981166444125743442e-01
-8.143239426558745997e-02
3.175411700707184842e-02
1.104877217853826032e-01
1.290160394309546044e-01
1.760752023473945993e-01
2.243198764760507002e-01
3.287423965184708141e-01
4.072471413107385252e-01
4.497222359593161523e-01
4.197204226629080992e-01
2.614284379825153604e-01
-6.511519927028555643e-02
-4.143519663276351572e-01
-4.962250465687486067e-01
-5.018847292968255935e-01
-4.347350664051123914e-01
-3.260636631884343828e-01
-2.383067108451609184e-01
-2.062468061256449436e-01
-2.102610597343795018e-01
-1.883833638296819879e-01
-9.998955980855984971e-02
4.121265570996048878e-03
1.357609525850463350e-01
3.914412409541235260e-01
5.638362758188680823e-01
5.535059811307275757e-01
4.061756479787239082e-01
2.475113880509260955e-01
1.358169999285671059e-01
-9.682783025347685424e-02
-2.260971816977948856e-01
-2.403848584255091902e-01
-2.487842671809833983e-01
-2.433800944013099210e-01
-5.248421607899378394e-02
2.082161559215116864e-01
1.929281440087037836e-01
3.629944666985366469e-02
-2.980647181972536502e-02
-1.403593074306688782e-01
-3.189643330091379014e-01
-4.517965371533443908e-01
-4.554121402941935237e-01
-3.056008879657561295e-01
-8.380066927121967990e-02
8.345751666309500494e-02
1.232277775030358874e-01
1.551145948381495443e-01
3.647747940809608624e-01
6.119820428707228865e-01
7.015314112391407564e-01
6.907972459873947813e-01
5.683475374885293974e-01
3.147992461082812499e-01
-9.745479122364536506e-02
-4.005214600882470166e-01
-5.196715186082674354e-01
-4.996181087867947457e-01
-2.230522174417134684e-01
1.961132266235871002e-01
5.215919643494935087e-01
6.114353065295153877e-01
5.285374390759880470e-01
4.065053382347284527e-01
2.420547395721719119e-01
-3.142140459038732236e-02
-4.387270659215666280e-01
-7.653814241520090489e-01
-8.350724494337568027e-01
-7.135403788141041481e-01
-5.143799899993954927e-01
-2.968531065064371477e-01
-1.132172823632197206e-02
3.370231167817834828e-01
5.398952683953425202e-01
4.740835984592474128e-01
2.215548741956930856e-01
5.329882575320485372e-02
-3.504497524575660855e-02
-1.085744193330365898e-01
-1.387767942018473533e-01
-1.117430174351196903e-01
4.017660408046639514e-02
1.837050590969783459e-01
1.320142975674353791e-01
-5.955359939336991870e-02
-2.361510860546515989e-01
-3.808581837363795852e-01
-4.183000071432887990e-01
-1.744465324827324526e-01
4.881806043222391284e-02
1.207004269488815146e-01
1.876833215194324556e-01
3.266571056492424963e-01
4.274928704482138242e-01
3.354845622537625527e-01
2.041818461555368336e-01
1.914346471490034896e-01
4.963321959019500323e-02
-1.954409332432179569e-01
-3.219809988515789367e-01
-3.989636736286258922e-01
-4.814878921253481492e-01
-4.794300754441201406e-01
-4.232426135645560028e-01
-3.270170175120473699e-01
-2.228283028095104368e-01
-2.033790503821659157e-01
-2.272208759870101569e-01
-1.644626873052766614e-01
5.061404810180834130e-02
1.384300699492826414e-01
-7.395804142008581550e-02
-3.160685535938985158e-01
-4.283747918830258516e-01
-4.669320673227501661e-01
-4.888592167658484255e-01
-4.745808812620542216e-01
-4.149536510448433302e-01
-2.824181681310408143e-01
-1.695052997708652517e-02
2.589076812334811240e-01
4.269845979702069361e-01
5.197566885910686052e-01
5.071213095296968065e-01
2.933034414167888793e-01
-1.105599788998235938e-01
-3.635357082021440367e-01
-3.286462368604695650e-01
-7.857397974602860213e-02
9.582172548890315056e-02
1.270631741478880361e-01
7.760771255405544966e-02
1.286885471099901423e-01
2.787064053321903767e-01
4.012824950958573389e-01
4.995906345987943808e-01
5.448323799790096844e-01
3.184368285995306525e-01
-3.102632576694195135e-02
-2.846353351026709722e-01
-4.341965723203050631e-01
-4.257290275785898803e-01
-2.488749320013846633e-01
4.269873453890069698e-02
3.216787827835747571e-01
5.645506047068777900e-01
6.510942969080547593e-01
6.829176488688876168e-01
6.811593008368637125e-01
6.396980037254997864e-01
5.276994763419765588e-01
3.327124166845248365e-01
1.325951019017632682e-01
2.443243822428827969e-02
-4.077004654127446698e-02
-9.678222310139621143e-02
-1.264472028529196601e-01
-1.467506277851957780e-02
1.972528559418426086e-01
2.779124012989795389e-01
2.266164438510019363e-01
2.232156888603157030e-01
2.827780799938457434e-01
3.450318425838924119e-01
3.300446730296885400e-01
1.931858518921472923e-01
7.941304144756000660e-02
-3.490183472627465811e-02
-1.420286390935715792e-01
-2.397447098451004899e-01
-3.756188560847083524e-01
-4.086428300611574804e-01
-3.511173752259751368e-01
-3.982493447406161291e-01
-4.512635379061371577e-01
-3.235442801488001563e-01
-3.705388787234392689e-02
2.558910153910400886e-01
4.166075971624657592e-01
4.820895768425563221e-01
5.046733593788634842e-01
5.078219013237063040e-01
4.307100978630575838e-01
1.973773140134842952e-01
-1.184648522712911101e-01
-4.507113067273296192e-01
-5.676991466517206097e-01
-5.555335762051551995e-01
-5.081515915797107930e-01
-4.928182472567022576e-01
-3.685442526746121605e-01
-1.493296298127908539e-01
1.494112281511519591e-01
4.247866629301770280e-01
4.674430872195571851e-01
7.212606256422089690e-02
-2.997049272208759385e-01
-5.095307958173296292e-01
-6.208369736632433078e-01
-6.927286814038209339e-01
-8.086752496029978587e-01
-7.614855842935561725e-01
-4.125936182956111975e-01
7.840968410178636439e-02
5.224464115963052269e-01
6.330382605542091978e-01
2.364744572474160034e-01
-2.239651847089658976e-01
-4.569039887026138391e-01
-4.876778266818323493e-01
-3.737231371126826240e-01
-1.460184406749858166e-01
1.686656885855738197e-01
4.192286346977014411e-01
5.595008489524091466e-01
5.442883910566023165e-01
4.416091082428058034e-01
2.984218826412584624e-01
1.656819917687332444e-01
1.277860200341778552e-01
1.381182379154783924e-01
-9.858370560858071771e-03
-2.837506662490589804e-01
-5.005357466660071974e-01
-5.502283105022830467e-01
-4.741467890916483685e-01
-3.569254185692541381e-01
-5.509728609970931945e-02
4.225227898389462555e-01
8.526476874975957854e-01
9.999999999999998890e-01
8.592799564808860646e-01
4.870349306826236568e-01
-1.864755562149360557e-01
-6.702053420811147078e-01
-9.001285791998415720e-01
-7.717636780244959693e-01
-3.329267153509277155e-01
7.184335316969706065e-02
3.894163932984960330e-01
5.609789602668292519e-01
6.700404969531125188e-01
7.305881124683358818e-01
6.081713729950710690e-01
2.589532883855616974e-01
-2.589870816368021744e-01
-7.061141057976031421e-01
-8.962794454609893657e-01
-7.982185736500556628e-01
-5.190973080790596272e-01
-2.993120463324706049e-01
-1.617323025017995408e-01
-9.825071845001619175e-02
-3.265664408288412868e-02
7.302556747935314008e-02
1.528287423965184466e-01
1.326687327256042825e-01
5.006813598624091505e-02
8.874547362752692459e-03
-6.866788652061388276e-02
-2.230654050519536580e-01
-2.760111874893537154e-01
-2.110943518564308563e-01
-1.220378704207396997e-01
-6.638258356274279182e-02
-3.821522179911971979e-03
7.167521113913477571e-02
2.087598701020390857e-01
3.131892586914593046e-01
3.129474858370560053e-01
6.723867926083443303e-02
-2.170741088747121794e-01
-3.526449400787959321e-01
-3.156756727054931266e-01
-2.125919698443312078e-01
-1.115528960541571080e-01
-6.200264851172322678e-02
2.242415750402496424e-02
1.662916440004615359e-01
2.923445922555758525e-01
3.616729582557187128e-01
4.248223793745775634e-01
4.128326437312144770e-01
6.673837429734762183e-02
-1.290094456258345235e-01
-1.197399293363884537e-01
6.295517860969618296e-02
2.606300380792245242e-01
3.530570528988015711e-01
3.727642879514695418e-01
3.064141239305672171e-01
1.773530268312919767e-01
1.414384935353235444e-02
-6.824945463736818707e-02
-7.828220386946463383e-02
-8.521119408315885879e-02
-3.604311249581017979e-02
1.093741929457274775e-01
2.500208803828802284e-01
3.194561209743445596e-01
3.165603415591051739e-01
2.875833154751111231e-01
2.388474028650083014e-01
1.775288616344943560e-01
1.424701492947375581e-01
1.186143118540131519e-01
2.053527960481127748e-02
-7.407837836352745842e-02
-1.243402073751710135e-01
-8.254042826764254603e-02
9.174125908708766208e-02
2.490831863464274820e-01
3.244701602844127231e-01
3.465017116419124021e-01
2.730813400809938840e-01
9.749902466632597020e-02
-9.841886048057849057e-02
-2.354076345273615201e-01
-2.684610058849710712e-01
-2.455054975850188281e-01
-1.879863618130765690e-01
-6.047947952898251323e-03
1.764136843435591961e-01
2.219697344344987722e-01
1.791440691470363167e-01
1.296342086609630073e-01
7.126749418920921841e-02
3.132194802982597032e-02
6.624356417146090581e-02
1.081557127079108976e-01
1.167559577776678681e-01
9.035765897938885516e-02
3.574831445856617440e-02
-4.075521047975426414e-02
-1.495672815389940957e-01
-2.581678013506310543e-01
-3.098731241998142205e-01
-3.027875311145178938e-01
-2.432300853348278724e-01
-1.377520069894334065e-01
-8.041639879333364882e-02
-6.473083538016033422e-02
-8.990158745858264910e-02
-1.245418679150937652e-01
-8.330283698465290598e-02
3.864052222936550495e-03
6.815933930072695657e-02
1.029699597228403707e-01
1.078444301578666831e-01
6.777085428240167686e-02
-1.119779217425228950e-02
-4.944776882119248512e-02
-2.775222678293742459e-02
6.350878349790371052e-03
1.782107709806636520e-02
2.044967003500211197e-02
2.549981042810279402e-02
5.839583711103417396e-02
1.000461566358406135e-01
1.060385517806021055e-01
5.039425459780535327e-02
-5.073548401276999770e-02
-1.214914088214122667e-01
-1.458802455093439476e-01
-1.117479627889597649e-01
-7.013555764359383216e-02
-7.319700641247546546e-02
-7.421794723856935116e-02
-7.650599761524047582e-02
-1.140920605091516327e-01
-1.537408854381308587e-01
-1.839800757188621017e-01
-1.928578100874228096e-01
-1.627230217210930141e-01
-1.040557396326151351e-01
-4.848727120869941731e-02
-1.317733489386721003e-02
-1.729414964640720032e-02
-3.726296644302676958e-02
-5.825626823599228121e-02
-6.358790915934478538e-02
-2.487941578886635960e-02
1.689994999697783801e-02
1.857271593338058469e-02
-1.700157701839121859e-03
-3.529938622664006986e-02
-2.714952552077322737e-02
2.298963124144865616e-02
4.565715510278092748e-02
1.906464126952727572e-02
-6.428575353455427688e-02
-1.133087714092609749e-01
-1.451947645187346148e-01
-1.781387886081026439e-01
-1.980564759408535436e-01
-2.035705454725285357e-01
-2.094659567336487060e-01
-2.053698300446729907e-01
-1.619457769425624583e-01
-2.872343932875063774e-02
7.958420563880233556e-02
1.067677167301320368e-01
2.022614004143107394e-02
-1.248946364890185373e-01
-2.064391254416475530e-01
-2.336904977773381631e-01
-2.244322459049722385e-01
-2.002969959722840088e-01
-1.646431927204391188e-01
-1.046011022644225685e-01
-6.029567721126000840e-02
-5.129568270609761310e-02
-4.879525685618360531e-02
-2.472893966118831083e-02
2.370011374313831659e-02
8.283000620916647350e-02
1.270411947974877387e-01
1.481221392501744505e-01
1.357928226431267538e-01
7.910340734879578450e-02
3.120628169834439858e-02
3.337262142217386346e-02
5.538631455747324711e-02
6.578914110193471998e-02
8.055898982905558559e-02
9.241767359565687678e-02
8.414849249130440523e-02
5.140805213501913745e-02
-1.564006615784470020e-02
-8.025677376105147531e-02
-1.128518756628147657e-01
-1.080579045986295866e-01
-1.005283286352471744e-01
-1.130606794916176189e-01
-1.092030287544851347e-01
-8.071696641005773887e-02
-3.841990449972250421e-02
2.374599563709894195e-02
8.552302611696309398e-02
1.010206660842138671e-01
6.885718367593644806e-02
2.735066405112396640e-02
1.288289402106720591e-02
-2.140868404134315534e-02
-9.799960437169277783e-02
-1.500574210529207753e-01
-1.286140920605091387e-01
-3.563264812708459572e-02
5.852661424591595191e-02
1.005983878146481242e-01
1.044906560286610470e-01
9.402463885179872249e-02
6.754419223139859763e-02
2.713977218403309730e-02
9.497964162669170901e-03
1.188360285511761566e-02
3.521146882503887326e-02
8.073482463225797878e-02
1.154034035024094768e-01
1.096184384770508002e-01
8.024798202089135357e-02
5.926484567748599441e-02
2.136840688173460498e-02
-3.568787124496534957e-02
-7.612026001571522982e-02
-9.304133766326534716e-02
-9.233415206413574106e-02
-9.301248976586495854e-02
-1.116658149668386252e-01
-1.198297699311496600e-01
-1.071718620356175156e-01
-6.262905999813174474e-02
1.514989916973003611e-03
5.466127073614338722e-02
8.039881531301340534e-02
8.655633032765715218e-02
9.425597151476186597e-02
1.171708180164735130e-01
1.440339800757188260e-01
1.716897724587749530e-01
1.707740577727225040e-01
1.321296891570369336e-01
7.153179587777282189e-02
4.268142580046045687e-02
5.370571847749039396e-02
6.121468879987251172e-02
7.079411392996279306e-02
7.683239096868491047e-02
6.870167977185433206e-02
3.440510140722790461e-02
-1.754776387583864908e-02
-6.975394117226864366e-02
-8.382841820110005504e-02
-5.474094588134446882e-02
-2.362291127485726880e-02
-2.141931655209929758e-02
-2.282033529499035568e-02
1.327278022298050870e-02
7.429569919061040917e-02
1.200520361120726853e-01
1.346520943573512596e-01
1.320722681041161528e-01
1.232992103918368471e-01
9.636214276687050939e-02
7.671617515344332505e-02
6.276505722873360060e-02
4.187588260828950526e-02
1.751795438185824172e-02
-4.585359554698360818e-03
-3.823610218200000632e-02
-7.179609756633642537e-02
-8.862541142596529198e-02
-9.281577457978228141e-02
-1.033820725428459680e-01
-1.316390001593502612e-01
-1.558107907620789878e-01
-1.645912665051184054e-01
-1.472847259999230385e-01
-8.092384704570056153e-02
-1.676744198825203327e-02
3.004027715960854231e-03
9.477743160300896100e-03
3.919028073125298273e-02
4.179291056052837627e-02
-7.418882459928896091e-03
-7.213540378814102538e-02
-1.153979086648093955e-01
-1.271365302298490541e-01
-1.165298452104247956e-01
-9.749270560308588573e-02
-8.088703163378005434e-02
-5.239822187055261093e-02
-1.397334454280203635e-02
2.738481446680843256e-02
6.147844100467609457e-02
9.381501079735586612e-02
9.453620823236567883e-02
4.953101561083361748e-02
-8.283330311172652088e-03
-2.741583282506085059e-02
-1.489677947568259463e-02
2.164834138327041343e-02
6.849315068493150305e-02
1.043238877074987997e-01
1.197555896235486528e-01
1.150286555780843656e-01
8.549445296144271567e-02
3.933671815329497362e-02
2.510442938858941514e-02
5.415547093505650861e-02
9.355235756007229675e-02
1.269813010676469345e-01
1.507470231717301379e-01
1.717697223458560518e-01
1.819046755573138774e-01
1.657094659567336370e-01
1.445928050596464454e-01
9.105907499903838354e-02
9.728802290248309698e-03
-6.835468077740962378e-02
-1.276434289984559323e-01
-1.434086675568303215e-01
-9.918264290698887431e-02
-4.875789196050309832e-02
-6.985229876530997875e-03
3.817428525899916464e-02
7.572380748286983154e-02
1.091046711614438169e-01
1.254746165977064509e-01
1.235137838001197641e-01
1.202372121391952209e-01
1.035194434828478477e-01
5.994510657237524243e-02
6.318046695129924881e-03
-3.605437691289033186e-02
-4.717345553852155676e-02
-5.520306172351075596e-02
-6.943496584958430695e-02
-7.165268230497445767e-02
-5.857194665611656359e-02
-4.874305589898290242e-02
-5.020303424932275049e-02
-5.741830550198088329e-02
-7.454598904329381992e-02
-8.729456175922718775e-02
-7.271373544554889101e-02
-2.195327739588655985e-02
3.382402233101999833e-02
5.257543038315501405e-02
3.061174027001631673e-02
2.517058723329431563e-02
4.235530718889602558e-02
6.384781497782832105e-02
6.198011967756292262e-02
2.199341718455510505e-02
-5.089895543137221492e-05
1.978512437564907203e-02
6.152075125419667612e-02
8.178131645319221266e-02
7.230904065630339161e-02
4.369906972399430212e-02
6.816868052464708158e-03
-1.267598591123639089e-02
-1.616427366489183240e-02
-2.177101363269208154e-02
-3.825643308112028351e-02
-4.606954266466654208e-02
-3.097934490546131597e-02
1.384819961646033444e-02
6.834314161844945446e-02
1.107742775662265144e-01
1.187841023358554432e-01
8.156399562610924803e-02
4.139618328580298157e-02
4.293281462066388110e-02
6.614410761089954682e-02
8.167169444307072201e-02
8.001472616476819344e-02
7.518531339806250324e-02
8.122908527438470194e-02
8.976229332542075279e-02
6.647599580194406277e-02
-4.800894559561291394e-03
-7.971882916000416763e-02
-1.143560874558352397e-01
-9.837819868233792231e-02
-4.972003802427617941e-02
-6.177076636500007309e-03
1.426220815543796476e-02
2.287652000945111785e-02
3.038590244465324414e-02
5.086571166389176196e-02
6.813131562896657112e-02
7.155734687261317006e-02
4.221573831385412590e-02
-1.283621537565457146e-02
-5.042749836528580276e-02
-7.178153624669622590e-02
-8.306188835588963759e-02
-8.781107649363421863e-02
-6.985806834479005301e-02
-3.814378891031874885e-02
-8.252421849672232981e-03
1.488177856903439081e-02
2.147811131442009872e-02
1.435031787635516164e-02
4.314683854518678620e-03
9.595222788190492513e-03
1.892466028166537098e-02
3.178845974207231834e-02
3.822154086235980686e-02
1.338575408403804359e-02
-2.893856222079356152e-02
-5.831094187011302138e-02
-7.331294748583705445e-02
-7.252910890218637607e-02
-5.972393935897223755e-02
-5.135008159833835684e-02
-4.245558797509738774e-02
-3.396331646418189465e-02
-3.135958766738648068e-02
-3.466555670947144702e-02
-4.648385341971217333e-02
-5.998659259625580692e-02
-6.543582304424991336e-02
-5.332657468308522886e-02
-3.327041744281247077e-02
-2.499200501129188873e-02
-1.838979278967409897e-02
-6.543032820664983727e-03
-5.250344801059404244e-04
3.413338168790420579e-03
-8.153652143810887626e-03
-3.958755748973838418e-02
-6.663699454362624619e-02
-7.968421168312368741e-02
-9.287209666518303486e-02
-1.059459637670408516e-01
-1.136255487969052846e-01
-1.116056464951178107e-01
-1.068375011676529623e-01
-1.031974459994834670e-01
-1.041911873794569843e-01
-1.042543780118578567e-01
-9.642478391551137507e-02
-5.876728813279922387e-02
-7.026166416651555627e-03
2.586840413431580610e-02
2.622548615575666375e-02
1.737717664254432789e-02
1.327863222502458605e-02
1.421569435515333303e-02
2.597434460324524880e-02
3.640027693981503359e-02
2.933254207671891906e-02
1.106805905851452297e-02
7.416629576512865328e-03
1.796314612421629625e-02
3.694206792718240928e-02
6.650923956942451920e-02
9.311139684266629690e-02
9.621900224738856588e-02
6.939787569578380333e-02
2.760743781217545739e-02
-1.944166955145640308e-03
-1.242772914846501653e-02
-3.042436630785376982e-03
1.330272708790091428e-02
1.465234162504326990e-02
-2.239291935226854317e-03
-2.584304545879146167e-02
-4.504640390353262941e-02
-4.902933693794678943e-02
-3.816988938891910377e-02
-1.267637054986839665e-02
2.320450686579958108e-02
5.448241377226095694e-02
6.744253773579721167e-02
5.360955881948908236e-02
1.155025853210908150e-02
-3.035595557973283856e-02
-6.095423349762896931e-02
-6.196885526048277054e-02
-4.449939282044518968e-02
-2.509140662347724218e-02
-1.537483034688909463e-02
-1.140849172202715485e-02
-1.520514976179878665e-02
-1.205715730071597533e-02
4.799768117853276013e-03
2.839237536334613191e-02
3.639258416717493227e-02
3.583540763452736089e-02
4.404606871843901733e-02
6.209990713724455186e-02
7.720576518360998397e-02
7.279450955826999303e-02
6.046326975806229354e-02
5.237102242443223560e-02
7.212249091978086002e-02
9.560467940370021012e-02
1.038859491507728300e-01
9.260477281593941512e-02
7.474050629433645621e-02
5.734082829181982172e-02
3.596261312496908807e-02
7.614251410799553060e-03
-2.249341993197390491e-02
-3.819379193247943172e-02
-4.464500601684716352e-02
-5.049563435152673585e-02
-5.317986251916324153e-02
-4.194017220821038422e-02
-3.492820994675501639e-02
-3.310035221909015529e-02
-4.860238805642098231e-02
-6.978114061838901205e-02
-8.173818197803163488e-02
-8.499634593299594532e-02
-7.904488732835500409e-02
-7.863387347586940634e-02
-7.343081175235864622e-02
-5.875877113451911243e-02
-3.472792311623229544e-02
-7.199391171993910730e-03
1.228780310897911211e-02
2.249572776376593600e-02
1.858744209814878687e-02
-2.307851023962986413e-04
-2.019352818027462734e-02
-2.838166043002598657e-02
-2.832368989334519555e-02
-3.773909412107324945e-02
-4.930929891367060586e-02
-4.825978493205632797e-02
-3.552165240756308823e-02
-4.280560913022215218e-03
3.287011852364703224e-02
6.122842589387270107e-02
7.042101445691771600e-02
5.976487589909279530e-02
3.941666804037605859e-02
2.070905384391363846e-02
9.241025556489677190e-03
4.616432861326782641e-03
1.232656918824763829e-03
-9.523130518877513315e-03
-2.229675969426722984e-02
-2.258471665869914852e-02
7.605047557819427347e-04
2.450947584744132823e-02
3.139969998186702832e-02
2.076529350675040617e-02
1.539326552703734578e-02
1.408903834847160912e-02
5.669326168065102339e-03
-7.837369291550587772e-03
-1.323876717823604596e-02
-1.384045189544422889e-03
2.560511899070822689e-02
5.089126265873211014e-02
5.329497936688480653e-02
2.981004346416541578e-02
1.520424311359477518e-03
-5.642731154080740143e-03
-4.886311810054453156e-03
4.884718307150431524e-03
2.095821725488902776e-02
4.117721400744000365e-02
5.605173939084229229e-02
5.914615718532437866e-02
4.353889520795212187e-02
2.642275082559934762e-02
1.284165526487864376e-02
2.374236904428289260e-03
-1.836462643346575743e-03
-5.561544928539635668e-03
-9.162421904620608043e-03
-1.339619427547818556e-02
-1.841383270417442514e-02
-1.311658946419838254e-02
-1.120864447851243565e-03
1.484729846309392311e-03
-1.231920610586353937e-02
-2.528455016511986508e-02
-2.596162405420107330e-02
-1.651783899026864136e-02
-9.863123595382137371e-03
-1.792605597041579219e-03
8.201072592299534295e-03
1.074694074916615616e-02
1.130277104660171519e-02
9.383012160075608621e-03
1.232950892636367965e-02
1.332511855112121849e-02
1.160320129238580182e-03
-7.527020863898366623e-03
-2.461242162987872534e-03
5.778014055794579613e-03
1.224714131073855947e-02
1.665493518839050724e-02
1.202539713938754334e-02
-8.378555846781947716e-03
-4.056399013127166830e-02
-7.343493288055870372e-02
-9.454664842380583467e-02
-1.039988680634543611e-01
-1.031773898422432001e-01
-9.655528630851313576e-02
-8.972410420410023568e-02
-8.320997422921164177e-02
-8.444219156102840407e-02
-8.559061261944402033e-02
-8.603541972317008124e-02
-7.390034562528503825e-02
-6.150783838583650381e-02
-3.732890449422766876e-02
-2.952156449016148966e-03
1.543722422783794408e-02
1.502156723758029180e-02
-4.646901735819197396e-03
-1.290336229112748305e-02
-8.621372720329248049e-03
-4.083461088307534063e-03
-4.578408585134265650e-03
-3.993675441922313329e-03
8.012819456120973474e-03
2.515761941655813780e-02
2.846820412222715938e-02
1.589541126112017574e-02
4.324656984762815203e-03
-1.289099890652731402e-03
-7.735000467061195831e-03
-1.776926077949765939e-02
-2.706270708669204772e-02
-3.212721648011692549e-02
-3.608817016413079504e-02
-3.494771662023528347e-02
-2.477995922830500408e-02
-1.329698498260883759e-02
6.512344152668566796e-03
2.386627763216457587e-02
3.359928347317694269e-02
4.010050057970535736e-02
4.294352955398401950e-02
4.174400650588771383e-02
2.947320991928083223e-02
2.005187126694470134e-02
1.376259004665116893e-02
7.799619757238074151e-03
3.456142953695002899e-03
1.312974960025056152e-04
-2.737283572084026496e-03
-8.341163476913437957e-03
-1.022732143151509031e-02
-1.012074905626164124e-02
-1.943699893949634230e-02
-3.905648143569116076e-02
-4.265175367742005813e-02
-2.972542296512425963e-02
-9.540659050821751266e-03
-2.790910439641955940e-04
-5.201990230178746809e-03
-1.960308040595859849e-02
-3.081889564753913582e-02
-3.939001807801569693e-02
-4.470242706976794433e-02
-4.270780102094082209e-02
-3.334899362049353888e-02
-2.374816609795097136e-02
-2.024152558671128352e-02
-2.048085323838253619e-02
-1.264535219161597515e-02
8.525872442839950785e-03
3.419162696646500105e-02
5.701938029221545468e-02
7.468006308073563138e-02
8.604723362401023312e-02
8.752809235723037207e-02
8.366467204061782403e-02
8.058618927517595398e-02
8.215359170059727267e-02
8.436059322266729887e-02
7.973943480100444126e-02
6.691915445439008958e-02
5.435053766985915857e-02
4.803119968789321820e-02
4.865706169054172942e-02
4.561676804642038341e-02
4.496398133953150023e-02
4.175334772980784231e-02
3.715389391666529262e-02
2.577521168861853992e-02
7.655847331432118208e-03
-1.157303463396139147e-02
-2.041848683162168776e-02
-2.569048129282538659e-02
-2.450266224881723215e-02
-1.693583128650632749e-02
2.220562781266999101e-04
1.802652907593315854e-02
2.791899510409969268e-02
2.706498744429608125e-02
3.271818626400496005e-02
4.601239635362575769e-02
6.246503909576951730e-02
7.500233530598002241e-02
7.421519981976931746e-02
5.913626647764424343e-02
4.083213820615531203e-02
2.239789218029660661e-02
1.275901290737352020e-02
9.467550236552756474e-03
5.840050772299424341e-03
5.379720752353163438e-03
1.000258257367203467e-02
2.109393974361087332e-02
2.687972899460955994e-02
3.214919583051722290e-02
4.047469902027044791e-02
4.852188868557989060e-02
5.231579930655148869e-02
5.533933369599260133e-02
5.567177137079713095e-02
4.986894812323820758e-02
3.619064888537218416e-02
2.311392446796234693e-02
3.324459170609212182e-03
-1.904340372220298880e-02
-3.236706614136018734e-02
-3.624422355197291779e-02
-2.935397194335920973e-02
-1.885254053816439249e-02
-7.851683343498781428e-03
-1.601956711669386265e-03
8.533839957360058945e-03
2.281393380918626812e-02
2.696902010561077340e-02
1.334347130870547002e-02
4.645280758727175275e-04
-1.021396897614690845e-02
-1.792138535845572839e-02
-2.535982944024088928e-02
-3.610355570941100462e-02
-4.261548774925956462e-02
-4.158438147360554032e-02
-3.908862623565159677e-02
-3.253905455824252640e-02
-2.649899169730038362e-02
-1.967127134057552670e-02
-9.973597305331639157e-03
-2.733022325525168335e-03
-4.421476023276131595e-03
-1.243786712383715236e-02
-1.645893433119583957e-02
-1.379204237618756983e-02
-6.750160723999801791e-03
-1.796012396353625527e-03
-1.347259999230722644e-03
-2.508599420844116312e-03
5.556654523075569549e-05
8.014248113896992390e-03
1.483905620669380941e-02
1.278560792135788327e-02
1.707888938342427138e-02
3.722944793366631672e-02
5.362631807416930879e-02
5.991543444933484369e-02
5.256334174043485186e-02
4.321195237074768047e-02
3.142964684678743736e-02
6.949211216062508439e-03
-1.030727131859617875e-02
-1.961379533927874383e-02
-2.187255823154146336e-02
-2.072474160526185244e-02
-1.372717581831868656e-02
-6.138475402359482545e-03
7.601256119875375930e-03
2.458247476495831890e-02
3.911005610229188745e-02
4.344960409695090842e-02
3.241706916352087020e-02
1.801435801064899325e-02
7.171394974421529782e-03
-6.194385374940243084e-03
-1.601583062712581482e-02
-1.773766546329723012e-02
-2.046637434130633981e-02
-2.582579166872722709e-02
-3.268466775464450719e-02
-3.802372670875711624e-02
-4.045739028183021474e-02
-4.040738725966953881e-02
-3.076339778777837514e-02
-1.271615317409293885e-02
2.727604415651495220e-03
1.240014506371264064e-02
9.834825181741752020e-03
8.193187500343425758e-03
9.119754490656028709e-03
1.231805218996752209e-02
1.641986603585930682e-02
2.447853991175290289e-02
3.319184126513140959e-02
3.979059173906114577e-02
4.318887405282736264e-02
3.662556528141810291e-02
1.727788492711097509e-02
-7.449076592541305740e-03
-3.154201627570896865e-02
-4.628246762166943890e-02
-5.809581897807009759e-02
-7.199610965497912907e-02
-8.277533257504572639e-02
-9.651022864019252745e-02
-1.077411272109852630e-01
-1.111712795828319056e-01
-1.080441675046293765e-01
-9.693140794223824297e-02
-8.149558489798833238e-02
-7.610157756787497285e-02
-7.134304820621024945e-02
-6.626362032870117269e-02
-5.702130348537547827e-02
-4.320893021006763646e-02
-2.826407090538438777e-02
-1.751883355587425389e-02
-1.370950991543444693e-02
-1.079015764689074570e-02
-1.091115397084438908e-02
-9.517141145893430812e-03
-6.075944150470631404e-03
2.376893658407925550e-03
1.939556786399177640e-02
2.921330410079729656e-02
2.571710378099774721e-02
8.650742627301649321e-03
-3.901719334685063191e-03
-1.536331866211694021e-02
-2.171848298523536974e-02
-3.014825071845001273e-02
-3.118897295990416541e-02
-2.580754880789497968e-02
-1.367195270043793792e-02
-4.101676474951782177e-03
1.229505629461121125e-03
4.707427371984020115e-03
5.128716570781750167e-03
6.888273467077678930e-03
8.775228173131342096e-03
1.250888789981811910e-02
1.264304435982394233e-02
2.836709911038578971e-03
-1.194904637093450496e-02
-2.511632571199358052e-02
-3.141316233398721430e-02
-2.776266697437756656e-02
-1.381116441103582941e-02
9.561347114386033186e-03
2.734159756908384475e-02
4.177560182208814310e-02
4.626103775502914128e-02
4.268499744490051456e-02
4.474995741500859686e-02
4.445378566836456075e-02
4.750891537400611653e-02
5.582837424239925350e-02
6.355494013374433926e-02
6.173395095307957631e-02
4.889471341674495736e-02
3.198847183071503592e-02
2.037331926654907185e-02
1.356356702877646071e-02
5.598662556528140322e-03
-1.333855342905340300e-03
-6.625675178170108148e-03
-6.343982328602277079e-03
-1.561731753018039213e-03
7.059932193704014300e-03
1.642989411447944373e-02
2.444136733538839965e-02
2.129389688387759577e-02
4.052387781679112240e-03
-1.641478331107923752e-02
-2.954162064740176175e-02
-3.114199209842352656e-02
-2.127897839979338984e-02
-1.763029633659176938e-03
1.790094456258345054e-02
2.402658951914675781e-02
2.118930265016017236e-02
1.541453054854963547e-02
7.706702053420809613e-03
3.757012786487094747e-03
5.074042936661006965e-04
-4.288446004978322020e-03
-4.929199017523036401e-03
-2.080609267593095876e-03
-1.218257696893768104e-03
-7.091252768024440415e-05
1.444669732786047324e-03
6.851430580969179382e-03
1.053264208276324249e-02
7.699668661292713955e-03
-1.023083812757913857e-03
-1.104772815939424925e-02
-1.667707938391880737e-02
-1.414305260208034362e-02
-5.071377940424970712e-03
6.269966866129269949e-03
1.579059723389875103e-02
2.166510063795063987e-02
2.681054898922461890e-02
3.554610443488342292e-02
3.497216864755561816e-02
3.484826005967393142e-02
3.751463000511019025e-02
3.924220694657368919e-02
3.183791328047298752e-02
1.543005346476984674e-02
-5.165806724582254657e-03
-2.311065503959030404e-02
-3.685360104182119900e-02
-4.242674007769699912e-02
-4.427053283440206960e-02
-4.965904532691535478e-02
-5.452802092434157200e-02
-5.539428207199335874e-02
-5.106050365681442244e-02
-4.444142228376440212e-02
-3.905785514509118456e-02
-3.094280423542081909e-02
-2.219851199797789540e-02
-1.106393793031446721e-02
2.038700141217326088e-03
1.297050920660039637e-02
2.566003989252097287e-02
3.381495584897988016e-02
4.171103748028726077e-02
4.281082922594221796e-02
3.872514272840665156e-02
3.370560858073839289e-02
2.374874305589898260e-02
1.377572270851534775e-02
8.757315002555098385e-03
3.221705707487814915e-03
-1.016009209347817520e-03
-1.328813829407271682e-03
1.652168537658869332e-03
-3.042216837281373599e-06
4.735725785624405357e-04
3.301188533372895369e-03
6.569765205589348477e-03
4.609234624070685134e-03
-4.163960459148629244e-03
-1.418816521877695747e-02
-2.347960591024731911e-02
-2.515808647775414839e-02
-1.907208677447537817e-02
-8.087411876541987510e-03
8.136041189302648316e-03
1.654545054920901481e-02
1.917739533708081104e-02
1.350850875602371305e-02
4.094011176499678419e-03
-5.988328964937440942e-03
-1.096415167949710973e-02
-1.017660408046639972e-02
-9.899032359098626152e-03
-1.109240118908285527e-02
-1.233027820362768943e-02
-1.176985971679606752e-02
-1.273906664688525051e-02
-1.386407969712454870e-02
-1.621927698926858147e-02
-1.147632549220007660e-02
-4.145552753188379118e-03
-2.433677310167097711e-03
-7.156971025721332869e-03
-1.221961217436218390e-02
-9.874223167334288467e-03
-5.919808340064508165e-03
-9.137283022600266660e-03
-1.317013665661111166e-02
-1.417865914972882627e-02
-1.810999565907829220e-02
-2.535568083785283422e-02
-3.475182565979261645e-02
-2.999659320068795085e-02
-2.190714823423393562e-02
-1.953563127441768077e-02
-2.431767854101071769e-02
-3.173241239855155438e-02
-3.486501931435415785e-02
-3.329486947013280546e-02
-3.733961942754781410e-02
-3.755309386831071766e-02
-3.710361615262460638e-02
-3.491254965959481038e-02
-3.133486089818614956e-02
-2.518498370780650891e-02
-1.742476193616097555e-02
-2.606841622295852368e-03
1.240454093379269977e-02
2.315876234277895740e-02
2.213595327190104670e-02
1.079136651116276158e-02
-2.700009341223919956e-03
-1.298770804828863062e-02
-1.937787448691953573e-02
-2.138582551692684575e-02
-2.002225409228029773e-02
-1.572405475056184651e-02
-7.604827764315424954e-03
4.216188890537339671e-04
6.468275555115967843e-03
1.457189720257817504e-02
2.547167685959041139e-02
3.857266098500457957e-02
4.424580606520173848e-02
4.208386221145233447e-02
3.609998406497095386e-02
2.858057355114869413e-02
2.234080081763183123e-02
1.729651242657523000e-02
1.194198550461840827e-02
7.630104017275768889e-03
1.909681354367571407e-03
-3.288632829456724759e-03
-1.103989801581414104e-02
-2.164531922259037636e-02
-3.622416739473264397e-02
-5.025111407832340282e-02
-5.703861222381571838e-02
-5.807631230458983052e-02
-5.658446389616953592e-02
-4.656352856491326186e-02
-3.259153025732323961e-02
-1.629669925105363404e-02
-5.350433267944765259e-03
1.318546725351531961e-03
8.781382391243425581e-03
1.559448647995208270e-02
2.001291286836017272e-02
1.950568440949727519e-02
1.980410903955733340e-02
2.456294061729005079e-02
3.469495409063184238e-02
4.535878542109687134e-02
5.364609948952958618e-02
6.039348532054134022e-02
6.775629296276147739e-02
7.166971630153469441e-02
7.023995955799525182e-02
6.382418717614800341e-02
5.687981141717355499e-02
4.631790932418992229e-02
4.070932858579363878e-02
3.811109462659830610e-02
4.071125177895366931e-02
4.583079197094328677e-02
4.691684662259806154e-02
4.383781437339619169e-02
4.338091862694997553e-02
4.023539884278719281e-02
3.695525553742258495e-02
3.249674430872195180e-02
2.778162416409782690e-02
2.154160416288896165e-02
6.368571726862611720e-03
-5.661056437476989344e-04
-7.037265988603705856e-03
-9.478100324744900829e-03
-9.767650792080839403e-03
-7.722279918017022071e-03
-5.765870464698415361e-03
-8.079197094329875276e-03
-8.527410997367972090e-03
-2.357293572688458610e-03
9.626982949518926233e-03
2.077468967904653324e-02
3.140876646390715343e-02
3.720609487386600245e-02
4.434388891636307367e-02
5.026292797916356858e-02
5.119485243613623726e-02
4.748144118600574476e-02
4.180966981520860271e-02
3.113512355142343535e-02
3.270554813752479112e-02
3.161235019698992177e-02
3.061833407513640457e-02
2.643992219309957911e-02
1.902730384803476976e-02
1.780124073433009269e-02
1.172320854557143410e-02
8.015869090989013318e-03
3.085818373637966750e-04
-5.507310881426898119e-03
-1.128782508832951344e-02
-1.374429223744292120e-02
-1.716886734912549325e-02
-1.741701421514486869e-02
-1.410969893784788827e-02
-9.468044771936764623e-03
-6.567732115677320757e-03
-6.775794141404150456e-03
-4.978707504299710249e-03
-1.207265274274818686e-03
5.251718510459422833e-03
1.168098071861486086e-02
2.221337553368609927e-02
3.140904120578715680e-02
4.041645374170965699e-02
3.780255949535411136e-02
2.664600607729038229e-02
1.592986389287264631e-02
6.627048887570126737e-03
4.025463077438745478e-03
3.164504448071037146e-03
6.767222194748033492e-03
7.858826632378879476e-03
1.112517789536730112e-02
9.054201078087135285e-03
5.727076911241886850e-03
3.609366500173086679e-03
-1.301169301441295776e-03
-1.087422866217188817e-02
-2.109352763079086826e-02
-2.964025298232310368e-02
-3.808362043859793433e-02
-4.360950387111307835e-02
-5.041953085076569807e-02
-5.472446136854423882e-02
-5.716664193989745568e-02
-5.894202396848160358e-02
-6.134574067663429303e-02
-6.610207210325898253e-02
-6.474814411860056740e-02
-6.550093686981080243e-02
-6.555890740649158999e-02
-6.263428009385181572e-02
-5.553687310771529551e-02
-4.273005511322112288e-02
-3.184835347191312949e-02
-2.250971212545813116e-02
-1.758620026485116852e-02
-1.463725829583106472e-02
-1.560561352609223483e-02
-1.690005989372983866e-02
-1.911005610229189397e-02
-2.461486683261075725e-02
-2.914489337267636704e-02
-3.313881608229068271e-02
-3.542769068460181053e-02
-3.400232981114242187e-02
-2.782365967173839466e-02
-2.265581985724411662e-02
-1.972990125776832512e-02
-2.042082213760171988e-02
-2.771898301545697510e-02
-3.339102912813411705e-02
-3.440262873030786733e-02
-2.874404496975091483e-02
-1.728991862145513869e-02
-1.788402046277522096e-03
8.993071009786303763e-03
2.892482512679337391e-03
-8.623131068361272397e-03
-1.431429921588667220e-02
-1.510256114380539340e-02
-1.099071921929347349e-02
-1.051132211287495247e-02
-9.605772876382636868e-03
-6.123584392463280249e-03
-1.891902807312529538e-03
2.277302474325370793e-03
3.386276093610052565e-03
7.453417514245365416e-03
1.622554110413266387e-02
1.662064740176603939e-02
1.463341190951101232e-02
1.358961255900081530e-02
1.130963959360180814e-02
2.282061003687035645e-03
-4.804191462121336180e-03
-1.352595486540395138e-02
-1.710174790784058096e-02
-9.389908181263700859e-03
-2.058220551791591513e-03
-1.765384171570809043e-03
-2.983394600772573506e-03
-5.201990230178746809e-03
-1.122139250174460784e-02
-1.423107990043354087e-02
-1.563256570452060262e-02
-1.110525910906703072e-02
-3.948590299413700516e-03
4.639648550187098369e-04
2.164389056481435484e-03
-7.460917967569468193e-04
-2.285404612366681229e-03
-1.626172460972915602e-03
2.605816835083438979e-03
4.659649759051370452e-03
5.703311738621564056e-03
-9.281467561226226575e-04
-9.923484386418959108e-03
-1.656861128969332880e-02
-1.412494711218809616e-02
-8.650989894993651660e-03
-1.141967371654330600e-03
1.835847221535367351e-03
-1.511220458379352238e-03
-4.993241349751907816e-03
-3.451087703102934199e-03
5.938133623460757800e-04
3.678766299062030763e-03
6.117347751787195406e-03
8.685662320250123539e-03
3.244014748144117763e-03
-1.226238948507876779e-03
-1.164828643489441550e-03
7.329701245679683510e-04
5.372192824841061365e-03
7.535427965426480870e-03
1.270802081444482624e-02
1.892886383242943157e-02
2.430902417179060110e-02
2.433344872492293129e-02
2.302694118875316109e-02
2.662718625851012363e-02
2.786404672809894914e-02
2.873855013215083701e-02
2.886603036447257103e-02
2.910533054195582614e-02
2.959024996016242429e-02
3.149833231678837026e-02
3.731324420706745582e-02
4.115523465703970624e-02
4.095742050343701562e-02
3.920896317909323275e-02
2.625760348152909873e-02
1.731720049013951018e-02
4.523377786569517285e-03
-4.474308886800850392e-03
-1.256397364675886780e-02
-1.894620004505766578e-02
-2.364313227722554187e-02
-2.891163751655319303e-02
-3.263906060256388519e-02
-3.444301578666842528e-02
-3.560654764848424081e-02
-3.427707169114616731e-02
-2.936715955359939234e-02
-2.372091170345460090e-02
-1.959744819741852245e-02
-1.852199858233189583e-02
-1.496791014841556029e-02
-9.735038930924394540e-03
-1.635999978020649453e-03
7.511168257422150794e-03
1.082461027864321454e-02
1.387287143728466871e-02
8.298001527564852209e-03
1.760658611234744691e-03
-4.122776651336069152e-03
-7.987460780596629048e-03
-8.611179796581111892e-03
-8.693822154086235446e-03
-4.956398463643406534e-03
-2.915203666155646487e-04
5.426097181697793481e-03
1.140519481946710746e-02
1.970011923797591880e-02
2.831599712070509423e-02
3.438449576622762405e-02
3.753138925979042362e-02
3.704317293902378155e-02
3.409491782470368965e-02
2.859760754770892394e-02
2.522163427459900992e-02
2.110671524103104740e-02
1.752020726527427075e-02
1.304754682975344318e-02
7.486111797965809903e-03
1.995274439663935473e-03
-6.177681068636015245e-03
-1.039576567814538138e-02
-9.808889548269399822e-03
-6.356785300210451330e-03
-1.281066438081422459e-03
2.655119265450109432e-03
7.167328794597474344e-03
1.093818857183675823e-02
1.148547439680420133e-02
1.221601305573413558e-02
1.148709537389622400e-02
1.051489375731499976e-02
8.958948068289840361e-03
7.233843803746379565e-03
6.709196709691244744e-03
6.643890564814355394e-03
7.290605476155152115e-03
7.883498453203215475e-03
7.841353048810641851e-03
9.574644621378214718e-03
1.096961904290918478e-02
1.254932990455466871e-02
1.232261290517558568e-02
1.175694684843589348e-02
1.035955469836088820e-02
6.598365835297736494e-03
6.554187340993136018e-03
5.840957420503435811e-03
4.920022638730911502e-03
4.079257537543476940e-03
3.988345449450240825e-03
4.507003170521294011e-03
6.600838512217771167e-03
7.942403112276015531e-03
9.251548170493818779e-03
8.227475286967891877e-03
5.689821912313381379e-03
4.341855826451048589e-03
3.220689162531801056e-03
1.505134925737269596e-03
-7.991691805548685468e-04
-2.843386138722669900e-03
-2.869321772195022099e-03
-2.339929885872222507e-03
-2.080334525713092506e-03
-1.189569149783777958e-03
-1.756194055684684034e-05
-4.348971641143145660e-05
-1.163575820516624289e-03
-3.321546906681172289e-03
-5.744193330366120613e-03
-6.052893306738318067e-03
-7.009269791031324907e-03
-8.534416915308066717e-03
-9.816582320909504611e-03
-1.116663644505986458e-02
-1.141777799757128127e-02
-1.177192028089609627e-02
-1.187459132145349261e-02
-1.190288973509387796e-02
-1.175161685596382011e-02
-1.195270043793855534e-02
-1.120400134074037331e-02
-1.047423195907444884e-02
-9.900983026446650778e-03
-9.274544065850131788e-03
-8.418503316134489170e-03
-7.770002582573670540e-03
-7.480452115237733700e-03
-7.302776541439316531e-03
-7.106445993988646896e-03
-7.053585656275927936e-03
-6.577073339597447506e-03
-6.071410909450570582e-03
-5.225398238355064874e-03
-4.422904681052150511e-03
-3.233739401831978513e-03
-2.750166218837401828e-03
-2.580463654396693805e-03
-2.513349707949381201e-03
-2.294998598816411738e-03
-2.028809433537191297e-03
-1.871211996329448209e-03
-1.880437828659973750e-03
-1.559954173054415097e-03
-1.318368143129529596e-03
-1.248712834292182343e-03
-1.274274818807729888e-03
-1.251048140272214030e-03
-1.207007016907615023e-03
-1.086084873261570658e-03
-9.637423140959066898e-04
-8.584749627724751544e-04
-7.511745215370157916e-04
-6.274884745781337831e-04
-4.740863458780474765e-04
-3.121946930858457816e-04
-1.968283797372368470e-04
-1.570625147673760183e-04
-1.412915066295215513e-04
-1.503684288610849986e-04
-1.416648808444466218e-04
-1.269282758848062128e-04
-6.738868832731647652e-05
-7.639774931451899607e-06
6.730928792399539819e-05
1.435688420728725094e-04
1.989054283500650880e-04
2.580958189780700545e-04
3.030677678321216863e-04
3.329294627697277948e-04
3.647912785937611224e-04
3.852073476968387550e-04
3.995736006022341429e-04
4.122282115952062521e-04
4.226958772233485985e-04
4.325014149206819715e-04
4.400925330651852012e-04
4.454252729560577114e-04
4.486589848837016655e-04
4.502277610185230310e-04
4.511728730857358797e-04
4.510739660089345426e-04
4.503074361637241126e-04
4.489089999945051492e-04
4.468951420140776856e-04
