4.651088316436233931e-07
1.026028893145486264e-06
9.763261587790328190e-07
-2.531501803086629559e-06
-3.259101460171974432e-06
-1.249542017985117862e-05
-7.052485435077941881e-06
-1.187503107912696049e-05
-5.942229621540768943e-06
2.542063733592707310e-05
1.078078723179956620e-05
-3.578346252304828278e-05
-2.669025696719436647e-05
1.471573290051297914e-05
2.285653477182451252e-05
-7.856007669831269256e-05
-1.857103644164384001e-05
-4.212062082669483162e-05
-2.859080773905070083e-04
2.174086870386614725e-05
6.177436454373852037e-05
8.702971065084167703e-05
1.896260360537763417e-04
-3.089792321814662976e-04
-1.664502564898189744e-04
-1.484711058599818407e-04
-8.344680944168960616e-05
-3.693532955808962381e-05
-1.701865145430423560e-04
1.137913750201392733e-04
-5.273705168980942877e-05
-2.626837646618889214e-04
-1.069410381721296467e-04
7.110048950868127723e-05
-8.757829453663755937e-05
-1.158120652651720866e-04
-3.142204161519963099e-04
-5.552731084497433342e-04
-7.366857020103471498e-04
-1.923128638744184358e-04
3.474656339445727615e-04
1.090084714241102494e-04
-4.322355688425039957e-05
-3.520424704972064094e-04
5.226146645741712145e-04
-3.993364482077538160e-04
-7.146210136668596641e-04
-6.039594310480975474e-04
-2.130108662573172566e-04
2.132913242990041019e-04
7.057895689499134014e-04
-7.559935474759771476e-04
5.795655486137217104e-04
-9.083598376128048215e-04
4.928682105782408642e-04
2.850070313416834165e-04
5.181154015224296531e-04
1.927381257844371705e-04
1.700102834615285351e-04
-1.552766887651691212e-04
7.830627211590674450e-05
-1.308909614937076114e-03
-1.382095240368454159e-03
-2.575062307433729440e-03
3.479290858857999051e-04
7.392476166039117606e-04
-1.122510437613998381e-04
3.855084744077064336e-04
-8.579768433154517449e-04
-6.544259660387191082e-04
-1.594803768878704951e-03
2.394833207027761545e-04
-6.144676568227883757e-04
4.758696685622448115e-04
2.482471372394574795e-03
1.302146796910585817e-03
-9.654599014617633096e-04
3.622622819737085650e-04
-2.187513053233323002e-03
2.222421128634766120e-04
1.392249412728816969e-03
7.771392881935120650e-04
-2.082928061517775199e-03
-1.789447617001724668e-03
-8.117072336295050100e-04
-1.434588631702897552e-04
8.080294540615695241e-04
-3.817650557236314940e-04
-1.268702672705465358e-03
-2.453411145521920537e-04
1.492104409954072381e-03
8.264859800815118913e-04
1.081414383718316830e-03
-2.090864427378274701e-03
2.358632239944783761e-04
-6.277367036035874431e-04
1.398202681656253931e-04
3.469504663360841942e-03
-2.174743261548009194e-03
-2.451064049853903643e-04
-3.059956359933088069e-03
-1.644989845827639612e-04
2.667494117342848834e-03
-2.276563454129197737e-04
-5.650593039469000095e-04
-1.285798678863608012e-03
-6.580400955546406787e-05
1.017169601530783793e-03
5.305311397934157685e-04
-1.142140511467949412e-03
-1.085253277480412778e-03
1.866036531151727860e-04
2.272306856900759963e-03
1.394847130476639316e-03
1.343485516629570669e-03
-1.621693926790505891e-03
-4.001997020381940252e-03
-3.059220406206675583e-03
1.221496213816437295e-03
1.007828956397725231e-03
1.666014253633522988e-03
2.045593327883297400e-03
1.100213028767834528e-03
-9.911009271027888205e-04
-5.327569025497812293e-04
1.829479521590296519e-03
3.797899150470712259e-03
6.560868345834601273e-04
-1.392690984964664331e-03
-5.476430584645618389e-03
-5.561443185366853059e-03
-5.005042277557986488e-03
-1.838287097537737516e-03
6.253478375889360901e-04
5.825133416476214326e-03
5.171168913314596986e-03
6.021931421047083816e-03
6.073925557286041950e-03
-6.601306019504762750e-03
-9.162604003190459590e-03
-6.217794565478996539e-03
1.307010058697282220e-03
2.354355752075091256e-03
-3.302681855160328420e-03
-5.711279385936123866e-03
-7.439418079399462425e-03
-1.061999128789913038e-02
-4.838398485128762513e-03
-3.832130944069506162e-03
-3.773075630185241530e-03
3.198395223063596384e-03
1.134647706907422962e-02
8.498853304531685249e-03
-9.334140893368262498e-03
-9.202444957622990182e-03
1.850678967039218366e-03
-4.760745421671649241e-03
-8.266809083658049201e-03
-1.093068310429260066e-02
-6.343324402435409660e-03
-3.971444995415207048e-03
-3.653135063421309933e-03
5.510582815679394668e-03
1.092306498869217123e-02
-5.993786163672130398e-04
5.016976662310616321e-03
6.362817230864706471e-03
-3.887983864711814543e-03
-5.433208221199844166e-03
-8.148061955369379373e-04
6.010951787074663745e-03
-8.296664936180878080e-03
-1.667155976441524537e-02
-1.106048942911870732e-02
-7.516971689650302907e-03
5.454431535418270520e-03
2.277438642344390557e-02
1.437269890143988427e-02
1.021682788031403298e-02
6.944379799860367700e-03
6.867621815259702597e-03
-3.323626700401194605e-03
-9.111743633503000331e-03
-1.168117688946174008e-02
5.836351738143685970e-03
2.322053350677972736e-02
1.728293840465123035e-02
-5.137752636007231893e-03
-1.482232684699522074e-02
-8.199459372370706406e-03
-4.975305768882683395e-03
1.129287179089366773e-02
5.262427175389707695e-02
4.806712693610529219e-02
-4.917244987061137988e-03
-3.259519163638317091e-02
-2.148010239702118074e-02
-5.769459511605195060e-03
5.130552223873145745e-03
1.567895709389775100e-02
1.243908988381876510e-02
-7.443694567269154225e-03
-1.261199922824311932e-02
-7.787325285579881247e-03
2.263574865390085514e-03
1.967494714062086730e-02
4.754619104165299509e-02
4.505846853996726270e-02
-3.410270333705288631e-03
-3.398912777549035341e-02
-4.702943218186411006e-02
-1.777919001330684201e-02
4.042255678280811532e-03
5.237364967409184439e-03
2.135101213528023054e-02
3.608381120598946890e-02
2.789204951178421432e-02
3.178385237961686705e-02
3.564701272404321303e-02
-3.212875609896787606e-03
-5.680627907763118739e-02
-6.225790603263258588e-02
-1.766754384394598684e-02
5.513526630585043747e-02
1.020618638724293953e-01
1.040755923930231641e-01
7.317548120433854664e-02
7.908061477993989091e-03
-5.779583848003676250e-02
-1.114164324543659018e-01
-1.237191918830271159e-01
-8.139071385522397839e-02
-3.541827034961780168e-02
-1.498123317997649036e-02
4.782346658073909768e-02
1.365566117486061715e-01
2.034494350063351664e-01
2.108089722704570290e-01
1.552444659263370053e-01
9.639740705600607917e-02
7.071421325552114390e-02
8.439837771929929733e-02
1.171198749276478046e-01
4.578507366498989206e-02
-3.812439209227666548e-02
-4.516488347067821457e-02
-3.419897404072410468e-02
-5.860518867267761750e-02
-4.704912391670595245e-02
4.371147431422042068e-02
9.380207618513412837e-02
7.438145078359181817e-02
3.108807774853853886e-02
-8.800097066329322371e-02
-2.229084493454984717e-01
-2.199964594658567474e-01
-1.190176410097285170e-01
-1.046257675301194151e-01
-1.339797791741007826e-01
-1.150108702354455253e-01
-1.036622648677570785e-01
-4.516030862318970440e-02
5.607927613978347381e-02
8.920892930667191634e-02
8.474387815788793354e-02
8.830171715905948959e-02
8.056644568164232634e-02
-6.140221064586901326e-03
-8.325864397542312445e-02
-1.094687408627366826e-01
-1.470019830969330754e-01
-1.077758483855761062e-01
4.886593508888132861e-03
6.456959635921702412e-02
1.907651730784148958e-02
-1.013185506087530829e-01
-1.777865296599297207e-01
-1.400525908554765830e-01
-7.554942923804920663e-02
-5.226683693055581004e-02
-2.636564170192282758e-02
-3.589087198582195659e-02
-8.918167912815341825e-02
-1.375941075964348115e-01
-1.881958989475861765e-01
-1.709465359453723465e-01
-1.058241786656960032e-01
-9.142017189492172846e-02
-1.060276599257283514e-01
-9.764276010494303548e-02
-3.106977835858450512e-02
1.738593214506642740e-02
-3.196306705731886272e-02
-1.638616884369735460e-01
-2.818563537669890873e-01
-3.020294421271847440e-01
-1.897885425928246550e-01
-3.996765781732036955e-03
1.840005648942116268e-01
3.224153603488023045e-01
3.892320024505270259e-01
3.870499991049211608e-01
3.391175318101080638e-01
3.164521461007381298e-01
3.408778535611209914e-01
2.608876397566181060e-01
3.041597298055292303e-02
-1.494725996471400198e-01
-1.891956025770314964e-01
-1.357408965507639065e-01
-9.963341548168171136e-02
-7.854376637248410009e-02
-1.460639404553763440e-02
8.276814076209003390e-02
1.596442757718066208e-01
2.098641668108738312e-01
2.592009133782464114e-01
2.576076730137702997e-01
1.742672785027916671e-01
1.146424955594143452e-01
9.845927092843545503e-02
5.579603340832105240e-02
-4.734091962390776093e-02
-1.415841702320641271e-01
-1.402316066267660644e-01
-7.677091351748088766e-02
-7.884888880932632016e-03
8.291572932019755648e-02
1.771738979092947197e-01
1.777015966217734833e-01
4.120207101356741092e-02
-9.552540134341391820e-02
-1.141494065627181864e-01
-6.557685843233899969e-02
1.409001310793258667e-02
8.747744898547785142e-02
1.440323103576536257e-01
2.331282608220006658e-01
2.927007313788789755e-01
2.734286890675068915e-01
1.833445715456420710e-01
1.150474690153535928e-01
1.132734227218751416e-01
1.271439624942068691e-01
1.435525480905978923e-01
1.642252893591036600e-01
1.490875168324551636e-01
1.644788950350970502e-01
2.099894778507764292e-01
2.210904447348478186e-01
2.103455203292299014e-01
3.621091240360498065e-02
-3.760047260163620897e-01
-7.941636880431388601e-01
-9.927140581085193149e-01
-9.599521828984245442e-01
-7.621616353289614176e-01
-5.198438982474355985e-01
-3.337848508898078048e-01
-8.890480140189239988e-02
1.434409615931608317e-01
2.127323972797559304e-01
2.126965941254980175e-01
1.578815671438431600e-01
1.153271314313902285e-01
1.691486208823886339e-01
3.254924425508554098e-01
3.975462904948592335e-01
2.963148608948004137e-01
1.889274767329224003e-01
1.939985957207274458e-01
2.394455284843928222e-01
2.288696745294371560e-01
1.424858130001253331e-01
8.170995864735683401e-02
2.828309951884538931e-02
-9.140764079093145755e-02
-2.652377229989517637e-01
-4.153185784556508442e-01
-4.750103928600554193e-01
-4.736936324090152417e-01
-4.778169623410489231e-01
-4.208382314037422134e-01
-2.400780508762822008e-01
-3.621489053185585755e-02
6.758243179001847956e-02
8.276177575688861698e-02
3.217152097766479840e-02
5.910961533488878240e-03
1.719010878191702327e-02
7.464420615456221486e-02
1.619297104519352715e-01
1.541552544112469725e-01
-5.427101794334747431e-02
-2.592566071737587019e-01
-3.654965002416712960e-01
-4.619024602734168039e-01
-4.796906607472118389e-01
-4.466443493671792830e-01
-4.438079439243041713e-01
-4.107656106725224854e-01
-2.244241162090824804e-01
2.677638344382584495e-02
1.629232479825917235e-01
2.993203367883377486e-01
4.653355849539233535e-01
5.819046880252372045e-01
5.560926028694239687e-01
4.670740269995564686e-01
4.560685351935060972e-01
4.888403557242282371e-01
5.063779341182180760e-01
5.107498970659315463e-01
5.109766503762315226e-01
4.774410292213410734e-01
3.474895027140780246e-01
1.183385745173038683e-01
-1.149285229806523700e-01
-3.054108511404299287e-01
-4.236070086663523693e-01
-5.064336279137302554e-01
-4.937195300239284323e-01
-4.007745415704457304e-01
-3.540673377769025798e-01
-3.911773071652057121e-01
-4.856300062257707384e-01
-4.669009784206433200e-01
-3.431612991771242349e-01
-2.443187355917167403e-01
-1.630006225770712913e-01
-6.085183660236023057e-02
1.604391057963317629e-02
9.975077026508258338e-02
2.256255109408472348e-01
4.028292448120235347e-01
4.916330017563436683e-01
4.972680204237104329e-01
4.651486129261321323e-01
3.580633676049082559e-01
2.097786370534799882e-01
5.958917869553196495e-02
-4.235254570372094796e-02
-7.462391770048273920e-02
6.944061549600298068e-03
1.106647651213627515e-01
1.287509274011485183e-01
9.136567153788471840e-02
1.114048958824383553e-02
-4.280426216660798699e-02
-2.888041547571452289e-02
4.620198150568176343e-02
1.421403125615366692e-01
1.572673441419077944e-01
9.709715981533528772e-02
-3.912767603714776415e-02
-2.002172058024978829e-01
-3.146659665160945196e-01
-3.965696600092690760e-01
-4.134389128571116512e-01
-3.097828140881433989e-01
-1.578071761455517585e-01
2.789861342339815947e-02
1.284384454270421361e-01
1.007777240730464013e-01
-2.473142661646269072e-02
-2.495857773958774783e-01
-4.419740268006500661e-01
-5.066524249675284919e-01
-4.563649057481964366e-01
-3.607486041742499761e-01
-2.423336495945292712e-01
-4.716031260131795660e-02
1.017744441063035410e-01
1.999089008630549336e-01
3.672369313514298184e-01
4.966315199035701844e-01
5.925422029680814662e-01
6.489301818601330707e-01
5.699623470161054861e-01
4.580217961646865787e-01
3.380136012204897900e-01
2.124638736228217362e-01
7.427245006951779804e-02
-7.391581087182670651e-02
-1.911685552830537649e-01
-2.049233315232850128e-01
-1.718207296285025054e-01
-2.035170631866000945e-01
-2.312147811333289671e-01
-1.729302295976720139e-01
-4.297949871605910577e-02
9.089466115298091425e-03
-6.254313782822044920e-02
-1.514063677898911942e-01
-2.612039009525627953e-01
-2.556066745035793786e-01
-6.114641699933764246e-02
1.358041487899528388e-01
2.482988529067188810e-01
2.743257569880795943e-01
2.331501405273804783e-01
1.330389518427684825e-01
2.476822430278330031e-02
1.882157895888405532e-03
7.013718575273147904e-02
1.926706965105848268e-01
3.241657367791880295e-01
4.316090136429908131e-01
5.025469966126238086e-01
5.079194588154328782e-01
3.296237287393908311e-01
-6.991620072839528632e-02
-4.221987512655420716e-01
-5.282238254079073547e-01
-5.279771814563529730e-01
-4.389088789833495707e-01
-2.424589606344319248e-01
-7.911164418029673073e-02
1.880532830497922553e-02
1.491987055170671816e-01
2.177527951323622868e-01
1.890567659010758961e-01
1.591798292985167618e-01
1.315061790277056719e-01
6.194621968417640678e-02
-6.105869927140581549e-02
-1.295288503806074354e-01
-1.782006528108459609e-01
-2.418483179479223311e-01
-2.631690963084959423e-01
-2.219895017195459286e-01
-1.219467368408490154e-01
-1.615623303079668019e-02
6.760590274669865674e-02
7.519497801089609912e-02
-3.971365432850190030e-02
-1.648174337492466501e-01
-2.490288394407547401e-01
-3.262622103674000518e-01
-3.913961042190039485e-01
-3.996248625059423687e-01
-2.950955645859066889e-01
-1.149068421816851066e-01
2.914575663004799477e-02
1.229172012276503745e-01
1.669405607967395233e-01
1.375270761354075444e-01
9.424165935685600848e-02
1.525472949722426197e-01
2.410705938748759491e-01
2.661884956509112943e-01
3.110279682306678062e-01
3.777372008696188166e-01
3.909923242015399536e-01
3.731524080604834426e-01
3.397759120356281248e-01
2.794794221370902609e-01
2.183912847166279980e-01
1.979210301760918611e-01
1.902428448390747762e-01
1.607418413562234916e-01
7.470566823603826123e-02
-7.334315931011300971e-02
-1.874476130235962767e-01
-2.743536038858356840e-01
-3.700037195499145670e-01
-4.459223190896451361e-01
-4.114737175011785597e-01
-1.773358077291053714e-01
-7.622034056755955245e-02
-1.244267019924455292e-01
-6.526576880312044693e-02
3.364203608560136644e-02
8.359121549719641942e-02
9.162942144091783259e-02
1.134590024047785334e-01
1.683388728769227016e-01
1.512365017135787471e-01
9.822376573598357030e-02
4.264334687886003200e-02
-1.034550043858863989e-03
1.084473564343240923e-02
1.371976871162349475e-02
4.175164943142602170e-02
1.521415258906531898e-01
2.684202255996531172e-01
3.006927910348902167e-01
2.538264621113120456e-01
2.382461228167535028e-01
2.390357812745525223e-01
1.889457761228764410e-01
1.877411988885109850e-01
2.222540472482292528e-01
2.039725588713254545e-01
1.662923247982592001e-01
1.073404422485176590e-01
6.725065589389536864e-03
-5.040169150013228128e-02
-7.320193575720687629e-02
-1.420579653067435277e-01
-2.212754276985135771e-01
-2.532973710539454526e-01
-2.708468838326879014e-01
-2.561337764968205089e-01
-2.064031952326111086e-01
-1.773791693270399261e-01
-1.647082341287600948e-01
-1.024043807148298652e-01
-4.025547539627129939e-02
-4.773714119769507935e-02
-8.926502091500927716e-02
-1.016560947908399654e-01
-1.078504382902800429e-01
-1.344316945434003985e-01
-1.480241631509958411e-01
-1.249762804103041608e-01
-1.007900562706241093e-01
-9.788940405649738941e-02
-1.103920644297651521e-01
-1.255109408472219745e-01
-1.241695160010263532e-01
-1.042219875126554202e-01
-8.744999990054680428e-02
-6.696164487646917574e-02
2.016871241911968263e-03
1.010645471199345946e-01
1.702107811253727176e-01
1.917897400094281668e-01
2.139377701397715548e-01
2.130267787703207794e-01
1.188965070044893241e-01
4.377731233677242817e-02
4.079451177426509506e-02
1.186777099506911189e-02
-5.783005038299429690e-02
-1.353725218747327264e-01
-2.192545385470682229e-01
-2.125653158932190867e-01
-1.361800819096606885e-01
-7.283256654911299255e-02
-6.371051956344020439e-03
4.902525912532894325e-02
5.697654296676871177e-02
1.359931098818694881e-02
-4.126393090786854151e-02
-1.715384814291028015e-02
3.869246880650185211e-02
4.051942420571696957e-02
4.604007168587108401e-02
4.822147831223931418e-03
-9.033553522732019891e-02
-6.927989911466755912e-02
-1.475676729342077255e-02
-2.185444426542867621e-02
-7.528687277349135031e-03
2.019974181947651812e-02
-6.606577039437174642e-03
-5.078100602885336767e-02
-7.879617861000222379e-02
-1.150510493307793786e-01
-1.315330313933990858e-01
-1.094444742804063231e-01
-5.946705015823005452e-02
-2.314017531611201745e-02
-6.967731412693013889e-03
-7.080710255017911778e-03
-1.633524880208613028e-02
1.883239946772644058e-02
6.662648757133282640e-02
8.938396694971048606e-02
6.997865734193405018e-02
4.246035297931970154e-02
-3.438773622622819624e-03
-5.490393814806195788e-02
-7.246817000133268238e-02
-9.251793638575114831e-02
-1.208511603205575796e-01
-1.241468406699963584e-01
-1.291588844532759184e-01
-1.165840210522547105e-01
-1.108097678961072058e-01
-1.104835613795353139e-01
-6.383165356867941120e-02
-5.830643124103678659e-03
2.628548241766766325e-02
4.886852087224440033e-02
7.373062900174838508e-02
7.078840534739999635e-02
3.069245289398885024e-02
2.818464084463619124e-02
4.385210114788890695e-02
5.486932843227932538e-02
7.970736888586550661e-02
9.326343761996544468e-02
7.359994748870710146e-02
3.420971498700146884e-02
1.400480160079880902e-02
1.765159154965997151e-02
2.111590475565341962e-02
2.007283952827355195e-02
3.644045040368056737e-02
5.543760405291706106e-02
5.552015021412275153e-02
4.772739478348042574e-02
5.710702557339746022e-02
8.618475621035547041e-02
9.832441238073073853e-02
1.099936548854398566e-01
1.229018854338845002e-01
1.237082520303372096e-01
8.039419272837937391e-02
7.749891098739132393e-03
-4.740616092722213515e-02
-8.419529427209204719e-02
-8.967178452866142457e-02
-7.697519040316341821e-02
-4.382186737318224251e-02
-2.840403461767204013e-02
-5.942289293464532440e-02
-1.172664689536925958e-01
-1.640836679933724285e-01
-1.631782460034729154e-01
-1.339238864721759847e-01
-1.199513077102092734e-01
-1.167602521337685467e-01
-1.414936678143566828e-01
-1.788998088509375639e-01
-1.839309476498212914e-01
-1.665956570773885481e-01
-1.382682014285458449e-01
-1.163091323901191271e-01
-8.686083910659195273e-02
-5.904855106623782546e-02
-3.767108437808926874e-02
-2.222818941459853842e-02
1.071854941531460124e-02
5.033207425574193900e-02
8.745596709292310922e-02
1.147469214259998621e-01
1.050581900709897099e-01
8.429932232585246599e-02
5.307002102440781105e-02
1.424830283103497089e-02
1.130711349003180564e-02
3.960843283626620803e-02
7.294932461327620354e-02
9.291734046213916132e-02
9.184205239592720116e-02
7.839458656307621287e-02
6.965384317024995997e-02
7.952556842480044963e-02
9.299690302715669932e-02
8.540981682708469191e-02
3.490429617960453396e-02
-8.605327907166398713e-03
-3.377590010124336545e-02
-3.538008031840938344e-02
-6.197565783323288544e-03
4.081639147964491454e-02
5.964566811669441693e-02
4.213832349741123556e-02
1.817527235260537471e-02
2.688995900538837525e-04
-9.199560814641103562e-03
-2.496713071532713143e-03
-4.310620210084953156e-03
9.429715424595573950e-03
1.892721815458608611e-02
3.033660932194793235e-03
-1.940077454157044731e-02
-3.010070631667094432e-02
-1.215934790521711571e-02
3.065466067560551969e-02
8.186789033891664347e-02
1.527627106170275917e-01
2.042569950412631563e-01
2.396702927305673636e-01
2.657230546455587317e-01
2.738583269186015134e-01
2.357120551209450632e-01
1.315779842426340052e-01
2.178303686332543759e-02
-5.753586779884196922e-02
-1.094367169303171183e-01
-1.500408752677777624e-01
-1.443272885674561357e-01
-8.081308963319668026e-02
-2.419437930259433697e-02
-5.687510069637135256e-03
1.721727939787050937e-02
-6.793628629793396594e-03
-6.432514037820065422e-02
-9.747488309275602336e-02
-1.015687748757332226e-01
-7.598762006488327114e-02
-2.110556162220113968e-02
2.637777499308800386e-02
6.323433761181027069e-02
7.358900763601718131e-02
2.956365900280259404e-02
-3.390618380145957872e-02
-6.804091107093201973e-02
-1.070156280768335827e-01
-1.110440796500838517e-01
-5.516072632665604963e-02
-1.813791772832964305e-02
-2.743396804369576183e-02
-1.961831848496963654e-02
2.156443871593976408e-02
7.798026450574740975e-02
1.163415541353637755e-01
1.580126464697095556e-01
1.895816799237790562e-01
1.728198365387101920e-01
1.296637089283121658e-01
1.070739076557089137e-01
1.176457834824136961e-01
1.222407205185888079e-01
7.051093090190135859e-02
1.112404002792645973e-02
-2.182122689453385583e-02
-4.182385245917943917e-02
-4.351694384275255068e-02
-2.140968952698065961e-02
4.903798913573175454e-03
2.025364545727589838e-02
5.515774273046789369e-03
-2.250626057933481985e-02
-4.908532886191718098e-02
-8.381896333955911327e-02
-1.143057470029776312e-01
-1.330240338618276785e-01
-1.295940916839218027e-01
-9.308442184867599112e-02
-4.985629011693708257e-02
-1.247109392559706681e-02
2.316125939584166155e-02
3.650927202242073427e-02
2.192068010080577140e-02
-4.012857310506833669e-03
-4.622147433411105677e-02
-9.242922412575660385e-02
-1.240991031309858494e-01
-1.163628371215059687e-01
-5.182347453699560208e-02
8.208430051576433295e-03
4.197621477118801403e-02
5.066106546208943434e-02
2.126229987528568260e-02
5.440647321028982755e-03
4.611386596492484530e-02
1.007331690366365801e-01
1.087685902905823759e-01
7.803357142430913940e-02
5.139662137567653499e-02
3.094168262890627241e-02
2.823516307342232700e-03
-3.002671313120464092e-02
-4.588134436866109916e-02
-4.240068105555655498e-02
-6.292583376595478617e-02
-1.190580190114749193e-01
-1.699175930732831075e-01
-1.668007295887212194e-01
-1.469462893014207849e-01
-1.319525250174540254e-01
-1.098054894191733827e-01
-9.214896499048233491e-02
-7.733521100986774643e-02
-3.562453629942576028e-02
2.031610207081466224e-02
6.442499139729765401e-02
1.163964523052258698e-01
1.629182753222781221e-01
1.622831671470256476e-01
1.276716612066856604e-01
9.421242011421207541e-02
4.366433349444753115e-02
-2.399328491951252182e-02
-7.041863832648101451e-02
-8.705815426783544697e-02
-7.545136837666509277e-02
-2.818464084463619124e-02
3.464611565612264049e-02
7.425335505391357505e-02
6.711181921793976657e-02
3.194238079041430284e-02
-2.237040749956737892e-02
-6.757944819383032709e-02
-5.408504044761899138e-02
-1.074257730994989486e-03
6.705513089036478636e-02
1.331757994545986201e-01
1.744747378910748992e-01
1.878527853859480456e-01
1.491340609329904199e-01
9.251733966651351504e-02
4.989965171487164425e-02
2.464171982440541923e-03
-2.929990909976946944e-02
-4.896996314264175781e-02
-6.097416404607468310e-02
-4.918259409765111251e-02
4.516786706686636357e-03
7.858155859086742023e-02
1.283216873628789112e-01
1.550680359384106199e-01
1.525564446672196539e-01
1.121356780421244037e-01
5.625073346739625779e-02
-9.016308336764469397e-03
-7.961945225152113059e-02
-1.264384414489138908e-01
-1.277062709224682790e-01
-9.781660430950633867e-02
-6.344657075399454116e-02
-2.698463845775924200e-02
9.956777636554224251e-03
5.179761670336490570e-02
6.888924692043146836e-02
4.077084191117237577e-02
-1.234112847564092751e-02
-5.399075880807321232e-02
-7.630388126082797429e-02
-1.040278548540126552e-01
-9.542276563454130112e-02
-6.349092688399181339e-02
-3.988033790221363201e-02
-2.552287523197460661e-02
-2.532556007073111931e-02
-3.352050426753708234e-02
-4.140376211588685240e-02
-4.044761899078864326e-02
-4.014329217959657775e-02
-4.523211383811803071e-02
-5.197444450411636829e-02
-5.731647402580612033e-02
-4.838318922563744628e-02
-2.933213193860156887e-02
-5.220119781441634119e-03
1.381216074025010641e-02
3.437480730941284979e-02
4.574787816584419131e-02
5.737873173293234208e-02
6.728287873272746633e-02
6.219783629604435510e-02
4.476607611352782790e-02
-1.306399416010772894e-03
-6.662330506873211100e-02
-1.093537729562863436e-01
-1.337546171151011709e-01
-1.423628888371732404e-01
-1.327829592898245314e-01
-1.119602425862607498e-01
-7.940642348368669168e-02
-4.376120091735637846e-02
-4.567169700983989868e-03
4.735981573309942100e-02
7.919936190822857158e-02
7.567215449458875032e-02
4.798497858772469288e-02
2.881935120706356768e-02
1.699456388774517671e-02
-1.383274755394839220e-03
1.564743042750955590e-02
6.024775782746460279e-02
9.385916232553422056e-02
9.529148740226235648e-02
6.922161953579221427e-02
3.883568142353341357e-02
1.907779030888176811e-02
2.246289898140026164e-02
3.558734080028006647e-02
5.120030074649577212e-02
6.994345090691379829e-02
7.545554541132852566e-02
8.234526572902184371e-02
1.037446121225502338e-01
1.298918545834999161e-01
1.651862062381029284e-01
1.914551794235294646e-01
1.800182596086715436e-01
1.311242787156215173e-01
2.807822591392523937e-02
-9.118685467300780001e-02
-1.626736204348492032e-01
-1.620544247726002363e-01
-1.274932421546338401e-01
-8.154247944799493386e-02
-2.024449576229888151e-02
2.112306538650499457e-02
3.015182526469471075e-02
2.511233239648413135e-02
8.763597739627529068e-03
-2.609572570010084899e-02
-6.125482099417403625e-02
-8.280991110872423788e-02
-1.030482407722342619e-01
-1.099321928039638102e-01
-9.322783337212009469e-02
-7.077527752417210605e-02
-3.397301635607430370e-02
8.897123614368204368e-04
2.442312167701974832e-02
3.556566000131278216e-02
2.746221275427698783e-02
5.811548108499469539e-03
-1.326809203001895650e-02
-4.001778223328141676e-02
-5.753805576937995325e-02
-5.390741702121735340e-02
-4.451147590547172017e-02
-3.634537313848461293e-02
-1.686071976274443329e-02
8.839957911403106480e-04
1.275720090940011750e-02
6.400748683736815804e-03
1.278815074719193926e-03
-1.757847355240885784e-05
1.099065338767456559e-03
-9.264603211542937408e-03
-3.511991073080204806e-02
-7.672914317084668367e-02
-1.048461558352179884e-01
-8.817401924220634457e-02
-5.274401341424846124e-02
-1.327105573556585857e-02
1.635352830139890842e-02
2.581526765841404142e-02
1.547352655102247898e-02
-1.359209068541160706e-03
-1.964067556573956415e-04
4.674618945040169560e-03
4.580237852288120311e-03
9.231982559885748129e-04
-9.255473407207174402e-03
-1.317673431473757352e-02
-2.506698173442413816e-02
-2.197020779752918360e-02
3.109543728580265766e-03
3.219001927403137425e-02
5.722139676061016589e-02
6.593508888133044199e-02
5.127608408967496839e-02
3.008081567541656329e-02
-3.002273500295376055e-03
-3.042591830118011528e-02
-3.574964843291583011e-02
-3.621508943826839966e-02
-3.341229917911323760e-02
-2.746798104024075760e-02
-2.798414318079200588e-02
-2.358691911868546903e-02
-1.267075618250856905e-02
-1.327917111719764806e-03
8.129802346697855692e-05
1.112642690487698760e-02
9.991685711955668181e-03
-1.219359958945716478e-02
-2.007721546934951654e-02
-6.166357367195161344e-03
1.689443439967061242e-02
5.329836558600812429e-02
8.079419352400502019e-02
9.202862661089331042e-02
8.466292324798260771e-02
6.646795916053538367e-02
4.419044095562597169e-02
6.925483690668703292e-03
-3.186023244203369659e-02
-5.725620538280533356e-02
-5.800110989778199666e-02
-3.169951606069828370e-02
1.147178810897684503e-02
6.093060354172758625e-02
9.790571438232598123e-02
1.139801372056433726e-01
1.105931588128469673e-01
8.596158321548129366e-02
7.228219250560419251e-02
5.266564428770619671e-02
2.691959606085740642e-02
9.676120688454874566e-03
9.060226872654147945e-03
1.826227401745204870e-02
2.126369222017348778e-02
6.820321870356778685e-03
-1.341635686992912954e-02
-3.005734471873638611e-02
-3.602433818863886444e-02
-2.930229597671999558e-02
-1.784729556896184899e-02
-1.169587607334872902e-02
-1.098124511436124329e-02
-1.044465528524174229e-02
-8.714348511881674433e-03
-3.355153366789392303e-03
1.364533793204959202e-03
-8.732468886064418409e-04
9.021022418741758567e-04
4.820238329663509942e-04
-1.527487871681495113e-03
-7.920393675571705747e-03
-2.748230230194391097e-02
-4.715832353719251469e-02
-5.467798046341216384e-02
-6.225233665308136516e-02
-6.206795040865322605e-02
-5.446316153786482511e-02
-4.222206309709218564e-02
-3.031373508450539364e-02
-3.638555223381847309e-02
-5.923094824654052265e-02
-7.389711366904758161e-02
-5.845561105044465994e-02
-3.808381518411772110e-02
-1.875170313615740977e-02
-6.721206804986186618e-03
-1.025436152036105636e-02
-2.506558938953633298e-02
-5.910523939381281955e-02
-8.412647265335186642e-02
-8.749316259206880997e-02
-7.539070192083922872e-02
-4.899522425703482092e-02
-2.545425251964698182e-02
-1.178128648689505224e-02
8.568430767639518934e-04
2.450825362158850877e-03
1.482447503625069617e-03
1.677075439235085679e-03
7.565445182387235158e-03
2.208935273864294155e-02
3.290488892071391502e-02
3.742265026882201501e-02
3.247684232091958834e-02
1.960507131789421612e-02
7.508259588780883190e-03
-3.463378345854492210e-03
-1.196539426234562511e-02
-1.024491346576522285e-02
8.346431320599346137e-05
1.989103906720849149e-02
3.845020079602345930e-02
4.061310912602511536e-02
3.411364318974278997e-02
2.931462817429771398e-02
3.021746438083417613e-02
4.943480742875669409e-02
6.998939828821142128e-02
7.419408094297552658e-02
6.624757085543681034e-02
5.137832198572250125e-02
4.419700486723991684e-02
4.140515446077466105e-02
4.773614666563235492e-02
5.582010108423886285e-02
5.240646923216157882e-02
3.113661091319923011e-02
6.435537415290731346e-03
-5.882080322387513854e-03
-4.381391111668049045e-03
6.996354045458071970e-03
5.643511971182438650e-03
5.045658966999436862e-03
8.364034538109474740e-03
1.219031763365019221e-02
1.924286274065189692e-02
2.162948111284159966e-02
1.379499511684757415e-02
-1.442990438568748923e-03
-2.181446407650736163e-02
-3.408559738557411650e-02
-3.075451169470252641e-02
-2.861288635084306697e-02
-2.366568605805282471e-02
-4.063021507750388603e-03
6.515080089667011146e-03
1.697767673332020765e-03
1.440703014824494868e-04
-5.730712542441656482e-03
-1.177333023039329671e-02
-8.180821841515348303e-03
3.018384919711426632e-03
1.342196603076286666e-02
3.606948994428631466e-03
-1.346662052037895727e-02
-2.711512106438799391e-02
-2.852457190367360326e-02
-1.230413188290777407e-02
7.060023988113353632e-03
2.014404802396424499e-02
2.132376195676172551e-02
3.629345856481067025e-03
-2.022082589920616569e-02
-4.115134987836872871e-02
-4.015960250542516957e-02
-2.604918159956558926e-02
-1.847410934681123496e-02
-1.367085762477896448e-02
-1.018516197943705390e-02
-7.300183590618778730e-03
-7.366896801385979660e-03
-7.215290333745070714e-03
-1.355356251330186793e-02
-2.053330787331252710e-02
-3.017231262518672505e-02
-3.283149245448523795e-02
-1.793714159550790013e-02
-1.249408750688713564e-02
-2.406827263704154618e-02
-3.281359087735630231e-02
-2.715689141102220136e-02
-1.905338449206264023e-02
-2.540949857682462190e-02
-3.012198930281313747e-02
-2.289293464532003025e-02
-1.906655209657304173e-02
-7.671482190914353204e-03
4.859044970750812931e-03
1.597785376002736762e-02
8.398306112990777672e-03
-4.226820938480235421e-03
-6.152911293707197943e-03
-1.067731611599426417e-03
3.578763955771170537e-03
9.962526031876741892e-03
1.597138930161969353e-02
2.373391095755536181e-02
3.263576854454210835e-02
3.323726153607466094e-02
2.371859516378948401e-02
-1.754521640023152737e-03
-2.786599277174096889e-02
-3.736735428613483651e-02
-4.162196245044744169e-02
-2.246349570063789491e-02
1.581017565425291756e-03
1.680793000085529718e-02
2.714933296734553525e-02
2.947395221074532168e-02
2.303634616876413382e-02
3.087305991657865109e-02
3.505944318138872612e-02
4.247646439873575125e-02
5.364108133482115709e-02
5.839753037798186414e-02
5.074460615535784924e-02
4.243668311622698225e-02
4.242454982506181638e-02
4.681918810380528151e-02
4.638318524750919408e-02
3.585168742255081392e-02
8.189354926613479774e-03
-8.055550582895242354e-03
-1.318158763120364299e-02
-9.830153814328819115e-03
-6.635140000278468529e-03
-2.271491340609330285e-03
-4.868592478552917057e-04
-7.673690052093589363e-03
-1.382238452985485797e-02
-1.285386942589642270e-02
-1.859882366747621363e-02
-1.950432521994076643e-02
-1.918943647824262327e-02
-2.486270484874162148e-02
-2.259497283932936779e-02
-1.307857400014719208e-02
-4.328163755671319245e-03
4.221669262395351049e-03
8.713910917774079015e-03
7.228099906712893118e-03
2.315350204575245506e-03
9.074070758967198386e-04
-3.824234359491516123e-03
-5.604048938933742750e-03
-5.071278112935083404e-03
-2.626061911609968783e-03
1.463227176980958855e-03
1.079473057131889041e-02
1.518047773342164931e-02
1.327574992690189366e-02
9.772073141866021578e-03
9.935574212977051761e-03
1.250805073704771252e-02
1.376424418546829710e-02
1.873821728138693257e-02
9.773405814830065166e-03
3.636924190798987433e-03
-5.593825149328989464e-03
-1.326705771667372781e-02
-1.481918412567702868e-02
-2.080322387513451263e-02
-2.705624476627502273e-02
-4.185826326854951568e-02
-4.829487477846797910e-02
-4.683072467573282105e-02
-4.033404342922611990e-02
-3.527227304281062986e-02
-2.707056602797817957e-02
-2.118751106416920035e-02
-2.416852146896364059e-02
-2.879050977724471189e-02
-2.660651736751341173e-02
-1.955765202914376902e-02
-7.126816761445572621e-03
5.825232869682486249e-03
2.193579698815910362e-02
3.124441818879798716e-02
2.342560601811241941e-02
-7.308477988021856026e-04
-2.016354085239354180e-02
-3.020891140509478906e-02
-2.247184976996473640e-02
-1.793855383103696091e-02
-6.462648359320456726e-03
-5.991777208905438301e-03
-6.509470928833274890e-03
-5.521283980674253702e-03
-2.152286727571810308e-03
1.507368488052686362e-02
2.556205979524573887e-02
1.965056121444299503e-02
1.784278039339710215e-02
2.305941931261921984e-02
3.052537150745203084e-02
3.639490083520802860e-02
3.755392850110094577e-02
3.213571782340690630e-02
2.068507346608347217e-02
2.456533976198858882e-02
2.986520112421904571e-02
3.326132921199246445e-02
3.450747788657958226e-02
2.701666239017879931e-02
1.807663466262489013e-02
9.917632854565599718e-03
5.346803275590802582e-03
8.355163312110018906e-03
1.448177917807892331e-02
1.902597518841410082e-02
2.886171827293540146e-02
2.734147656186287911e-02
2.118393074874341114e-02
9.465200328593393816e-03
2.211978541976214636e-03
4.737712059099073551e-03
9.856608367197152235e-03
1.201066536184059938e-02
1.073432269382932659e-02
8.500862259298379298e-03
2.509781222836843153e-03
-1.030518210876600615e-02
-1.329975793089593558e-02
-1.511754374449277884e-02
-1.850135952532973999e-02
-1.579700804974251693e-02
-2.021346636194204516e-02
-1.753586779884196839e-02
-2.311272623118097030e-02
-2.224509645966476351e-02
-1.843822662998832393e-02
-1.845268712618026302e-02
-1.811140350353755354e-02
-1.522157179825320457e-02
-1.193718933304691032e-02
-3.818227385832692177e-03
-1.004545011526626792e-02
-1.381116620818738545e-02
-2.035886694951158718e-02
-1.911997835898231538e-02
-1.558911106735169985e-02
-1.300111984310262266e-02
1.565158757153172061e-03
1.222128736208326523e-02
1.613129016666368237e-02
8.004173056535170486e-03
-1.715669250460965731e-03
-5.676112732198373631e-03
-1.454892998295372053e-02
-9.862913700474790213e-03
-2.063972280402347897e-04
6.668317589890781182e-03
9.239779691257466246e-03
5.734591217486260592e-03
3.655263362035528901e-03
4.629904783500315632e-03
6.216183423537391915e-03
4.683768640017185562e-03
6.921624906265353913e-03
3.922414564723151857e-03
-1.538588838565566616e-03
-1.523826004626563195e-02
-1.852504927906370794e-02
-1.734133732737409839e-02
-1.218162542342202635e-02
-3.056057794247229228e-03
3.337072773889157573e-03
1.476943763189981574e-03
-2.658185297235797582e-03
-2.839309476498212779e-03
-1.232935321601833162e-03
-5.039691774623122379e-03
-6.685622447782093962e-03
-1.327841527282998084e-02
-5.824019540565968447e-03
6.004029843918137765e-03
1.480663313104551258e-02
2.204141629321988011e-02
1.392760602209054677e-02
-2.861805791756920694e-03
-2.054225866187699839e-02
-2.516026884190719626e-02
-1.467807991661843406e-02
-1.089645131069380546e-02
-2.024628592001177785e-03
4.071713717978553589e-03
1.817302471014362953e-03
7.906032632586042913e-03
1.659983411205193798e-02
2.980413685556809050e-02
3.512050745003968133e-02
3.123745646435895432e-02
2.781010006981615018e-02
2.143236485801065794e-02
1.527358582513341570e-02
1.208020304366592620e-02
6.500838390528872364e-03
1.585007628060921235e-03
-1.707269432659239573e-03
2.355230940290284260e-03
1.309307427762163543e-02
2.139497045245241855e-02
2.374465190383272944e-02
1.779442624450769742e-02
1.412683068489445186e-02
1.788848908699967877e-02
1.664647766579346877e-02
1.795639573624214363e-02
8.556337257756854719e-03
-4.122713322154792498e-03
-1.249814519770302799e-02
-1.545612223992489341e-02
-1.003170568215948702e-02
-8.480971618043994797e-03
-8.305675396669114433e-03
-8.346689898935652496e-03
-1.300559523738485830e-02
-1.469791088594905350e-02
-2.207324131922688837e-02
-2.590636679535911896e-02
-2.893153442373828932e-02
-3.565854929597075257e-02
-3.253492299338238414e-02
-1.907617916694016522e-02
-9.216965125738689132e-03
2.699637393609932799e-03
7.602401993837879998e-03
1.938291274572400899e-02
1.835335326375587064e-02
9.219053643070400372e-03
-7.325723173989406346e-03
-1.863136475656838528e-02
-1.178757192953143636e-02
-1.068885268792180675e-03
5.756749391843643711e-03
3.302423276824021682e-03
-1.866225492243644502e-03
-1.976761763822504001e-03
-6.209699074488462221e-03
-7.666847671502081442e-03
-1.263602712287841510e-02
-1.997716554383997117e-02
-1.119670054042872474e-02
-2.607046458570778154e-03
3.961897487613103355e-03
1.978406719854241408e-02
2.054126412981428437e-02
1.282212396245442643e-02
5.722537488886104105e-03
-1.513721558869336379e-04
-6.519097999200396641e-03
-1.267831462618523516e-02
-2.050009050241771019e-02
-1.883355312491919245e-02
-1.297605763512209992e-02
2.828548639579591718e-03
8.624263797640571716e-03
1.536170136589033557e-02
9.058118464681182841e-03
-7.768349613823200515e-03
-1.316452146100738178e-02
-1.035097036493359476e-02
-1.005280965253038845e-02
-7.224440028722086717e-03
-1.436245522119387712e-03
-4.413315590881334433e-03
-8.269454538944880778e-03
-3.346600391050006968e-03
-2.351829640635784598e-03
7.673133114138466857e-04
4.873286669888950845e-03
6.156809859393056784e-03
1.204857692407145658e-02
1.857268736486795621e-02
2.224290848912677948e-02
2.239467408189772801e-02
1.720578260722547409e-02
1.707420601532772669e-02
1.673419539372529921e-02
1.485490771736990012e-02
1.008821499396319113e-02
2.755530095534750208e-03
-5.408285247708101082e-03
-1.001728496725006086e-02
-7.811989680735317160e-03
-1.274049277074643582e-03
-2.207503147693978558e-03
-2.244499740427131559e-03
-8.055013535581374146e-03
-5.394023657928708436e-03
3.223318196555339035e-03
7.259706135666108007e-03
6.299942913859600188e-03
-4.532082609811258558e-03
-1.631639247417697447e-02
-1.933877541278053447e-02
-2.122590000179015723e-02
-1.846404468233651258e-02
-1.815852443266918748e-02
-9.979890561691819734e-03
-6.269649467229174156e-03
-3.641240459951188696e-03
-3.306938452388766790e-03
-1.602228945258966182e-03
-5.394222564341252281e-03
-5.264893614905251373e-03
-7.200551368575571452e-03
-6.063005595237384339e-03
-6.525741473379359633e-04
5.224058128410002423e-03
7.663008777739985927e-03
1.025521681793499507e-02
7.113171781545065374e-03
-1.283081617268259228e-03
-6.513926432474256888e-04
1.875279712142639875e-03
5.859643679052568832e-03
1.478047693779599783e-02
1.856843076763951828e-02
1.860731697129183737e-02
1.192394216597148990e-02
8.089822157776545069e-04
-6.568983727466390539e-04
9.008352080262716681e-04
1.734613097191640453e-03
2.783894149963500684e-03
2.149084334329854490e-03
-3.253890112163326429e-04
-2.251342121018639481e-04
-6.050971757278483451e-03
-1.381120598946989492e-02
-1.634646712375360453e-02
-1.280812095101134182e-02
-4.162275807609762054e-03
3.147176821833559332e-03
9.518626591002667461e-03
8.720594173235550819e-03
5.357524331226915480e-03
2.347354246353548085e-03
3.847267722064091813e-03
1.229172012276503849e-02
1.348217500183988490e-02
7.348398505019403809e-03
-9.684454867140461975e-04
-1.110940051596323412e-02
-8.830609310013545765e-03
-4.132459736369440903e-03
2.486389828721688369e-03
7.492804560526227474e-03
5.737972626499505957e-03
3.829187129163857083e-03
-3.650171357874406556e-03
-4.396667124151415647e-03
-5.845819683380772472e-03
-5.733019856827164563e-03
-7.568508341140410024e-03
-9.636717328129942861e-03
-8.387624838637173369e-03
-7.255171069460108167e-03
-1.249002981607124068e-03
9.919283777789712070e-03
1.652273798654994852e-02
1.986736920411577220e-02
1.926645304117959728e-02
1.058786790227330202e-02
1.187170934203747759e-03
-2.199626453757242816e-03
-3.291523205416619887e-04
1.310073217450457520e-03
7.584758995045241120e-03
1.142916246476870235e-02
1.440016787701218874e-02
1.397838682921298710e-02
4.755693198793035925e-03
-1.603686929262912713e-03
-5.291368058414835755e-03
-1.743615601423374392e-02
-2.296911580132431768e-02
-1.912976455447947324e-02
-1.915208185396689161e-02
-2.003007464957663047e-02
-1.819418835243829385e-02
-1.572858424382743772e-02
-1.503501747392834223e-02
-1.620377166339465741e-02
-9.406761624588016318e-03
-4.982406727810498488e-03
-1.524076626706368518e-03
6.854573554596826886e-03
1.036002060670433884e-02
6.231797576922082881e-03
2.864789387945077936e-03
-6.498053700753258968e-04
-6.122438831305482797e-03
-8.889306592355232170e-03
-4.792252197418593075e-03
-5.443252995033307472e-03
-4.514539064224891603e-03
4.054846454194837094e-03
2.732178482702104019e-03
-3.451463851743116675e-04
-6.204229148143507351e-03
-1.012499278964254512e-02
-1.758175550821583152e-02
-1.477136702410149216e-02
-5.862985306783305602e-03
7.145732761278491326e-04
1.309410859096686412e-02
2.050804675891946399e-02
2.264967210277892343e-02
2.027353609853028288e-02
1.182856654115672229e-02
4.995554441679645255e-03
-2.330765451547392626e-03
-7.806201504130291791e-03
-1.167554783798674910e-02
-1.260018418733801701e-02
-3.621409490620568390e-03
1.193380792403366322e-02
2.722213271433657905e-02
3.578863408977442373e-02
3.143676068972788007e-02
2.083226421136591400e-02
1.162908330001651003e-02
2.180491656870525968e-03
6.817159258397331896e-03
1.366560649548780905e-02
2.204499660864566932e-02
2.953561319863391016e-02
3.374845101631231831e-02
2.682571223413671851e-02
4.836449202285832659e-03
-1.105311000121332946e-02
-2.001257088527277211e-02
-2.389204155552770992e-02
-1.985056161225581817e-02
-1.558807675400647116e-02
-1.321926050573944515e-02
-1.480697127194683695e-02
-1.714835832592407142e-02
-1.361273717103365748e-02
-1.039759402803386995e-02
-5.215326136899327975e-03
1.949863649654201342e-03
2.576673449375334497e-03
8.664621908745715731e-05
-5.332382560681373819e-03
-9.004513186500619215e-03
-8.425397166379248320e-03
-3.499062156264855922e-03
1.851192145583581633e-03
1.869684474757781845e-03
3.289951844757523316e-04
-8.669435443929276661e-03
-1.697680154510501291e-02
-1.444472291342200655e-02
-1.580474550919046955e-02
-9.268263089533743809e-03
-1.310190572233858311e-03
-5.792353639688990665e-04
2.821169211674215156e-03
1.484438556814633280e-03
1.777920990394809457e-03
3.143536834484007229e-03
3.911753181010803153e-03
3.058225874143956358e-03
6.606736164567210325e-04
1.569359660586097747e-03
-1.915812860890822415e-03
-3.680862617329920278e-03
-1.347978812488936050e-04
8.081587432297230450e-03
1.738529564454628640e-02
1.744946285323292420e-02
7.923078912141050256e-03
2.524818547625156813e-05
-1.792729572808697677e-03
3.130110651637298125e-03
6.869909239003956815e-03
6.250932373808798861e-03
5.855426863106639492e-03
2.824371604916170973e-03
3.673045595316947430e-03
1.395431915329518359e-02
2.208358445267916831e-02
2.344211525035356028e-02
1.159234528561966203e-02
3.626342369651655486e-03
-4.199033712647862182e-03
-1.167415549309894218e-02
-8.516237724988016955e-03
-7.685803452617509177e-03
-1.063970291338222490e-02
-1.441273876228495697e-02
-1.619619332907673570e-02
-1.477108855512392939e-02
-1.736866706845761887e-02
-2.037298930480219844e-02
-2.088795800687818366e-02
-2.877280710652830795e-02
-2.808359638706392145e-02
-2.049193533950341081e-02
-1.275387917231063720e-02
-4.017213360941543528e-03
9.606523334705788317e-04
3.276545552552069269e-03
6.843176217158065261e-03
1.223922872049472074e-02
9.088232895540320627e-03
8.664681580669479979e-03
9.273752906519954278e-03
5.865471636940103664e-03
5.690175415565223299e-03
5.615764526632574007e-03
5.068234844823162402e-03
1.089840059353673618e-02
1.655098269713117451e-02
1.925213177947644044e-02
1.430033674855643762e-02
1.076674443907397159e-02
1.360675008801608826e-02
1.423746243155133220e-02
1.330775396868019537e-02
1.017336682917320718e-02
3.368440315147320455e-03
-2.451004377930139991e-03
-2.943536436671181922e-03
7.757151182796982736e-04
3.059518765825491350e-03
6.241424647289204632e-03
1.148990848315958879e-02
8.186590127479119808e-03
3.110597932566748318e-03
-2.267194962098383320e-03
-2.791353140433894871e-03
-8.205287330258240154e-04
3.303059777344162246e-03
3.479111843086709396e-03
-1.982945764188491847e-03
-7.904680068980743726e-03
-6.901157436414592609e-03
-1.238411215139165016e-02
-1.138832697827345253e-02
-1.025159672122669639e-02
-9.370262297886221628e-03
-6.210633934627418987e-03
-3.314656021195467282e-03
-7.616186208227167763e-03
-1.787605743621568585e-02
-2.261585801264646978e-02
-2.024628592001177785e-02
-2.051560520259613010e-02
-2.156821793777809540e-02
-1.731448496168068105e-02
-1.655352869921173503e-02
-1.542805654511495914e-02
-1.616671539873773891e-02
-1.510081571519784373e-02
-1.237086498431622973e-02
-7.122659617423406607e-03
-3.440185858151881271e-03
-4.757741934842237702e-03
-1.647955540438668257e-04
3.990500229736906705e-03
3.327326359674509602e-03
2.801875289657463491e-03
2.861865463680684021e-03
7.683913841698342649e-03
1.011232245116350410e-02
1.381902301148286646e-02
1.711257506230743491e-02
1.979633972419636914e-02
2.159785499324712657e-02
2.130287678344462352e-02
1.402793441657765837e-02
8.932190814899682030e-03
5.802776335706287363e-03
2.538741996503225597e-03
-3.385506485343581229e-03
3.071075228394288550e-04
5.503601200599106229e-03
8.811215934790521745e-03
1.311433737312257299e-02
1.447746290892672205e-02
1.505369478606620806e-02
9.944345985770236540e-03
5.137195698052109821e-03
4.770034351137446629e-03
-2.565932503097967735e-03
-1.057497876674046156e-02
-1.293987655868037573e-02
-1.360915685560786827e-02
-7.524967727434565302e-03
-8.135073366630265687e-03
-3.325198061060290634e-03
4.169317094613812953e-03
-7.103942524003031746e-04
5.803472508150190820e-04
3.528858336863922342e-03
3.170667669154986039e-03
-1.594324404424474206e-03
-3.131343871395069790e-03
-1.444482236662827761e-03
6.819546135347858036e-03
8.084571028485388125e-03
1.175047588359201187e-02
1.082717220720478754e-02
1.409568194069008712e-02
9.481689670193277353e-03
1.078005127807315361e-02
9.620009189476259881e-03
4.513484860238409918e-03
5.099781401852614832e-03
7.759697184877544125e-03
7.976902987375409856e-03
1.165754680765153199e-02
1.539772331720202364e-02
1.577508856308018625e-02
1.086204050132372374e-02
1.249772749423668644e-03
-1.152553262164619178e-03
-3.910042585862925739e-03
-5.283013989087995133e-03
-5.477027303883249924e-03
-8.534019958269435267e-04
-3.022323266679794503e-03
-8.371016153189763179e-03
-7.896962500174043234e-03
-1.249766782231292485e-02
-1.668592080740090994e-02
-2.245315256718561497e-02
-2.590457663764622262e-02
-2.635072372098204441e-02
-2.360820210482765871e-02
-1.835572025006514119e-02
-1.866100181203741645e-02
-1.554610750095972334e-02
-1.025056240788146944e-02
-7.509234230202347683e-03
-1.190134639750650876e-02
-1.159359839601869016e-02
-1.269581839048909179e-02
-7.858692906400609537e-03
-4.168322562551093728e-03
1.161354870919683669e-03
-1.869899293683329128e-03
1.885386146963991937e-03
3.571981247103425509e-03
5.351020091536731922e-03
1.006130295634601046e-02
1.463185406634324483e-02
1.618411970983532622e-02
1.478069573484979728e-02
5.439851695378807375e-03
9.687736822947435201e-04
1.646895369259809578e-03
1.896855090711269468e-03
4.681660232044220459e-03
6.130076837547166098e-03
4.594897254892600647e-03
3.116445781095536906e-04
1.113006689222653927e-03
3.699539929467786543e-03
6.201026754901551967e-03
7.806181613489037059e-03
1.132354315970792585e-02
7.770279006024876506e-03
9.103807267642502130e-03
9.348143904811347105e-03
4.229148143506998234e-03
6.990824447189352905e-03
5.209020803621688261e-03
7.613481081016571124e-03
1.330560577942472428e-02
1.329969825897217225e-02
1.187779587826131959e-02
3.149245448524015407e-03
1.799695275375982895e-03
-2.283982663317083057e-03
-2.160720359463668555e-03
7.214693614507438745e-04
2.455002396822271622e-03
2.770109935574212919e-03
1.845483531543573455e-03
-1.239399780009507908e-03
-5.276589311962829199e-04
2.384887886400569837e-04
4.284424235552930678e-03
4.651545801185084407e-03
2.398115162834734554e-03
-1.325514322256235228e-03
-2.768518684273862159e-03
-5.080746058172169906e-03
-7.278403338445228569e-03
-7.618175272352605346e-03
-3.404323031970228012e-03
-6.518381936115239320e-03
-5.242297846440271102e-03
-9.509775255644467226e-03
-1.246343602871412964e-02
-9.606185193804463521e-03
-8.600713278395382549e-03
-6.632037060242785068e-03
-4.436687094355235353e-03
-1.665570692333550196e-03
-3.091264229267487191e-03
-5.661731798571454331e-03
-3.232547454097373096e-03
-3.110160338459152032e-03
-3.604025070164237118e-03
-4.295284525677823227e-03
-5.745809539153733103e-03
-7.498055689817383768e-03
-5.864735683213690744e-03
-4.872829185140100695e-03
-1.287143286212404179e-03
2.591929571217446802e-03
2.820612273719092650e-03
1.895693477262013491e-03
3.856775448583687343e-03
3.153283248698654766e-03
1.862444281341186234e-03
1.170367320472044800e-03
3.916168903369275959e-05
-1.480062615738668907e-03
-2.066060797734058270e-03
-4.182822840025539682e-03
-2.199785578887277632e-03
-6.308376545751458002e-04
1.277868280195485233e-03
4.460993457968091304e-03
2.291859357253818365e-03
2.369353295580896388e-03
2.821606805781811441e-03
3.076505373456734933e-03
4.236825931031190998e-03
3.897571153796427264e-03
2.681497128785935175e-03
3.270001531579376682e-03
2.977927355400011074e-03
4.435036171131122133e-03
4.895226047192536255e-03
5.077702790060248904e-03
3.560981722489751575e-03
2.566549112976853134e-03
1.874607408468241575e-03
9.235085499921432675e-04
4.054110500468424824e-04
-2.609274210391269072e-05
-9.984763768799142256e-05
-2.940811418819331419e-04
-4.931108764015443811e-04
4.165120169309138778e-04
1.077593391533349532e-03
8.558465556371072386e-04
8.922325056837508055e-04
3.480424625409498903e-04
-3.173810390473178313e-04
-8.763199926802439643e-04
-1.120728236157605496e-03
-1.071405413039111043e-03
-7.334355712293809089e-04
-1.618177261416730759e-04
-3.711354970372890156e-05
-7.282083107077289323e-05
-1.821242807046856579e-04
-3.507396334950442680e-04
-3.787516235735923723e-04
-8.594328382552725212e-04
-1.295286514741948811e-03
-1.529262116881386279e-03
-1.736982072565037508e-03
-1.490525093038474634e-03
-1.096744100933070036e-03
-7.691472285375008542e-04
-6.857358244372440933e-04
-7.847136443831812880e-04
-8.451891500530085265e-04
-7.374256338650101708e-04
-6.549709696090892522e-04
-5.420219632460731348e-04
-5.336579485986049295e-04
-4.326592395012222999e-04
-4.165637325981752688e-04
-3.734567348716755393e-04
-2.961159544822565852e-04
-2.294365578051870943e-04
-1.143859062872327976e-04
-1.152115668057022594e-04
-9.369466672236045435e-05
-5.275873248877671092e-05
-3.970271447581198980e-05
-2.464927826808208680e-05
-6.959695593626243690e-06
1.775593785368046360e-05
6.540281532136314928e-06
-1.624426900898858303e-05
-1.393220076022031030e-05
-1.489936330057344754e-06
1.509753375939086932e-05
2.812954376836155024e-05
3.689435483710559694e-05
4.527607215529021802e-05
4.981412195747778884e-05
5.812781328257241882e-05
6.414373772996068319e-05
6.999596219982536004e-05
7.525365540259653968e-05
7.999359521351609339e-05
8.405307618712319596e-05
8.736188435978988625e-05
9.017999041271091483e-05
9.277333221945741645e-05
9.496846338829117464e-05
9.680456848248331319e-05
9.826533717620523206e-05
