5.027031354236157282e-03
4.979346230820546650e-03
4.932201467645096031e-03
4.885370246831220384e-03
4.840707138092060872e-03
4.795637091394262114e-03
4.748905937291527692e-03
4.711074049366243723e-03
4.659699799866577272e-03
4.615256837891927588e-03
4.570493662441626852e-03
4.546751167444963194e-03
4.497778519012674871e-03
4.441847898599066320e-03
4.419066044029353220e-03
4.354596397598398290e-03
4.313689126084056281e-03
4.307938625750499899e-03
4.198992661774516612e-03
4.202314876584388806e-03
4.190727151434289581e-03
4.191407605070046442e-03
4.065156771180787089e-03
4.065617078052034122e-03
3.964763175450300610e-03
3.909773182121414371e-03
3.939459639759839045e-03
3.839492995330220058e-03
3.801180787191461245e-03
3.782541694462974915e-03
3.704496330887257528e-03
3.721014009339559860e-03
3.852935290193462183e-03
3.671247498332221287e-03
3.685943962641760694e-03
3.616350900600399758e-03
3.451320880587058042e-03
3.381094062708472382e-03
3.475777184789859402e-03
3.468912608405603885e-03
3.523615743829219479e-03
3.338552368245496869e-03
3.087184789859906409e-03
3.512008005336891142e-03
3.278412274849899864e-03
3.335263509006003782e-03
3.190473649099399324e-03
2.989286190793862333e-03
2.912621747831887781e-03
3.200500333555703677e-03
3.051394262841894758e-03
2.671661107404936595e-03
2.985183455637091185e-03
3.047871914609739680e-03
2.730580386924616292e-03
2.683215476984656279e-03
2.837158105403602294e-03
2.621147431621080777e-03
2.716624416277518047e-03
2.681094062708472281e-03
2.828365577051367413e-03
2.452515010006671003e-03
2.666124082721814392e-03
2.284009339559706347e-03
2.569753168779186081e-03
2.488965977318212137e-03
2.401594396264175937e-03
2.160246831220813749e-03
2.811667778519012610e-03
2.256237491661107139e-03
2.256450967311540885e-03
2.482728485657104394e-03
2.233609072715143484e-03
2.179412941961307495e-03
1.776871247498332121e-03
1.915590393595730445e-03
2.155510340226817877e-03
2.301420947298198419e-03
1.923909272848565478e-03
1.933042028018679007e-03
2.178899266177451808e-03
1.808018679119412827e-03
2.088632421614409606e-03
1.612855236824549615e-03
1.888672448298866005e-03
1.313542361574382856e-03
2.114142761841227534e-03
1.651127418278852590e-03
1.585783855903935948e-03
1.378739159439626352e-03
1.699593062041360875e-03
1.435737158105403416e-03
1.733529019346230710e-03
1.429779853235490237e-03
1.273835890593729044e-03
1.289806537691794413e-03
1.200853902601734446e-03
1.099959973315543576e-03
1.231761174116077296e-03
1.262655103402268199e-03
9.367378252168111034e-04
1.127871914609739849e-03
9.490193462308205456e-04
1.175650433622414974e-03
7.553502334889926903e-04
1.325943962641761226e-03
9.437558372248164990e-04
9.595263509006003938e-04
7.604736490993995639e-04
1.159919946631087244e-03
8.535490326884589236e-04
1.076124082721814559e-03
5.621134089392928459e-04
8.411541027351566351e-04
6.659826551034022648e-04
1.133348899266177316e-03
4.495523682454970107e-04
9.213208805870580194e-04
2.812821881254169319e-04
1.332835223482321503e-03
5.173809206137424755e-04
6.096791194129418980e-04
4.569159439626417347e-04
4.331307538358905693e-04
4.887071380920613405e-04
3.587525016677784958e-04
4.638205470313542839e-04
3.052848565710473408e-04
3.279926617745163031e-04
2.656117411607738284e-04
3.139899933288859205e-04
3.958232154769846249e-04
2.874603068712475043e-04
1.381641094062708544e-04
3.273155436957971573e-04
-6.297858572381587693e-05
7.535090060040026049e-05
5.008765843895929574e-04
3.260633755837224465e-05
2.237638425617078004e-04
-1.409092728485656970e-04
1.600633755837224637e-04
1.409979986657771821e-04
-6.833288859239493274e-05
-1.715383589059372744e-04
-4.028245496997998705e-04
-4.065176784523015117e-04
5.676591060707137840e-05
-3.941847898599065985e-04
-2.200887258172114387e-04
-2.535143428952634924e-04
-1.072428285523682360e-04
-3.255937291527684894e-04
-1.648365577051367570e-04
-7.255970647098065494e-05
-3.491661107404936360e-04
-9.506337558372247214e-04
7.745496997998665197e-05
-6.416937958639093182e-04
-5.670680453635756338e-04
-4.738999332888592375e-04
-4.507678452301534214e-04
-8.448232154769846425e-04
-7.873382254836557839e-04
-4.045130086724482927e-04
-3.579219479653101763e-04
-8.830553702468312352e-04
-8.710940627084721955e-04
-4.965597064709807154e-04
-8.535090060040025420e-04
-1.219199466310873833e-03
-7.134623082054703620e-04
-9.358438959306203874e-04
-9.252968645763841576e-04
-4.461741160773849283e-04
-1.019186124082721795e-03
-8.299599733155436270e-04
-6.259933288859239556e-04
-8.563842561707804080e-04
-1.116050700466977982e-03
-9.154236157438291411e-04
-1.334322881921280778e-03
-1.421501000667111476e-03
-1.424222815210140006e-03
-9.220547031354236426e-04
-1.000146764509673167e-03
-1.085943962641761247e-03
-1.036310873915943873e-03
-9.181921280853902424e-04
-1.461427618412274683e-03
-1.095810540360240073e-03
-1.307284856571047302e-03
-1.406057371581053957e-03
-1.369399599733155375e-03
-1.595123415610406707e-03
-1.214116077384923232e-03
-9.407404936624416767e-04
-1.287705136757838443e-03
-1.379232821881254010e-03
-1.345523682454970085e-03
-1.031507671781187402e-03
-1.268445630420279987e-03
-1.137725150100066729e-03
-1.143148765843895976e-03
-1.779953302201467543e-03
-1.273288859239492948e-03
-1.351234156104069327e-03
-1.478559039359572842e-03
-1.555750500333555678e-03
-1.362428285523682552e-03
-1.662655103402268164e-03
-1.740940627084723189e-03
-1.251100733822548298e-03
-1.529092728485657122e-03
-1.787665110073382180e-03
-1.625263509006003851e-03
-1.737758505670446759e-03
-1.375910607071380949e-03
-1.554122748498999338e-03
-1.859239492995330050e-03
-1.636090727151434318e-03
-1.473635757171447552e-03
-2.109466310873915965e-03
-1.640280186791194094e-03
-1.658438959306204278e-03
-1.676044029352901851e-03
-1.532414943295530400e-03
-1.663142094729819958e-03
-1.554182788525683640e-03
-1.960993995997331336e-03
-1.688152101400933929e-03
-2.023222148098732364e-03
-2.025303535690460306e-03
-1.868872581721147536e-03
-2.292795196797865146e-03
-2.015156771180787350e-03
-2.197931954636424354e-03
-2.266090727151434236e-03
-1.980733822548365504e-03
-2.005583722481654382e-03
-2.091641094062708563e-03
-1.693609072715143151e-03
-2.130380253502334870e-03
-2.867805203468979259e-03
-2.292735156771180411e-03
-4.434789859906604543e-04
-7.241427618412273580e-04
-3.088672448298865683e-03
-4.594449633088725990e-03
-1.899352901934623110e-03
6.784456304202801744e-04
-3.474723148765843702e-04
-2.481661107404936530e-03
-6.106964643095396696e-03
-3.475056704469646051e-03
1.411507671781187315e-03
-8.226350900600399923e-04
-3.433095396931287475e-03
-7.056304202801867535e-03
-2.601507671781187400e-03
2.202314876584389632e-03
7.911407605070046659e-04
-4.410607071380920688e-03
-6.894262841894595664e-03
-5.575043362241493758e-03
1.556837891927951786e-03
1.092268178785857184e-03
-2.489479653102068257e-03
-2.029439626417611862e-03
-8.280720480320211867e-04
1.688498999332888658e-03
-3.587344896597731946e-03
-5.820727151434289086e-03
-1.756037358238825763e-03
-2.713909272848565382e-03
-4.108138759172780957e-03
1.835890593729152826e-03
-2.075983989326217298e-03
-8.701334222815209881e-04
-4.708519012675116584e-03
-9.019946631087391586e-03
-5.213735823882588612e-03
1.546337558372248020e-03
1.953782521681120602e-04
1.508845897264843132e-03
-6.992661774516344131e-03
9.958172114743162398e-03
1.023462308205470329e-02
-1.100386924616410939e-02
-1.721474316210807112e-02
-1.257391594396264217e-02
4.176244162775183053e-03
9.675316877918610850e-03
1.125490326884589533e-02
3.526450967311540747e-03
-1.637725150100066696e-02
-3.864336224149432855e-03
1.054082721814542968e-02
-1.083028685790526913e-02
-2.331741160773849117e-02
-9.370713809206136693e-04
5.296384256170780236e-03
2.347491661107405092e-02
5.221134089392928494e-03
-1.646230820547031279e-02
-1.436637758505670409e-02
-2.650633755837224562e-02
1.056997998665777129e-02
1.272628418945963985e-02
2.502515010006671134e-02
8.431621080720480901e-03
1.501721147431620863e-03
-2.134242828552368118e-02
-1.303135423615743756e-02
-4.708639092728485187e-03
3.009386257505003177e-03
-1.504649766511007188e-02
-6.199579719813208371e-03
2.873342228152101288e-02
2.757731821214142592e-02
-7.710607071380919803e-03
2.217751834556370635e-03
-1.075970647098065287e-02
-8.246964643095395370e-03
-1.291634422948632378e-02
-1.809933288859239334e-02
-1.782868579052701574e-02
1.201287525016677717e-02
2.783115410273515316e-03
2.062741827885256757e-02
8.001601067378251095e-03
2.814016010673782431e-02
1.702655103402268139e-02
-8.189326217478318584e-03
-4.658032021347564659e-03
-1.432068045363575452e-02
-2.876317545030019490e-02
-3.938992661774515930e-02
-1.841127418278852654e-03
2.213882588392261305e-02
2.916437625083388718e-02
-7.891060707138091877e-04
1.302114743162108117e-02
-3.834923282188125145e-04
1.672828552368245403e-02
-1.312975316877918602e-02
-1.869693128752501765e-02
-2.676097398265510005e-02
5.851294196130753938e-03
4.214209472981987614e-02
1.852248165443629024e-02
-3.244216144096064014e-02
-8.027484989993328296e-03
-1.317238158772514843e-02
-3.228365577051367486e-04
2.311547698465643910e-02
4.122901934623082049e-02
7.418679119412941413e-03
-2.684903268845897136e-03
-2.099839893262174864e-02
-5.177144763175450110e-02
-5.183288859239492535e-02
-2.706104069379585905e-02
5.381654436290860682e-02
5.786584389593062150e-02
6.047845230153434809e-02
1.882454969979986681e-02
-4.043782521681120457e-02
-6.058879252835223245e-02
-5.387611741160773515e-02
-1.147124749833222006e-03
1.692968645763842650e-02
4.083315543695797273e-02
1.077618412274849828e-02
-2.347024683122081457e-02
-3.894529686457638001e-02
-3.448519012675116402e-02
9.190860573715811319e-03
7.406537691794529144e-03
4.520853902601734003e-02
2.012708472314876304e-02
1.836344229486324212e-03
-3.794636424282855219e-02
-1.177658438959306060e-02
-9.882921947965309789e-03
-9.393995997331553317e-04
-1.525970647098065427e-03
1.342761841227484848e-02
3.969853235490326815e-02
-6.654969979986657957e-03
-3.357318212141427449e-02
-2.870126751167444840e-02
-1.575623749166110699e-02
4.131527685123414888e-03
3.786277518345563392e-02
-3.039886591060706952e-02
1.583962641761173934e-02
3.777831887925283544e-02
2.256951300867244756e-02
-1.890700466977985120e-02
-1.372628418945963900e-02
-3.470720480320213519e-02
4.963509006004002480e-04
-2.749513008672448133e-02
8.472048032021346330e-04
-1.089346230820547115e-02
1.826517678452301355e-02
1.213955970647098009e-02
-1.863815877251500872e-02
1.023742494996664372e-02
8.423215476984656155e-03
5.206771180787191089e-02
-8.329486324216144044e-03
-2.988492328218812430e-02
-9.111874583055369625e-02
2.560900600400266638e-02
1.707791861240827089e-02
1.100473649099399480e-02
1.092688458972648421e-02
-2.331627751834556422e-02
-7.281587725150099645e-03
5.007224816544362384e-02
6.447038025350234052e-04
-2.541127418278852496e-02
-2.714949966644429266e-02
1.434936624416277388e-02
-4.008238825883922440e-02
-1.327044696464309628e-02
4.343949299533021377e-03
2.350420280186791069e-02
3.290306871247498238e-02
1.383629086057371581e-02
-2.210607071380920469e-02
-2.054376250833889195e-02
-1.155550366911274260e-02
3.431414276184122786e-02
-1.848025350233489100e-02
2.060987324883255256e-02
-4.313735823882587986e-03
2.833068712474983569e-02
-2.925730486991327817e-02
-3.685670446964642993e-02
-3.558779186124082922e-02
-7.082121414276183703e-05
2.742281521014009252e-02
2.711927951967978492e-02
-1.327818545697131286e-02
8.657438292194796076e-03
3.742434956637758631e-02
9.896864576384256304e-03
-4.752008005336891272e-02
-2.799432955303535631e-03
-4.841134089392928365e-03
-1.849753168779185927e-02
-2.701200800533689120e-02
-1.442008005336891004e-02
3.537344896597731381e-02
3.083602401601067203e-02
-2.474656437625083472e-02
1.972548365577051280e-02
-3.454009339559706293e-02
-1.722068045363575627e-04
2.369526350900600514e-02
-2.073789192795196662e-02
1.034242828552368312e-03
-8.741427618412274045e-03
4.805383589059372684e-02
-3.864062708472314894e-02
-7.489593062041360882e-02
-3.314216144096063937e-02
4.829299533022014118e-02
8.338025350233488342e-02
7.703402268178785421e-03
-3.627058038692461406e-03
-1.146297531687791825e-02
1.373849232821881122e-02
2.798825883922614888e-02
2.369733155436958005e-02
2.424022681787858444e-02
-4.538792528352234706e-02
4.643435623749165436e-02
1.281420947298198693e-02
-5.495550366911274021e-02
-7.034889926617744239e-03
-4.533569046030686694e-02
-6.602401601067377224e-02
-1.605617078052034782e-02
-1.837565043362241260e-02
2.720260173448965993e-02
2.953028685790527047e-02
-2.370527018012007908e-02
3.955877251501000585e-02
8.966044029352901457e-03
4.125630420280186617e-02
-3.076130753835890422e-02
1.635023348899266107e-02
1.597164776517678159e-02
1.311140760507004642e-02
-3.374442961974649310e-03
-1.466717811874582948e-03
-8.392528352234822353e-02
-6.543609072715143860e-02
8.312274849899933121e-03
4.443915943962641751e-02
3.193275517011340964e-02
-5.926304202801867954e-02
-3.893388925950633239e-02
-1.688759172781854542e-02
4.638458972648432099e-02
5.302788525683788806e-02
4.321467645096731258e-02
5.838825883922615229e-02
7.710940627084722498e-02
8.978052034689792960e-02
-1.644869913275516819e-03
-3.856477651767845072e-02
-4.961214142761841139e-02
4.773829219479652601e-03
1.860340226817878626e-02
-1.063262174783188851e-02
-1.015817211474316223e-01
1.081314209472981902e-02
6.754636424282856044e-02
1.273328885923949161e-01
-1.902721814543028786e-02
-1.861407605070046836e-02
-1.041394262841894569e-01
-4.072808539026017555e-02
-2.668358905937291345e-02
-1.383348899266177365e-02
1.285283522348232114e-02
6.361981320880585877e-02
2.264096064042695269e-02
9.134889926617744543e-03
-5.189046030687124306e-02
2.291187458305536835e-03
-7.284122748498998712e-02
-2.958759172781854838e-02
1.469266177451634438e-02
1.968992661774516401e-02
4.360366911274182744e-02
-4.075643762508338909e-04
3.654182788525683206e-02
-6.742961974649766717e-03
3.865416944629752882e-02
-2.532775183455637097e-02
-1.228385590393595572e-01
-8.539893262174783062e-02
-2.472094729819879905e-02
6.522821881254169119e-02
6.195470313542361662e-02
1.796390927284856678e-02
9.001801200800534086e-02
-5.623842561707805259e-04
4.553435623749166328e-02
1.594643095396931429e-02
-1.309132755170113425e-02
-3.822348232154769432e-02
-4.294049366244162558e-02
-4.741267511674449736e-02
-1.117158105403602275e-01
-9.463175450300199965e-02
-1.370780520346897777e-02
2.916217478318879064e-02
4.751881254169446067e-02
3.707625083388926129e-02
2.990020013342227848e-02
-2.576177451634422896e-02
3.029719813208805565e-05
-6.542268178785856647e-02
-2.822448298865910810e-02
-1.959352901934623137e-02
-2.599199466310873549e-02
4.190413609072714957e-02
-6.041180787191460788e-02
-3.226077384923282249e-02
-3.831554369579719815e-02
-4.086997998665777010e-02
-3.428212141427618154e-02
-5.025203468979319577e-02
1.525203468979319417e-02
1.921861240827217945e-02
-4.173909272848565222e-02
-5.115316877918612420e-02
-3.884663108739159348e-02
-3.042008005336891210e-02
-9.213008672448298395e-03
3.281347565043361836e-02
3.989252835223482119e-02
4.012041360907271648e-02
3.203549032688458864e-02
-3.631494329553035250e-02
-9.827284856571047444e-02
-1.312354903268845852e-01
-1.235123415610406838e-01
-1.135010006671113986e-01
-9.925950633755836749e-02
-9.015943962641760623e-02
-8.988592394929953433e-02
-1.322281521014009031e-01
-1.513055370246831344e-01
-2.228612408272181711e-01
-2.003749166110740387e-01
-2.251174116077384879e-01
-2.470426951300867258e-01
-2.812421614409606474e-01
-2.556704469646430833e-01
-2.633749166110740392e-01
-2.782768512341560752e-01
-3.206297531687791746e-01
-3.347518345563709197e-01
-3.319573048699132611e-01
-2.779633088725816936e-01
-2.683715810540360236e-01
-2.936611074049366166e-01
-3.120973982655103618e-01
-2.922168112074716717e-01
-2.801220813875917037e-01
-3.253649099399599787e-01
-3.753635757171447374e-01
-2.662501667778519043e-01
-1.833522348232154708e-01
-5.064749833222147862e-02
-2.658825883922614867e-03
-4.967905270180120181e-02
-1.097198132088058609e-01
-8.461240827218144411e-02
-4.675236824549700021e-02
-5.635810540360240012e-02
1.102054703135423551e-02
8.524683122081387621e-02
1.442361574382921841e-01
1.888585723815877082e-01
1.161187458305537046e-01
3.421581054036024194e-02
2.260807204803201922e-02
6.625016677785189323e-02
1.422908605737157883e-01
1.868365577051367410e-01
1.323695797198131963e-01
1.141781187458305452e-01
2.131034022681787751e-02
-1.521314209472982156e-04
-1.277298198799199473e-02
1.789152768512341368e-02
1.417204803202134766e-01
2.713535690460306959e-01
1.982214809873248940e-01
1.223735823882588364e-01
1.082288192128085403e-03
-1.078512341561040783e-01
-1.014649766511007273e-01
-1.134683122081387580e-01
-1.465183455637091292e-01
-2.332488325550366795e-02
-3.414716477651767723e-02
3.682401601067377805e-03
1.019286190793862457e-02
-1.030540360240159992e-01
-8.031754503002000445e-02
-1.698005336891260653e-01
-1.426084056037358050e-01
-1.580086724482988592e-01
7.469446297531687207e-02
2.108325550366911272e-01
3.084296197464976297e-01
2.913582388258839084e-01
2.765850567044696451e-01
1.891627751834556170e-01
-2.907198132088058273e-02
-1.238378919279519708e-01
-1.639986657771847767e-01
1.454723148765843799e-01
3.267411607738492374e-01
3.850960640426950854e-01
-2.586517678452301267e-02
-2.060640426951300674e-01
-1.208205470313542251e-01
-1.419726484322881843e-01
-2.698132088058705774e-02
9.930620413609071717e-02
1.859246164109406088e-02
2.205617078052034552e-01
4.228145430286858186e-01
3.678785857238158763e-01
4.611907938625750547e-02
-7.377318212141427411e-02
-1.501714476317544955e-01
-1.670146764509672921e-01
-2.027178118745830426e-01
-3.667925283522348034e-01
-5.606137424949966253e-01
-5.766097398265510598e-01
-4.845950633755837234e-01
-2.830553702468312505e-01
-7.998999332888591385e-02
4.869406270847231183e-02
7.875250166777851557e-02
2.024889926617745028e-01
3.440446964643095185e-01
3.582141427618412144e-01
3.004076050700466571e-01
2.024236157438292216e-01
2.137438292194796252e-01
3.727491661107404375e-01
5.013482321547698684e-01
6.889459639759839549e-01
7.207471647765176792e-01
5.731287525016677264e-01
4.130453635757171393e-01
2.013669112741827971e-01
-3.976470980653768871e-04
-1.073155436957971970e-01
1.283929286190793780e-02
1.425330220146764637e-01
2.411774516344229180e-01
3.105030020013341829e-01
3.624503002001334129e-01
3.287985323549032501e-01
1.827585056704469635e-01
2.667458305537024343e-01
5.710213475650433024e-01
5.269553035356904225e-01
5.976524349566377792e-01
6.694196130753835572e-01
3.853855903935957117e-01
5.961414276184122396e-02
-6.814476317545030415e-02
-1.863042028018679075e-01
-3.446764509673115318e-01
-3.260727151434289484e-01
-2.327191460973982717e-01
4.226057371581054198e-03
3.509939959973315537e-01
5.755016677785189660e-01
4.867998665777184542e-01
4.822875250166777095e-01
2.074823215476984672e-01
-5.991714476317544849e-03
-1.278872581721147428e-01
-2.962961974649765962e-01
-8.735023348899265128e-02
9.112875250166778407e-02
3.096424282855236854e-01
4.363268845897264603e-01
4.145463642428285356e-01
1.927204803202134664e-01
1.489459639759839749e-01
-7.617144763175449917e-02
3.457725150100066785e-02
3.508298865910606645e-03
-2.394456304202801852e-02
1.542781854569713063e-01
2.317391594396264187e-01
1.876457638425617080e-01
1.694082721814542947e-01
2.979873248832555221e-01
4.220760507004669426e-01
4.587931954636424448e-01
3.663975983989326002e-01
3.739379586390927379e-01
3.265130086724483127e-01
2.898892595063375377e-01
3.527998665777184462e-01
3.959833222148098630e-01
1.796784523015343416e-01
-3.807258172114742767e-02
-1.621214142761841226e-01
-2.407258172114743189e-01
-2.181100733822548265e-01
-5.358779186124082439e-02
2.396264176117411659e-01
5.463228819212808673e-01
4.740513675783856185e-01
5.454196130753835581e-01
3.656110740493662692e-01
2.268332221480987287e-01
3.783048699132755127e-02
4.763342228152100954e-02
-2.828939292861907748e-02
8.028085390260172871e-02
-6.649439626417612270e-02
-1.801567711807871772e-02
3.282114743162107412e-02
-7.891127418278852390e-02
3.697491661107404903e-02
1.535483655770513711e-01
4.332001334222814609e-03
-1.453202134756504393e-01
-9.992795196797864266e-02
-2.965603735823882370e-01
-3.139926617745163462e-01
-1.937211474316210824e-01
2.684643095396931078e-02
1.607258172114743033e-01
1.830140093395597189e-01
3.715817211474315984e-01
2.199419613075383473e-01
-4.574096064042695170e-02
-1.389226150767177981e-01
-1.079072715143428868e-01
-1.050687124749833251e-01
6.701400933955969919e-02
7.822481654436290455e-02
1.354236157438292176e-01
2.137424949966644228e-01
2.005950633755837209e-01
1.545243495663775612e-01
2.428905937291527539e-01
3.069459639759840042e-01
5.334309539693128377e-01
6.912274849899933127e-01
5.122741827885256560e-01
2.351094062708472265e-01
7.098799199466311605e-02
6.435396931287524873e-03
-8.826951300867244554e-02
-5.117871914609739559e-02
-1.935850567044696269e-01
-4.678185456971313827e-01
-3.845623749166110494e-01
-2.942001334222814624e-01
-2.051060707138091799e-01
-1.168519012675116736e-01
2.635583722481654387e-02
3.181707805203468770e-02
6.653302201467643784e-02
-2.341180787191460971e-02
-5.468452301534355853e-02
-3.120887258172114764e-01
-3.863702468312207872e-01
-3.239186124082721330e-01
-2.881067378252167854e-01
-2.734596397598398898e-01
-1.418118745830553862e-01
-1.348065376917945146e-01
-3.814349566377584627e-02
8.869646430953968819e-02
2.518392261507671481e-01
7.770847231487656992e-02
1.242815210140093274e-01
1.505123415610406801e-01
3.667064709806537592e-02
-1.085336891260840625e-01
-2.813495663775850142e-01
-4.931180787191460357e-01
-7.256504336224148810e-01
-5.508065376917944400e-01
-2.749339559706471259e-01
1.673462308205470039e-01
1.448272181454302865e-01
-1.284102735156771036e-01
-2.281447631754502658e-01
-3.646430953969313077e-02
1.627138092061374275e-01
5.325316877918612885e-02
-6.615050033355569792e-02
-4.343248832555036687e-01
-8.216877918612408571e-01
-9.181320880587057198e-01
-6.186344229486324675e-01
-5.335817211474315203e-01
-1.873602401601067238e-02
6.207691794529686391e-02
1.135010006671113986e-01
2.750433622414942894e-02
-4.040820547031354071e-01
-7.719946631087392097e-01
-1.000000000000000000e+00
-7.552168112074716388e-01
-4.101260840560373433e-01
-2.011994663108739034e-01
-1.305056704469646500e-01
-1.749052701801200593e-01
-2.535817211474316046e-01
-2.634809873248832313e-01
-1.680326884589726510e-01
-2.662775183455636796e-01
-2.137711807871914282e-01
-1.757438292194796470e-01
-1.294276184122748474e-01
-1.993775850567044428e-01
-2.819486324216143869e-01
-3.913569046030687115e-01
-4.114176117411607603e-01
-6.008779186124082461e-01
-6.043248832555035976e-01
-4.758392261507671250e-01
-2.591440960640426505e-01
-9.348565710473648316e-02
-1.091687791861240819e-01
-6.172468312208138908e-02
-2.261467645096731371e-01
-2.209052701801201002e-01
-8.866711140760506760e-02
-4.529372915276851097e-02
8.721347565043360839e-02
2.697978652434956381e-01
1.569166110740493822e-02
-1.178172114743162163e-01
-1.170547031354236128e-01
-1.732274849899933244e-01
-2.596877918612408020e-01
-1.475717144763175337e-01
-3.554556370913942998e-02
-9.934889926617744560e-02
-1.539359573048698915e-01
1.735797198132087854e-02
-1.366350900600400153e-01
-6.219646430953969241e-02
9.950833889259505516e-02
1.310346897931954635e-01
1.690473649099399622e-01
2.185410273515676904e-01
1.824923282188125329e-01
8.795330220146764522e-02
2.722861907938625356e-02
4.917565043362241012e-02
3.381094062708472209e-02
1.153162108072047914e-01
1.915110073382254863e-01
2.245830553702468368e-01
1.716664442961974568e-01
3.468165443629085687e-02
-1.404442961974649851e-01
-3.595517011340894076e-01
-2.450100066711140834e-01
9.088192128085390009e-02
2.132461641094062499e-01
3.966464309539692867e-01
4.346704469646430202e-01
3.098505670446964344e-01
-2.640073382254836537e-02
-1.080266844563042006e-01
-2.108592394929953151e-01
-3.398178785857238204e-01
-3.095276851234156079e-01
7.700867244829885661e-02
1.276224149432955424e-01
8.864309539693128459e-02
1.172641761174116060e-01
1.308952635090059879e-01
5.357138092061374153e-03
1.335703802535023188e-01
3.590166777851900859e-01
8.936691127418278091e-02
4.238065376917945354e-02
3.811561040693795671e-02
-1.918839226150766825e-02
-5.945310206804536174e-02
8.274049366244162762e-02
-8.570913942628417825e-02
6.524929953302201560e-03
9.867845230153435288e-02
3.733128752501667369e-02
1.545110073382254846e-02
1.105737158105403461e-01
-2.126897931954636195e-02
-1.333315543695797085e-02
-3.404302868579052324e-04
-8.424016010673782140e-02
-1.099272848565710364e-01
-1.120493662441627604e-02
4.536457638425616529e-02
-3.860153435623749074e-02
-1.137124749833222231e-01
-3.189099399599732987e-01
-2.078278852568379020e-01
-6.986524349566378134e-02
1.709519679786524471e-01
3.281407605070046363e-01
2.945630420280186401e-01
1.323502334889926635e-01
2.727264843228819485e-02
1.856557705136757663e-02
-1.271194129419613017e-01
-1.932348232154769696e-01
1.313735823882588270e-02
1.229893262174783231e-02
1.081734489659773035e-01
-2.457024683122081138e-02
1.186457638425616884e-01
5.264469646430953303e-02
-6.293428952635089779e-02
1.470667111407605032e-01
1.985730486991327537e-01
1.198292194796530957e-01
9.998732488325549894e-02
1.119046030687124715e-01
-1.781594396264175872e-02
-1.030567044696464318e-01
-2.037685123415610422e-01
-2.701794529686457613e-01
-2.167264843228818849e-01
-1.494663108739159585e-01
-1.449319546364242865e-02
1.062635090060039950e-01
1.451694462975316735e-01
2.282941961307538570e-01
1.668952635090059922e-01
1.172434956637758569e-01
-1.673342228152101263e-02
-4.881414276184122165e-03
-2.733642428285523382e-02
-1.188245496997998585e-01
-6.537811874583054905e-02
-5.987391594396263700e-02
3.440587058038692414e-02
1.520873915943962429e-01
1.393749166110740401e-01
8.883855903935956866e-02
-3.079553035356904361e-02
-8.819813208805871163e-02
-1.631240827218145284e-01
-1.347038025350233426e-01
-4.989486324216143437e-02
-5.096117411607738179e-02
5.009219479653101610e-03
7.381854569713142133e-02
-5.205777184789859430e-02
-2.572948632421614423e-01
-2.101007338225483467e-01
-1.274563042028018511e-01
3.329072715143428784e-02
1.127691794529686320e-01
1.455483655770513640e-01
-1.423889259506337657e-01
-4.554676450967311274e-02
-7.078385590393596050e-02
1.896370913942628175e-02
-5.195997331554369492e-02
-8.364643095396931405e-02
-1.067464976651100600e-01
-4.868945963975983976e-02
-6.296911274182788454e-02
-1.577705136757838467e-01
-1.646797865243495584e-01
-1.677965310206804561e-01
1.745923949299532998e-03
1.173095396931287532e-01
5.458625750500333690e-03
-2.107678452301534333e-01
-3.034062708472314851e-01
-1.910820547031354122e-01
-7.968845897264843769e-02
1.033002001334222819e-01
7.304536357571714267e-02
-3.753155436957971575e-02
-1.111340893929286117e-01
-2.204242828552368041e-02
-7.188525683789191711e-02
-9.084989993328886071e-03
2.839573048699132324e-02
6.082288192128085247e-02
4.058212141427618158e-02
-5.028572381587724516e-02
-6.729886591060706136e-02
-1.167138092061374283e-01
-8.675783855903935679e-03
7.599866577718478178e-02
1.634149432955303571e-01
1.526844563042027980e-01
1.126077384923282187e-01
7.923882588392260409e-03
-5.690493662441627881e-02
-6.489933288859238425e-02
-2.526310873915943792e-02
6.704669779853235367e-02
9.024549699799866431e-02
1.596864576384256218e-01
1.290920613742495004e-01
1.423569046030686847e-01
6.561721147431620604e-02
1.216751167444963394e-01
6.258265510340225990e-02
5.000286857905270055e-02
9.135957304869912754e-02
1.048078719146097459e-01
1.358318879252835010e-01
1.168952635090059894e-01
1.218579052701801307e-01
1.083855903935957293e-01
1.121074049366244246e-01
6.650500333555703358e-02
1.052114743162108068e-02
-1.616584389593062054e-02
4.121694462975316470e-02
1.310020013342228229e-01
1.687978652434956595e-01
1.099366244162775230e-01
5.294963308872582125e-02
-3.027931954636424450e-02
8.389993328885923807e-03
2.485003335557037923e-02
7.655970647098064852e-02
9.604536357571714922e-02
1.811794529686457447e-02
-1.533348899266177325e-02
-1.450940627084723045e-01
-1.779352901934622977e-01
-1.239159439626417586e-01
2.091907938625750529e-02
2.280533689126083841e-01
2.909492995330220100e-01
2.464689793195463385e-01
1.414369579719813030e-01
2.289099399599733159e-02
1.773155436957971759e-02
2.961814543028685673e-02
1.323782521681120782e-02
2.678305537024682978e-02
3.073482321547698140e-02
-1.459419613075383509e-02
-4.317191460973982681e-02
-8.729953302201466647e-02
-3.493188792528351908e-03
3.008445630420280431e-02
1.467565043362241417e-01
7.622748498999332156e-02
-1.584916611074049450e-02
-7.869846564376251075e-02
-7.792595063375583331e-02
-3.705163442294862747e-02
1.049039359573048641e-01
1.470933955970647189e-01
1.866684456304202600e-01
1.521947965310206929e-01
1.363462308205470319e-01
-8.789059372915276891e-02
-3.072034689793195494e-01
-2.715063375583722238e-01
-1.523275517011341007e-01
7.486991327551700826e-02
2.610200133422281299e-01
2.687071380920613706e-01
9.159039359573047101e-02
-1.101140760507004629e-01
-1.839519679786524309e-01
-1.434462975316877775e-01
-8.850567044696464047e-02
4.489886591060706506e-02
1.184009339559706497e-01
1.527064709806537635e-01
5.776270847231487759e-02
2.034156104069379661e-02
-9.565577051367578354e-02
-4.666357571714476599e-02
1.015176784523015401e-02
1.013235490326884480e-01
5.822394929953301351e-02
-4.094589726484322567e-02
-1.065743829219479577e-01
-4.803582388258838959e-02
1.568919279519679841e-02
9.855837224816543785e-02
1.354816544362908437e-01
7.524816544362908366e-02
2.043395597064709759e-02
-6.184022681787858244e-02
-1.039506337558372129e-01
-1.050266844563041979e-01
-1.511801200800533609e-02
6.393675783855903849e-02
9.428352234823214606e-02
1.018972648432288214e-01
8.117211474316210484e-02
-2.349452968645763737e-02
-1.380947298198799134e-01
-9.647164776517677676e-02
-5.282841894596397581e-02
4.102801867911941291e-02
1.411394262841894620e-01
1.224242828552368212e-01
7.846897931954636973e-02
1.212775183455637104e-02
-9.473382254836557048e-03
-3.818365577051367060e-02
-6.444649766511006961e-02
-8.481921280853903233e-02
-3.430893929286190497e-02
-1.556691127418278857e-02
3.339099399599732704e-02
5.981807871914608665e-02
-1.061280853902601571e-03
-6.420426951300867158e-02
-4.553849232821881310e-02
-6.380940627084723260e-02
-1.889146097398265375e-02
3.094643095396931026e-02
4.009913275517010961e-02
5.132848565710473876e-02
8.435423615743828374e-02
1.017038025350233410e-01
8.248899266177452116e-02
3.205717144763175347e-02
-1.855443629086057228e-02
-7.403535690460306962e-02
-6.756304202801867442e-02
-1.372401601067378338e-02
1.491294196130753778e-02
6.500360240160106551e-02
5.572595063375582886e-02
5.449299533022014530e-02
1.512908605737158137e-02
-5.210900600400266564e-02
-2.892308205470313712e-02
-1.678799199466310746e-02
1.945910607071380666e-02
9.770713809206137135e-02
7.264576384256170305e-02
2.300540360240160148e-02
1.976884589726484159e-03
-5.050386924616410284e-02
-3.982248165443628973e-02
-3.157591727818545579e-02
2.460360240160106840e-04
4.590533689126083394e-02
1.183348899266177534e-01
1.265496997998665496e-01
1.155677118078719257e-01
1.738338892595063245e-01
1.400947298198799151e-01
1.184162775183455474e-01
4.526117411607737812e-02
-5.194309539693128114e-02
-1.291074049366244259e-01
-1.577551701134089213e-01
-1.266344229486324191e-01
-1.845436957971981207e-02
4.159072715143428967e-02
5.476050700466977839e-02
7.735023348899265627e-02
3.696037358238826037e-02
1.923202134756504117e-02
-7.262308205470312944e-03
6.326724482988659200e-03
5.366077384923281964e-04
5.357324883255503573e-02
7.439159439626416570e-02
4.472114743162107497e-02
4.017998665777184480e-02
1.267745163442294820e-01
1.420560373582388236e-01
1.240040026684456204e-01
9.403802535023349229e-02
5.721534356237491931e-02
-2.081687791861240675e-03
4.623155436957971515e-02
4.696784523015343216e-02
2.561767845230153440e-02
1.189412941961307500e-02
9.235557038025350371e-03
3.828865910607071044e-02
2.998492328218812022e-02
3.031494329553035064e-02
5.337565043362240552e-02
1.165470313542361497e-01
1.603775850567044636e-01
1.814916611074049169e-01
1.317751834556370738e-01
3.341247498332221288e-02
2.069506337558372003e-02
7.142828552368245265e-02
1.139506337558372218e-01
8.746497665110072872e-02
-1.271320880587057875e-02
-2.687565043362241321e-02
-2.501354236157438127e-02
-4.886824549699799597e-02
-1.731501000667111378e-02
4.120326884589725798e-03
5.019299533022014009e-02
7.697198132088059475e-02
7.972915276851233468e-02
2.890687124749833151e-02
-1.500146764509673047e-02
-5.105296864576384236e-02
-7.488325550366911609e-02
2.950393595730487015e-03
4.767071380920613610e-02
1.249212808539026109e-01
1.127098065376917896e-01
8.745697131420947235e-02
1.117551701134089290e-02
-4.366897931954635825e-02
-5.715830553702468814e-02
-3.948438959306203866e-02
-2.873235490326884675e-02
-5.681440960640426856e-03
4.972621747831887547e-03
1.663795863909272796e-02
3.271360907271514407e-02
1.852121414276184166e-02
1.756724482988659269e-02
3.585977318212141274e-02
6.643949299533020991e-02
4.317985323549032584e-02
3.632961974649766279e-02
-1.055630420280186631e-02
-2.991287525016677468e-02
-3.225697131420946634e-02
-8.613942628418945480e-02
-6.486330887258172362e-02
-4.344189459639759276e-02
-4.277931954636424172e-02
4.534923282188125376e-02
7.174116077384923296e-02
4.436090727151433682e-02
1.003442294863242205e-02
4.463769179452968354e-03
-7.932821881254169261e-02
-7.336891260840561202e-02
-5.130947298198799272e-02
-8.318812541694461937e-03
3.770580386924616417e-02
4.274623082054702927e-02
-2.191547698465643595e-02
-3.329499666444295930e-02
-6.104849899933288693e-02
-4.637718478985990850e-02
-5.558972648432287597e-03
1.028905937291527649e-02
-5.082414943295530257e-02
-1.818652434956637837e-02
-3.128458972648431868e-02
-4.136337558372248091e-02
-6.574069379586390538e-02
-6.930353569046029949e-02
-2.137198132088058769e-02
1.230793862575050093e-02
3.670833889259506044e-02
-5.403235490326884286e-03
3.299166110740493069e-02
5.001014009339559314e-03
-2.079566377585056677e-02
-4.818632421614409828e-02
-6.085763842561707493e-02
-1.082595063375583616e-01
-3.321087391594396143e-02
-2.037845230153435480e-02
2.278218812541694602e-02
3.060887258172114572e-02
3.984743162108071723e-02
-3.524102735156770666e-02
-8.381654436290859878e-02
-7.470180120080054109e-02
-9.768045363575715914e-03
5.015537024683121986e-02
6.013789192795197108e-02
4.400647098065377238e-02
-6.045983989326216869e-03
-3.770460306871247641e-02
-4.370607071380920583e-02
-2.719819879919946337e-02
-1.951901267511674254e-02
-1.649232821881254155e-02
-1.711467645096731091e-02
1.242768512341561014e-02
-1.000813875917278169e-02
2.653722481654436152e-02
-2.779873248832555321e-02
-5.917738492328218636e-02
-1.289452968645763697e-01
-1.260633755837224923e-01
-7.101267511674448640e-02
-3.610293529019346220e-02
4.423202134756503909e-03
3.661707805203468641e-02
3.989392928619079487e-02
5.268245496997998878e-02
3.304956637758505594e-02
1.248372248165443600e-02
-3.579019346230820353e-02
-4.439719813208806154e-02
-5.046310873915943462e-02
-3.240867244829886279e-02
-2.636797865243495353e-02
-3.541160773849232751e-02
-9.488659106070712959e-03
-9.263842561707804832e-03
-1.591327551701134102e-02
-4.774149432955303307e-02
-3.022648432288191703e-02
-2.498185456971314250e-02
-1.872248165443628903e-02
1.739026017344896466e-02
-3.168465643762508055e-02
-2.658378919279519650e-02
-3.788605737158105141e-02
-3.644222815210140191e-03
-3.929479653102067871e-02
-3.235963975983989493e-02
-7.184256170780520256e-02
-5.150400266844563230e-02
-4.095970647098064882e-02
-8.189059372915276835e-04
-7.991194129419612255e-03
-1.292541694462975323e-02
-3.375290193462308214e-02
-3.988405603735823562e-02
-6.764176117411606348e-02
-8.875316877918611180e-02
-1.099739826551033861e-01
-9.526017344896597905e-02
-7.161107404936623011e-02
-3.484062708472314418e-02
-1.361947965310206753e-02
-6.273335557038024757e-03
2.267391594396264004e-02
-4.284182788525683211e-03
-7.214743162108072649e-02
-8.797998665777184701e-02
-1.096090727151434324e-01
-1.091641094062708317e-01
-6.956637758505669622e-02
-5.193335557038025047e-02
-3.286157438292194866e-02
-5.446644429619745646e-03
1.198539026017344730e-02
-1.239646430953969189e-02
-9.479586390927285250e-03
-1.035683789192795058e-02
-2.435350233488992391e-02
-2.078192128085390444e-02
-1.233162108072047985e-02
-4.497231487658438776e-02
-3.815837224816544249e-02
-4.239486324216143465e-02
-4.547865243495664150e-02
-2.869793195463642144e-02
8.853302201467645044e-03
3.096964643095397041e-03
4.207418278852567868e-03
-7.034623082054702707e-03
-2.131440960640426999e-02
-2.286084056037358120e-02
-1.490687124749833295e-02
-1.547678452301534495e-02
-2.046157438292194736e-02
-7.417811874583054264e-03
1.014669779853235318e-03
7.041160773849231957e-04
-2.284596397598398932e-03
-6.245376917945296563e-03
-1.208418945963975893e-02
-3.254256170780520444e-03
-3.889219479653101708e-04
-9.686390927284856123e-03
-9.425016677785190422e-03
-8.559039359573049344e-03
-1.184016010673782362e-03
9.871581054036022984e-03
9.833422281521014482e-03
9.329286190793862482e-03
4.488792528352234489e-03
-3.408865910607071156e-03
-6.903468979319546742e-03
-2.674249499666444142e-03
-2.264036024016010621e-04
6.775783855903935900e-03
1.371087391594396319e-02
1.371140760507004626e-02
1.041334222815210042e-02
9.254636424282853754e-03
7.719946631087391646e-03
9.456504336224148474e-03
1.358212141427618189e-02
1.755610406937958487e-02
1.844309539693128955e-02
1.927151434289526080e-02
1.794716477651767811e-02
1.744696464309539521e-02
1.751667778519012605e-02
1.867404936624416159e-02
1.937271514342895143e-02
2.041114076050700235e-02
2.166744496330887115e-02
2.231414276184122761e-02
2.296330887258172040e-02
2.372895263509005800e-02
2.412048032021347696e-02
2.424349566377585058e-02
2.458812541694463047e-02
2.483322214809873321e-02
2.523088725817211261e-02
2.566584389593061857e-02
2.621861240827218220e-02
2.667505003335556707e-02
2.706637758505670358e-02
2.738065376917945062e-02
2.763515677118078689e-02
2.788532354903268395e-02
2.812088058705803501e-02
2.833615743829219144e-02
2.852188125416944484e-02
2.867551701134089109e-02
2.879919946631086941e-02
2.889446297531687510e-02
2.896090727151433980e-02
2.899786524349566227e-02
