4.644158175386727504e-03
1.432718705453777525e-02
1.529301515231508250e-02
4.202774404730479432e-03
-3.535234412121851782e-03
-1.391874769019587309e-02
-1.124999999999999958e-02
-2.680323108600390697e-04
1.242800010559104657e-03
5.524186948946728862e-04
-1.102271527374478616e-02
-1.750217781532125913e-02
-1.175743096985375734e-02
-6.032911409112507069e-03
1.206153318198616717e-03
-1.364737870228604696e-02
-2.926158861728525226e-02
-1.753273322422258668e-02
-2.384397603083258585e-03
6.844675571511536544e-05
3.154011139855340384e-03
-1.447752230610844289e-03
-1.246462699963043173e-02
-1.652117100469880154e-02
-1.248666913045773721e-02
3.189364341903806678e-04
1.239751069109339479e-02
1.469523784383084362e-02
4.809045192967636301e-03
-4.878768280449818277e-05
3.924977561902750524e-03
-1.359471516815373947e-02
-2.988266195026662020e-02
-2.382635552505147671e-03
2.802650335251570708e-03
1.007411171532654123e-03
-1.685675254738398159e-04
7.123567921440261685e-03
1.611193970751280402e-02
-1.622393221054854381e-02
-1.544790401773929629e-02
1.786778681167837043e-02
1.328553138693838905e-02
-1.555507892930679511e-03
6.126801647220314964e-03
2.014333984478116138e-02
8.735283247980571777e-03
-1.717233778575576880e-02
-1.024411329919222742e-02
1.470414708832690903e-02
1.242377646375587320e-02
2.456047727152737593e-03
1.933992397444696601e-02
6.316099994720447870e-03
-1.714824982841454959e-02
-5.084129665804339344e-03
-4.448148197032891055e-04
1.683642627105221435e-03
1.493242173063724122e-02
-3.584512433345652532e-03
4.016498600918642393e-03
1.064813103848793671e-02
-1.699666068317406617e-02
-8.897629481020009196e-03
-1.606376379283036690e-03
-1.917097830104007165e-04
-1.833139749749221380e-03
2.388865424212026703e-02
3.975562272319307228e-02
8.219668972071169071e-04
1.440017686500184857e-02
2.152961828836914490e-02
-2.142277334882002060e-02
-2.419533023599598764e-02
-1.398296024497122647e-02
1.618809724935325531e-02
1.687542896362388342e-02
-1.271830948735547208e-03
3.093197296869225343e-02
2.784963835066786228e-02
-2.710462752758566272e-03
6.202517026556148179e-03
9.057203949105115462e-03
2.193244812839871267e-04
-3.078599334776411026e-03
1.001445277440472965e-02
7.685840240747585268e-03
-1.381031888495855677e-03
-7.021606567763054134e-03
-2.016102634496594673e-02
-1.864619080301990403e-02
-2.569373317142706337e-02
4.788778311599176107e-02
8.585343962831952502e-02
8.839158439364341521e-03
-3.272055329708040833e-02
-1.053363074811256017e-02
1.940783221582809831e-02
-7.511087059817326932e-03
-2.744284884641782357e-02
4.040322580645161477e-02
2.798373897893458376e-02
-6.214343223694630131e-02
-3.736517343329286145e-02
5.379850588670080647e-02
1.310008711261285118e-02
-4.168714692994034132e-02
3.253332717385565981e-02
7.291523678792037610e-02
2.036917269415553303e-02
-2.253728683807612945e-02
4.349770339475212549e-02
4.573893933794414418e-02
-1.161323319782482308e-02
-1.321570930785069542e-02
-2.499696425743097063e-03
8.391254421625046409e-03
-1.119093500871126169e-02
-1.652275487038699225e-02
2.661171532654030975e-02
1.901806926772609679e-02
-3.453777519666332424e-02
-4.113523573200992406e-02
-1.387360751808246716e-02
3.479396547172800003e-02
2.945521619766643812e-02
-2.062067736655931460e-02
-6.809170582334618527e-02
-6.694802280766591618e-02
-3.539180877461590990e-02
1.549020643049469313e-02
-1.464725991235943034e-02
-3.041319096140647146e-02
3.229581331503088293e-02
1.440948207591996252e-02
-2.867938598806821227e-02
-2.380015574679267276e-02
3.291107914048888722e-02
-2.800208542315611466e-03
-2.644884113827147484e-02
-4.343943033630747776e-03
9.346655403621772010e-03
-4.264136001267092302e-02
-1.131810622459215598e-01
-4.532291061717966252e-02
1.286224328176970542e-02
-3.028074019323161517e-02
-3.772028931946570796e-02
1.428534660260809795e-02
3.269448550762895506e-02
3.296908822131883188e-02
6.237725040916529406e-02
1.078612533657145878e-02
-7.298123119159494188e-02
-5.456555884061031758e-02
1.430217517554511347e-02
7.660696372947574384e-02
8.359247135842880205e-02
4.011918589303627158e-02
-4.420034581067525115e-02
-4.818027031307745012e-02
7.009067631064886013e-03
7.612586452668813897e-02
6.980294071062774497e-02
-2.071617126867641642e-02
-8.049997360223853926e-02
-3.403450187424106321e-02
3.710139380180560442e-02
-1.209043873079562780e-03
-6.644514545166570196e-02
-7.154981257589355936e-02
-4.009549390211709918e-02
6.867707618393959976e-03
1.042625785333403665e-01
2.748204952220051692e-02
-9.723285465392535187e-02
-6.926574626471675156e-02
2.207057441528958303e-02
6.930270313077450950e-02
-2.893808405047251699e-03
-2.849559157383453611e-02
-6.620624571036376471e-03
1.150493638139485700e-02
2.448761944987064981e-02
1.168886278443587862e-02
3.537451824085317137e-02
-4.801000475159706432e-02
-8.521725357689667602e-02
-1.744727047146401797e-02
1.448425373528324824e-02
-6.950992555831266018e-03
-2.380893300248139097e-02
4.731290586558260097e-02
1.237434665540362161e-02
-2.537128451507312046e-02
-2.839620400190063718e-02
2.154169526424159001e-02
7.380220157330658060e-02
6.137987698643154744e-02
8.851829364869859273e-02
4.344213610685813964e-02
-3.997643999788817737e-02
-7.759424000844727942e-02
-4.285610580222797006e-02
6.991249142072751555e-02
5.295357953645531135e-02
1.072455255794308587e-02
1.826764690354257953e-02
-1.786943667177023215e-02
-2.958502718969431566e-02
4.441746739876458600e-02
7.324520880629321884e-02
-1.902532865213029875e-02
-4.908406367140066145e-02
-2.797054009819967269e-02
-4.897556887175967544e-02
-1.228221846787392324e-01
-1.146870545377751960e-01
3.163408742938598811e-04
5.608316614751068796e-02
1.689641518399239567e-02
3.646157805818066311e-02
7.136766802175174840e-02
6.192703658729739602e-02
3.685602660894355537e-02
3.801733013040493880e-02
5.048070323636555390e-02
-4.295476743572144984e-02
-8.298334301251253375e-02
-3.646547172799746717e-02
-6.493723932210549062e-03
3.987573253788078559e-02
4.540566759938757108e-02
-2.686632173591679482e-02
-1.015884852964468593e-01
-3.219767963676679889e-02
1.075768174858771908e-01
3.821287154849268425e-02
-4.985791404888865325e-02
-4.650242859405522705e-02
8.422535768966791375e-03
-1.097427538144765333e-02
-4.818244812839871105e-02
1.970718283089593903e-02
3.325392006757826868e-02
3.145979620928145148e-02
-2.404453302359959785e-02
1.728954384668180203e-02
5.923611477746686810e-02
-4.213617285254210587e-02
-5.608072435457472915e-02
-2.717966316456364370e-02
-7.279578691726941442e-02
-2.902493268570825388e-02
1.071412544216250456e-01
8.075669183253260386e-02
-1.022880259753972815e-02
-2.478598014888337350e-02
-2.308682223747426238e-02
4.642468718652658505e-02
8.878821075972756494e-02
3.292031835700332670e-02
-7.136040863734756379e-02
-9.847156961089699456e-02
-2.041800855287471614e-02
2.809137585132780515e-02
3.123759305210917908e-02
8.488068211815637601e-03
2.364988648962567871e-02
4.195528219207011328e-02
3.507833535716171208e-02
1.573484768491631783e-02
3.728472625521355582e-02
3.750263977614697736e-02
-2.270834433240061234e-03
-7.000488358587191214e-03
-1.621337310596061496e-02
7.726096826989071846e-03
-8.729805712475582208e-03
-1.877738767752494542e-02
1.432778100417084590e-03
3.442591468243492991e-02
-2.193396599968322480e-02
-8.984478116255741054e-02
1.170767118948313167e-02
1.732504883585871958e-01
1.642396124808616076e-01
-1.167711578058180585e-02
-4.259899160551185171e-02
-9.173618077187055408e-02
-1.109253735283248082e-01
4.488259595586294171e-02
3.462607570877989510e-02
-5.359385724090597047e-02
-6.543899477324323366e-02
-3.355676838604085971e-02
3.355769230769230227e-02
5.926040071801911419e-02
-3.195515020326276240e-02
-7.712765957446808540e-02
-4.386562219523784667e-02
-3.352410115622195264e-02
2.730307269943508738e-02
6.971978776199777572e-02
-2.568271210601340976e-02
-7.228894989704873209e-02
6.874373053165091715e-03
6.661079140488887496e-02
2.483765376696056223e-02
-1.148322422258592559e-02
3.188433820811994936e-04
-2.261324639670556080e-02
6.488365186632173709e-02
1.193766168628900420e-01
1.192637664326065133e-01
9.576975872446016197e-03
-6.112144290164193972e-02
-4.911752283406366909e-02
-7.266247822184679350e-02
-2.111134575787973131e-02
-8.966131672034211714e-03
4.927590940288263666e-02
9.831384298611477862e-03
-1.013634443799165813e-01
-9.054432184150783269e-02
-5.570072857821656070e-04
3.867536032944406121e-02
3.260519507945726370e-02
-3.399615912570614056e-03
1.064370941344174037e-02
-1.399853492423842362e-02
-5.921869225489678756e-02
-6.644712528377593949e-03
-1.669328440948207593e-02
-5.804293595903067121e-02
-8.794942188902381275e-02
-2.699468085106382712e-02
4.974506361860514536e-02
4.972625521355789058e-02
-3.846081252309804105e-02
-2.109233936962145659e-02
5.076032152473469727e-02
9.834618024391532029e-03
-6.334142864685074481e-02
-7.032759621984055465e-02
-6.292144026186580197e-02
2.853307639512169328e-02
1.069287524417929375e-01
3.615556200834169065e-02
-2.538190961406472726e-02
5.205770550657304319e-02
1.435589462013621143e-01
4.560464072646639583e-02
-6.831938651602344204e-03
6.639366981679953317e-02
1.152176495433187287e-01
6.210284567868644412e-03
-1.290296182883691467e-01
-6.909218098305264233e-02
4.648777783643946726e-02
3.906406736708727123e-02
3.314826302729528829e-02
3.492641623990285632e-02
1.043173538883902622e-02
-7.693429597170159395e-02
-1.354356950530594995e-02
1.676337046618446569e-01
1.745076817485877174e-01
-5.314793305527690769e-03
-1.181392217939918748e-01
-1.390218309487355371e-02
9.265746264716751002e-02
7.533129190644632933e-02
3.387347552927511690e-02
4.226176020273481049e-02
-3.805679478380233349e-02
1.302722929095612809e-03
9.806108442004118908e-02
3.611259965154954565e-02
-3.650520035900955279e-02
5.672588564489731283e-02
6.166754659204898986e-02
6.827319043345124461e-03
-1.602509107227707147e-02
-5.924014043609102109e-02
4.722658518557625897e-03
6.049469404994456401e-03
3.089587402988226705e-02
-1.283749538039174326e-02
-9.482537880787708651e-02
1.729370149411330049e-02
8.462858349611952768e-02
-5.634008236101578637e-02
-4.170892508315294199e-03
4.811275803811836810e-02
-4.913560530067050819e-02
-3.610969589778786903e-02
7.470104535135420332e-03
7.763251676257852674e-02
-1.068218415078401318e-01
-1.888502454991816681e-01
-4.165362177287366269e-02
1.133110712211604365e-01
1.416239902856237798e-01
9.412055857663269298e-02
6.487995617971596685e-02
-6.740536402513067071e-02
-4.853030463016736601e-02
1.196412544216250429e-01
2.376973232669869762e-01
6.324639670555935733e-02
-1.245532178871231604e-01
-2.327187054537775343e-02
4.172040810939232208e-02
1.950708779895464831e-02
1.098542843566865587e-02
3.561031624518241033e-03
1.691654347711313983e-02
-3.019646533973919036e-02
2.859616704503458243e-02
-7.209228657409851027e-02
-9.366651707935166882e-02
3.071069373317143053e-02
4.265251306689192556e-02
1.211617654822871037e-01
5.522055329708040750e-02
-2.095203526740932465e-02
-1.015469088221318816e-01
-8.061216408848530246e-02
-1.823194393115463996e-02
-2.725192703658729787e-02
-2.445818594583179170e-02
-7.975687661686288454e-02
-8.664273269626734941e-02
-2.978901589145240350e-02
5.321636925188743400e-02
8.016934163982894490e-02
-1.491222744311282433e-02
2.975087112612850512e-02
1.319742885803283916e-01
1.157588036534501763e-01
1.059711736444749614e-01
7.100799852172536009e-02
1.089732590676310564e-01
3.326500712739560023e-02
-1.568594583179346372e-02
1.317188902381078164e-01
8.820680006335462897e-02
-2.090286943667176919e-02
-6.962475582070640212e-02
2.726044031466131820e-02
1.842543952272847254e-03
-2.528516181827781054e-02
5.547172799746580979e-02
2.294539623039966100e-02
-6.839330024813895792e-02
-1.213901061190011121e-01
-7.196821709519032884e-02
6.296328071379546365e-02
1.724902328282561514e-01
4.128108336413072177e-02
-1.215722506731429092e-01
-1.320805395702444596e-01
2.114018531228551573e-02
6.366242542632384593e-02
3.601624782218467574e-02
-8.761417031835699518e-03
-1.796347869700649566e-02
-2.479607729264558108e-02
-1.194604297555567143e-02
-1.951243334565229068e-02
5.150394646533974080e-02
8.022015733065836207e-02
5.963498495327596016e-02
-1.698247188638403460e-02
-2.700583390528483313e-02
3.874650229660524942e-02
-1.581819861675729834e-03
-9.286732485085263944e-02
-1.446861306161237315e-01
3.437648487408268005e-02
1.412174647589884424e-01
1.102931471411224412e-01
-6.868961512063777308e-02
-1.648685391478802442e-01
-1.955981732749063062e-01
-1.988226598384456867e-01
-1.160867958397127919e-01
-2.542850166305897497e-02
3.866268940393854762e-03
1.825088432500924021e-02
5.048057124755820496e-02
3.246007338577688861e-02
4.726875560952431554e-02
1.073260387519138354e-01
1.504203843514070049e-01
1.537181247030251774e-01
1.101855762631328978e-01
6.455942136106856966e-02
1.407997201837284107e-02
-8.450649384932156644e-03
-6.696056174436407216e-02
-6.022312707882371274e-02
-4.911679689562325341e-02
-4.086459268254051536e-02
-4.516650388047093595e-02
-1.885869278285201289e-01
-2.150421044295443840e-01
-1.870598173274906351e-01
-2.405232036323319902e-02
2.134252415395174463e-01
9.003088538091970350e-02
-1.405753392112348843e-01
-4.634522992450240339e-03
2.065499445647009380e-01
3.556642996673882173e-01
1.819247927775724527e-01
-1.440717227179135196e-01
-2.810167097830104099e-01
-3.800162346233039168e-01
-4.113787550815690697e-01
-3.494034105907818932e-01
-1.017145346074652817e-01
-1.951078348556042202e-02
-1.224552557943086456e-01
-8.168391320416028278e-02
5.145656248350140294e-02
-7.303534660260808942e-02
-1.987183886806398736e-01
-3.447230874821814728e-02
2.031868697534449097e-01
1.577081463491895874e-01
9.438519613536772157e-02
1.753636291642468592e-01
-3.802353360435035273e-02
-2.915566759938757468e-01
-3.592352568502191201e-01
-2.691898527004910058e-01
-1.776094187212924336e-01
-9.684018795206165986e-02
-3.761766802175176005e-02
2.224829734438519765e-03
7.979713320310437286e-02
-8.128662689403938491e-02
-5.370908346972176617e-02
1.050307533921123609e-01
6.219114619080302192e-03
-6.576764690354257314e-02
-6.487322475054115023e-02
-3.476723773823979860e-03
-1.700134628583496177e-01
-2.096622406419935414e-01
-2.151958713901061179e-02
1.389901536349717470e-01
2.118374161871073025e-01
1.183972599123594427e-01
-6.321768913996092532e-02
-9.973008288897100559e-02
-3.807929887545535592e-03
5.253319518504830782e-02
2.500725938440420681e-01
2.984907079879626224e-01
1.864790665751544230e-01
1.225027717649543185e-01
2.912326434718336132e-02
-5.843335885116942435e-02
-8.756137479541735436e-02
-1.990886172852542046e-01
-2.276575946359748748e-01
-7.481521566971120751e-02
3.338511694208330660e-02
5.329569452510426325e-02
-8.912214244232088967e-02
-1.699474684546750380e-01
-2.294750805131724747e-02
-3.502468190697428929e-02
-1.652790243387360913e-01
1.552623937490100678e-02
2.744093500871125912e-01
3.309322369463069680e-01
3.131804023018848193e-01
2.538817908241381427e-01
1.586043503510902175e-01
1.846200042236418315e-01
5.246766274219945986e-02
4.915797740351618081e-03
1.856402777044506569e-01
1.203374953803917485e-01
1.251907238266194988e-02
-5.903714165038805028e-02
-2.593877039227073704e-04
4.068680375904123320e-02
1.159917638984214044e-02
2.079318673776463580e-02
-1.898744786442109755e-01
-2.920252362599651264e-01
-1.175340531122960885e-01
1.728162451824085538e-02
5.336769441951322995e-02
-3.457288421941819706e-02
-9.637558735019269296e-02
9.750211182091758633e-02
1.048314502930151604e-01
3.960957710786125463e-02
1.379613008816852338e-01
1.636133255899899774e-01
1.281241750699540494e-01
3.854132569558101767e-02
1.230195079457261920e-01
-2.623713109128345856e-03
-2.873039966210865215e-01
-4.782489044928989741e-01
-5.464528008024919226e-01
-4.925017158544954810e-01
-5.029968058708621514e-01
-3.431471411224327750e-01
-8.409600865846575402e-02
1.925710099783538576e-01
4.494753444907871875e-01
3.574415289583443012e-01
8.777255688717595927e-02
4.576744892033155626e-02
1.707486405152842945e-01
2.167836967425162131e-01
2.088392904281716755e-01
3.498409534871442794e-01
2.303640251306689479e-01
4.038534132305580428e-03
4.643095665487566824e-03
3.131177076183939284e-02
1.308550234940077106e-01
1.984557309540151138e-02
-1.405251834644422049e-01
-1.634536191330974997e-01
-1.971523414814423669e-01
-1.354601129824190842e-01
-1.032317459479436123e-01
-1.582756982207908780e-01
-2.528740562800274594e-01
-3.044447230874822163e-01
-2.036699487883427417e-01
-1.248996885064146550e-01
-4.198332981363180061e-02
-5.956714270629850927e-02
-1.700180824666068236e-01
-1.564351143023071655e-01
-2.413395544057863606e-01
-2.710403357795259094e-01
-1.982346497017053177e-01
-6.799601393801804616e-02
9.371865265825457536e-02
2.061321999894409063e-01
3.213590887492740467e-01
3.059157383453883217e-01
2.426191858930362710e-01
2.975324692466078669e-01
3.035023230030093333e-01
2.270920225964838113e-01
1.345269521144606961e-01
6.468712053217887115e-02
7.125283775935800472e-03
1.705275592629745124e-02
9.389089805184519522e-02
1.155040652552663527e-01
1.685866638509054549e-01
1.873521725357689682e-01
-7.568634179821551178e-02
-3.149292539992608608e-01
-3.918034950636185565e-01
-3.880754712000422102e-01
-1.188268834802808649e-01
6.613827147457895794e-02
9.250369568660578301e-02
-8.625072593844042290e-02
-2.008282297661158344e-01
-6.836822237474261821e-02
6.551185259489995631e-03
-1.064898896573570654e-02
-5.500877725568871848e-03
2.520557256744627717e-01
4.309889921334670859e-01
4.153304999736022185e-01
3.094371997254632412e-01
1.371442901641940770e-01
-1.622036851275011904e-01
-4.313070851591784827e-01
-4.147154321313551995e-01
-4.908769336360276903e-01
-3.896105010295127236e-01
-1.157099677947310140e-01
-2.048182514122802445e-02
-1.244839237632648643e-01
-2.693726571986695406e-01
-1.100278496383506749e-01
-9.589316825933161259e-02
-2.216507840135156504e-01
-1.636139855340267291e-01
3.979482339897576215e-02
1.934111187371310714e-01
1.294275645425267962e-01
9.681247030251834140e-02
4.658109392323530468e-02
-1.447343065308061838e-01
-2.618156380338946820e-01
-3.905284831846259630e-01
-4.723707829576052064e-01
-2.555864262710522139e-01
1.115575999155271475e-01
3.599460165777941811e-01
2.884094028826355571e-01
-3.939232353096457778e-02
-4.727561902750646583e-01
-7.697653239005332049e-01
-8.752375798532283646e-01
-6.160260809883322253e-01
4.691753339316825921e-02
5.194353518821603899e-01
3.399266142231138765e-01
-5.353327437833271807e-02
-1.202497228235045595e-01
1.192796050894883997e-01
4.454028298400295460e-01
4.757061401193178884e-01
2.289570244443271119e-01
1.315116678105696657e-01
2.745195607412491134e-01
4.855815426851802785e-01
5.609121746475899117e-01
4.462270999419249429e-01
1.572184678739242947e-01
-2.414794625415764631e-02
1.261298241909085960e-01
2.406030568607782083e-01
9.308246660683174023e-02
-1.583245340795100542e-01
-1.570132252784963989e-01
1.602984266934164015e-02
1.165487566654347662e-01
2.252943350403885728e-02
-3.208958080354785691e-01
-7.755134364605881236e-01
-1.000000000000000000e+00
-8.354297555567288258e-01
-6.667612586452668078e-01
-5.440908610949791724e-01
-3.260882477165936155e-01
6.543721292434401260e-02
5.595896467979515343e-01
8.596431022649277942e-01
8.874597434137585505e-01
8.146217200781373791e-01
8.587851750171584531e-01
9.147946254157646173e-01
8.177300564912095560e-01
4.709063671400665063e-01
-7.582163032574837369e-02
-6.024365133836651065e-01
-8.578414550446121778e-01
-5.617945198247188410e-01
-9.332268623620718073e-02
1.119489467293173501e-02
-9.259872762789715661e-02
-2.276186579378068897e-01
-2.017244337680164645e-01
6.924726783168787259e-02
3.474961723245868495e-01
4.907396652763845735e-01
3.984438519613536789e-01
3.028291800855287264e-01
2.320396230399661974e-01
7.730320468824243563e-02
-5.414326065149675273e-03
4.761436830156802469e-02
4.813796790032205675e-02
-1.316733540995723428e-01
-1.180435299086637496e-01
1.235725410485190856e-01
4.591072277070904623e-02
-2.452114460693733122e-01
-4.047885539306266822e-01
-3.934540150995195495e-01
-2.942545272160920766e-01
-2.797159600865846696e-01
-3.821089171638245019e-01
-4.966593632859933605e-01
-5.267910881157277236e-01
-6.179425584710416253e-01
-6.769837917744575551e-01
-6.765812259120426164e-01
-4.589237632648751064e-01
-5.146019217570349698e-03
3.163322950213822149e-01
2.792473998204952346e-01
6.538151364764267781e-02
4.136232247505411408e-02
2.179260598701230067e-01
3.503590095559896422e-01
3.075319412913785078e-01
1.489850060714851265e-01
-2.669968586663850826e-02
-1.892046354469140990e-01
-3.338914260070745543e-01
-3.812483501399081542e-01
-1.837567974235784773e-01
2.908412966580434245e-01
5.747716593632860027e-01
6.829034897840663421e-01
8.327899794097460839e-01
9.277889234992872103e-01
9.717543952272846841e-01
6.811546380866901895e-01
1.751115305422100143e-01
-1.847592524153951754e-01
-4.510486510743889066e-01
-5.569960667335409621e-01
-2.808477641096034927e-01
1.970216725621667386e-01
4.357570877989546676e-01
4.269171374267461960e-01
4.434751333086954794e-01
3.991136951586505277e-01
1.531327543424317594e-01
-9.906221952378438389e-02
-2.149378332717385431e-01
-1.918100945039860616e-01
3.598648434612744529e-02
2.926541629269837630e-01
3.974816535557784691e-01
5.026991711102898330e-01
6.181352621297714345e-01
6.718890238107808610e-01
5.341573834538831944e-01
2.797482973443852217e-01
7.965788501135103589e-03
-3.732900850007919158e-01
-6.678435668655298141e-01
-7.801792408003801471e-01
-8.327965788501134892e-01
-8.284871442901642347e-01
-7.522702074864050514e-01
-7.827134259014835171e-01
-8.940327860197455623e-01
-9.751135103743202581e-01
-9.565690829417664576e-01
-7.168708093553666227e-01
-3.052373158756137572e-01
7.720091336254684966e-02
2.437212924344015763e-01
2.337977139538567062e-01
1.633585871918061261e-01
1.128312919064463349e-01
1.745637769917111060e-01
2.991948682751702782e-01
3.145748640515284023e-01
3.235738609365925722e-01
3.360052267567710249e-01
1.305540890132516896e-01
3.173512486141175093e-02
1.353235045668127468e-01
1.269012987698643069e-01
1.152209492635024590e-01
8.134008236101579470e-02
1.968771448181194095e-01
4.314865899371733704e-01
5.585680534290692334e-01
6.343019111979304459e-01
7.037247241433927103e-01
8.010730690037485280e-01
8.646652763845625866e-01
7.873528324798056977e-01
4.743360962990338381e-01
1.795047779948260314e-01
3.516835172377381913e-02
1.490021646164405300e-01
4.988734755292751344e-01
7.614764267990073998e-01
9.211300881685233755e-01
9.072844622775987355e-01
7.791893247452615912e-01
5.730947415659152222e-01
3.148889974130194003e-01
1.122043450715379254e-01
-1.633275698220790773e-01
-3.459321049574995977e-01
-3.824316297977931600e-01
-2.579213082730584250e-01
3.492140066522358977e-02
2.625230980412860959e-01
4.440347658518557505e-01
5.278469985745208870e-01
4.653509582387413412e-01
3.799819175333931653e-01
4.109854284356686538e-01
4.163692518874399506e-01
2.236134575787973311e-01
-1.130536930468296342e-01
-4.334842405364024431e-01
-5.474215986484346486e-01
-4.126663058972599440e-01
-2.015970645689245666e-01
-1.118882318779367419e-01
-9.476466395649649210e-02
-8.680309909719655104e-02
-2.778964943772768009e-02
3.908584552029988057e-02
1.525830209598226239e-01
3.272966052478750165e-01
4.353347236154373467e-01
3.204886225648065357e-01
4.136179451982471833e-02
-9.710482551079668845e-02
-1.681695792196821748e-01
-1.696247558207064077e-01
-1.489539887017580777e-01
-2.535953751121904909e-01
-3.618110184256375095e-01
-4.288976294810200596e-01
-3.921922021012617665e-01
-3.562001742252257075e-01
-4.319907871812470046e-01
-5.028535980148882700e-01
-5.376696056174437022e-01
-4.828566337574574097e-01
-4.495848952008869581e-01
-5.458786494905231157e-01
-5.479469141016841682e-01
-3.440862414867219554e-01
-1.049805976453196815e-01
-7.729528535980148551e-02
-2.544473628636291229e-01
-3.938229238160603773e-01
-2.985811203209968179e-01
8.734623303943825356e-03
2.412709202259648578e-01
2.732372894778522521e-01
1.882384773771184350e-01
2.179029618288369219e-01
4.089125442162504509e-01
5.707822976611582888e-01
6.819597698115199558e-01
6.802439153159811625e-01
5.406895095295919385e-01
3.384219418193337159e-01
1.792427802122379954e-01
1.585766327015468991e-01
3.215300142547912188e-01
4.334928198088802143e-01
4.439793305527691136e-01
4.991354733118631981e-01
3.987150889604561543e-01
2.844411593896837842e-01
2.109530911778681184e-01
1.623508526476954705e-01
1.394428752441792818e-01
8.639789345863470305e-02
1.610890396494377430e-01
1.740866374531439831e-01
1.121357108917163670e-01
8.562641887967900600e-02
1.073346180243915232e-01
4.887862309276173010e-03
-2.284785650176865135e-01
-3.329510057547119817e-01
-2.982986642732696203e-01
-1.656235151259173310e-01
-8.492555831265508406e-03
9.600535874557837926e-03
-1.354020379071854685e-01
-3.282924607993242261e-01
-4.634067631064885950e-01
-5.866532918008552366e-01
-6.870017422522569639e-01
-5.832354416345493231e-01
-4.646151206377698850e-01
-4.889908135790085320e-01
-4.700497597803706129e-01
-3.097011773401615597e-01
-1.974083997676996938e-01
-2.434051792408003512e-01
-3.555514492371046886e-01
-4.785089224433768385e-01
-5.187034739454094989e-01
-4.871673882054801674e-01
-3.789675835489150768e-01
-1.174053640251306596e-01
1.120142811889551782e-01
2.960040388575048698e-01
4.452721609207538900e-01
4.289814423736866833e-01
3.396474578955704371e-01
2.096226439997888047e-01
-2.360903595375112018e-02
-3.100522675677102602e-01
-4.727251729053376650e-01
-4.235527427274167200e-01
-2.688387624729422498e-01
-1.063090649912887403e-01
-1.623020167889762944e-01
-3.061869753444907416e-01
-3.206067525473840218e-01
-3.362375270577054875e-01
-2.323794942188902313e-01
-9.748891294018267872e-02
-8.526608943561585219e-02
-1.234134945356633872e-01
-2.246885064146560695e-01
-3.882972123963887578e-01
-5.286752283406367381e-01
-4.889333984478116402e-01
-2.608804973338261224e-01
-5.851420199567076291e-02
-9.853492423842457812e-03
-1.527018108864368340e-01
-3.176700015838657132e-01
-3.947923816060397995e-01
-4.135070746000739095e-01
-3.728360435035109055e-01
-2.640033525157066685e-01
-1.344781162557415199e-01
3.306656195554617123e-02
2.209802808721820222e-01
3.063004857188110219e-01
9.208529116730901354e-02
-1.003939865899371731e-01
1.418787286838076034e-02
8.936368195976981954e-02
-3.034871442901641847e-02
-1.425894884113826921e-01
-4.134938757193389741e-02
5.428330077609418852e-02
6.148527004909983690e-02
5.639558365450609428e-02
-3.062905865582598447e-02
-1.361246766274220032e-01
-3.386826197138483041e-02
1.505992291853650855e-01
2.589475212501979873e-01
1.928646850747056662e-01
1.010539306266828620e-02
1.431128240325220353e-05
1.539497650599229266e-02
-1.433867008077714944e-01
-3.970678686447389194e-01
-5.289913415342378800e-01
-4.726360804603769727e-01
-3.491084156063565813e-01
-3.090372736391954200e-01
-3.410320204846628567e-01
-2.840847896098411263e-01
-9.588788870703764122e-02
1.478967583548914944e-01
3.217893722612322760e-01
3.450926561427591355e-01
3.214039649437727686e-01
3.379223641835172320e-01
2.186948946729317111e-01
8.230888020695845131e-02
2.737296077292645721e-02
-1.306332822976611664e-02
-2.306009450398606095e-02
-1.041404888865424261e-01
-3.001201098146877300e-01
-4.766656987487461472e-01
-4.814120162610210363e-01
-4.647121324111715412e-01
-4.625785333403727440e-01
-3.860296446861306019e-01
-2.510981468771448233e-01
-6.258526476954753837e-02
1.030812787075656017e-01
1.479119370677366430e-01
5.591996198722348765e-02
-4.485679214402618631e-02
-2.460911514703553044e-02
-1.768300248138958072e-02
-9.858837970540097750e-02
-1.298096721398025455e-01
-1.098245868750329923e-01
-7.527915632754342279e-02
-5.257444168734490969e-02
5.446828308959400511e-02
2.097816905126445031e-01
2.915817538672720866e-01
3.593665857135314723e-01
3.442545272160920655e-01
2.228525421044295352e-01
1.507853334037273507e-01
1.926680217517554583e-01
2.762651127184414523e-01
2.506586241486722377e-01
2.014782746423103288e-01
2.291913045773718294e-01
2.857815057283142335e-01
2.731798743466553603e-01
2.480175281136159648e-01
2.059929517976875624e-01
1.158921123488728250e-01
1.590003167731376399e-01
2.250283775935800479e-01
2.614784066311176547e-01
2.718045509740774079e-01
2.505193759569188661e-01
2.593236893511430274e-01
2.950398606198194051e-01
3.143452035267408906e-01
3.113767752494588925e-01
3.144930309909719779e-01
1.986174172430177909e-01
5.962673565281664811e-02
1.272233514597962134e-01
2.128266722981891068e-01
1.368420357953645528e-01
-3.533478960984108574e-02
-4.345315717227179325e-02
1.306748587719761268e-01
2.130741513119687458e-01
1.952358639987329114e-01
1.128695686605775822e-01
8.034092708938282701e-03
-7.429188004857187333e-02
-1.027051106066205616e-01
-1.025975397286310181e-01
-8.939073966527638637e-02
4.181108442004118075e-02
1.305514492371046831e-01
8.459558629428223786e-02
6.329028298400295183e-02
1.022378702286046159e-01
-2.075880365345018908e-02
-1.464686394593738561e-01
-9.536389314186156929e-02
-2.113635763687239308e-02
-2.364744469668971991e-02
-6.065030885380920389e-02
5.659079510057547086e-02
1.335911514703553016e-01
7.689931893775407701e-02
2.055019534343487803e-02
8.393036270524258796e-03
4.985850799852172693e-02
6.563004857188110830e-02
1.386997782588036687e-01
1.388205480175281059e-01
9.129005860303046616e-02
1.891716382450768230e-01
1.437206324903648191e-01
-2.593170899107755459e-02
-1.349268782007285727e-01
-1.542869964626999713e-01
-9.359656301145663493e-02
-7.970936064621721162e-02
-1.669678211287682623e-02
3.244925030357425494e-02
-3.166094715168153717e-02
-1.411138535452193810e-01
-7.814133361490945007e-02
1.547727152737448097e-01
2.544783802333562273e-01
7.446610527427274806e-02
-2.504197244073702588e-01
-3.870136212449183932e-01
-2.866011562219523690e-01
-1.332657990602396925e-01
-1.159996832268623684e-01
-6.832796578850112990e-02
-4.123422733752177792e-03
-1.002481389578163684e-01
-8.183438044453830501e-04
2.848298664273269942e-01
2.834367245657568590e-01
5.876148302623937503e-02
-1.245149411329919131e-01
1.340511324639670661e-02
2.430818066627949692e-01
1.432679108811572566e-01
2.103334037273639212e-01
4.040302782324058928e-01
3.776094187212924447e-01
2.939377540784541276e-01
3.596899582915368820e-01
1.983178026503352454e-01
-7.991262340953486643e-02
-1.464442215300142472e-02
-1.731356580961934399e-01
-4.815763423261707477e-01
-3.122947574045720764e-01
-6.516346813790190040e-02
-1.489830262393748994e-01
-1.330697956813262084e-01
1.583535716171268481e-01
8.714231033208383326e-02
-1.435503669288844264e-01
2.044064463333509357e-02
4.761555620083417206e-02
-1.340319940869014459e-01
-1.720507100997835381e-01
-2.363088010136740469e-01
-2.975113510374319814e-01
-3.001293490312021417e-01
-3.529037537616810383e-01
-3.836927828520141914e-01
-3.998818700174225360e-01
-2.809038593527268812e-01
-1.196722717913520917e-01
-1.755833905284831797e-01
-2.868941713742674260e-01
-3.605294071062773997e-01
-3.406914893617021267e-01
-2.439001372683596569e-01
-1.873495327596219895e-01
-8.660643577424634310e-02
-7.294163454939021907e-02
-1.181022649279341030e-01
-5.052531545324956408e-02
1.584519032786019799e-01
2.744014307586716273e-01
1.875052795522939852e-01
1.035577583020959869e-01
9.412781796103690535e-02
1.203599334776411095e-01
4.035062826672298347e-02
-9.440565440050682766e-02
-6.274741301937594717e-02
1.112269679531175809e-01
2.563361226967952877e-01
2.268867800010559155e-01
1.975245499181669251e-01
3.407429649965683094e-01
4.368341164669236054e-01
3.767765693469193877e-01
1.287643207855973804e-01
-5.181293226334406782e-02
-9.640198511166252551e-03
-7.014611160973549184e-03
-8.471503616493321343e-02
-1.229627527585660796e-01
-1.318409798849057568e-01
-1.124881210073385845e-01
-3.377705770550657599e-02
5.340874293859880495e-02
1.077721609207539233e-01
2.507688348028087183e-02
-5.763858824771658784e-02
-5.753722084367245831e-02
-8.950425003959663894e-02
-1.347189958291536982e-01
-1.440888812628688953e-01
-1.028516181827781040e-01
-5.939311546380866141e-02
1.455876141703183607e-02
1.556636397233514546e-01
2.786673090121957186e-01
2.536468507470566180e-01
1.765455889340583895e-01
1.148183834010875759e-01
1.149741301937595717e-01
2.454292276014993779e-01
3.241473523045245719e-01
2.933919803600654741e-01
3.156532126075708433e-01
3.192551871601287949e-01
1.223879415025605905e-01
2.289121482498284246e-02
3.002699171110289819e-02
-4.481250989916055194e-02
-1.499854812311915940e-02
3.196999894408954299e-03
-8.029935061506784932e-02
-1.856587561374795359e-01
-1.440512644527744135e-01
3.035359801488833609e-02
4.459783010400718284e-02
-5.679715960086584997e-02
-1.626346285834961158e-01
-2.104746317512274922e-01
-2.207196029776674895e-01
-2.354000580750752192e-01
-2.169618816324375421e-01
-2.053633651866321741e-01
-1.455876141703183468e-01
-2.475126709255055096e-02
-5.296849427168575861e-03
-1.416160709571828366e-02
1.809599545958502989e-02
1.523810780845784307e-03
-4.372426218256691283e-02
-1.206575682382133967e-02
8.508988437780476422e-02
1.325200622987170729e-01
1.373198352779684273e-01
1.382628953064780064e-01
1.647451296130088005e-01
2.228380233356211659e-01
2.426422839343223559e-01
1.802696531334142815e-01
1.129151047991130419e-01
1.125791932844094762e-01
1.036950266617390759e-01
1.611939707512802938e-02
-5.060860039068686839e-02
-6.084644422153000914e-02
-1.569808880206958329e-02
-1.435114302307164379e-02
-7.250343170899106737e-02
-3.640865054643366294e-02
3.347097566126391865e-02
8.144633335093184878e-02
1.134146824349295118e-01
8.626062509899160013e-02
6.593269890713267245e-02
1.194888073491368052e-01
2.617648223430653065e-01
3.492674621192122797e-01
3.467035795364553086e-01
2.757681748587719750e-01
1.481343382081199700e-01
6.147477693891557904e-02
-4.644950108230821995e-02
-1.220361913309751245e-01
-7.793741090755502976e-02
1.027176495433187314e-02
3.116684705137004463e-02
-1.769263766432606485e-03
-1.149543318726571964e-02
-6.926376643260651056e-02
-1.975166305897259889e-01
-2.253240325220421114e-01
-1.614823662953381589e-01
-1.637024180349506419e-01
-2.902321683121271145e-01
-4.471820389630959403e-01
-5.406334142864684944e-01
-5.249887809513752446e-01
-4.349955123805501200e-01
-4.393900797212396125e-01
-5.173393696214561022e-01
-5.227436513383665329e-01
-4.044783802333561940e-01
-2.516340214349823134e-01
-1.876174700385407346e-01
-2.440862414867219499e-01
-2.971424423208912091e-01
-3.158346972176759304e-01
-2.255523731587561198e-01
-1.512697323266986860e-01
-1.548974446966897289e-01
-1.950425003959664338e-01
-2.451777889234992847e-01
-2.247063249036481414e-01
-2.026938915579958866e-01
-1.637512538936698181e-01
-5.035973549443007596e-02
9.380114566284779298e-02
2.060219893353043563e-01
2.107617074072118679e-01
6.396375587350192071e-02
-9.590042764373581108e-02
-7.347024972282349686e-02
2.901688136845995136e-02
6.831608679583971167e-02
1.161640092920120243e-01
1.419460429755556863e-01
1.996218520669447161e-01
2.229739718071907517e-01
2.256203473945409266e-01
2.209499234464917250e-01
1.554808352251728920e-01
7.162174647589884813e-02
-3.640997043450715231e-02
-4.309328968903437113e-02
9.562193126022912326e-02
2.159409482075920206e-01
2.871198722348344834e-01
3.019771923340900943e-01
2.738879942980835258e-01
2.476901958713901286e-01
2.216738820548017630e-01
2.967979515337099139e-01
3.939397339105643603e-01
3.703539939813104143e-01
2.999914207275223288e-01
3.052564542526793878e-01
2.672449976242014524e-01
2.604673723668232688e-01
2.286019745525579294e-01
1.163091969800960912e-01
7.436711366876087859e-02
8.189377540784541221e-02
1.674647589884377952e-01
2.727654294915791144e-01
3.332954965418932769e-01
3.178006705031413692e-01
2.541563275434243208e-01
2.007298981046407305e-01
2.179768755609524378e-01
1.722447336465867673e-01
5.355703236365556147e-02
-4.781050366928884382e-02
-1.975971437622089655e-01
-2.447230874821815227e-01
-6.897075128029142577e-02
8.373303943825563533e-02
6.580123805501293666e-02
-1.676535029829470322e-02
-7.267567710258170111e-02
-7.946650124069479237e-02
-7.943152420674726155e-02
-6.223173274906287911e-02
-7.718111504144448132e-02
-7.705902539464654089e-02
-5.125712739559685344e-03
7.676996990655192421e-02
1.454516656987487611e-01
1.613932738503774944e-01
-9.073372578005384345e-04
-2.116876088907660436e-01
-2.445224644950108328e-01
-2.299673987645847739e-01
-2.253689087165408333e-01
-2.385347922496172390e-01
-2.801271052214772128e-01
-3.094075022438096956e-01
-3.323603558418246062e-01
-3.310939232353096173e-01
-3.310048307903489806e-01
-3.002817961036904348e-01
-2.025401245974341180e-01
-1.529618288369146428e-01
-1.401305369304683135e-01
-1.260611900110870376e-01
-1.276080988332189414e-01
-6.655271632965524542e-02
-4.443205216197666785e-02
-1.051350245499181740e-01
-1.192492476637981164e-01
-7.338709677419355537e-02
1.970982260704292124e-02
1.414220474103796144e-01
2.130794308642626755e-01
1.932698907132675281e-01
1.106831740668391406e-01
-4.005695317037115399e-03
-4.720678686447388889e-02
2.963775671823029156e-03
7.662016261021065144e-02
9.237302676733012696e-02
-7.513396863945937670e-03
-9.360712211604456379e-02
-1.979970698484768421e-01
-2.770161290322580294e-01
-1.151509951956074251e-01
9.772385301726414439e-03
-6.873185153898949545e-03
-1.257556359220738107e-01
-1.391162029459901972e-01
9.561995142811889267e-03
2.208377329602449757e-02
-5.693528588775671057e-02
-2.359227337521778156e-01
-2.778714165038804751e-01
-6.319841877408795272e-02
1.892990074441687487e-01
2.588287313235837495e-01
1.792309012195765772e-01
1.467332770181088708e-01
2.540401773929570894e-01
4.196478538619925480e-01
4.451210337363391556e-01
3.270530858983158318e-01
9.981455572567446421e-02
-2.420668127342801290e-01
-6.073464970170528998e-01
-7.400084472836703231e-01
-5.826190539042289673e-01
-2.295542737975819481e-01
3.562430705876141745e-01
7.175769494746845334e-01
7.237606250989916390e-01
5.581694472308748045e-01
4.272378702286046548e-01
3.573735547225595499e-01
9.735296446861305131e-02
-2.671928620452985736e-01
-2.205427379758196638e-01
1.362916424687186656e-01
1.921908822131883077e-01
8.196504936381394935e-02
-1.061031624518240929e-01
-1.794671611847315496e-01
-1.657066680745472864e-01
-3.952451032152473447e-04
3.655489414497650746e-02
-1.317697059289372197e-01
-1.218936434190380502e-01
-1.932250145187688062e-01
-3.308814212554775369e-01
-2.767052953909508450e-01
-3.233171427062984764e-03
1.398652394276965472e-01
1.162729000580750849e-01
1.206357900850007908e-01
3.416536877672773226e-02
1.012994298083522565e-01
3.401252573781743394e-01
4.531604719919751223e-01
1.822422258592471256e-01
-3.184203579536454831e-01
-4.607280502613378959e-01
-3.225370888548650949e-01
4.329206483290217247e-03
2.273830579166886412e-01
1.606693152420674842e-01
-2.703506942611266436e-02
2.419249247663798202e-02
2.277856237791035521e-01
3.804564172958133095e-01
4.524840293543107572e-01
3.844167414603241739e-01
2.189060767646903716e-01
1.186427590940288268e-01
1.199633071115569494e-01
9.129599809936117527e-02
5.208661105538250208e-02
-9.329760836281084102e-02
-1.692268095665487582e-01
-1.616928884430600122e-01
-1.319584499234464914e-01
-9.737738239797265327e-02
-1.585871918061348279e-02
-1.193964151839923930e-02
-6.986233567393485000e-02
-6.818475793252732654e-04
7.871020537458423005e-02
1.690743624940604928e-01
2.004909983633387793e-01
1.321617126867641601e-01
-3.415685549865371540e-02
-1.684606145398870325e-01
-2.259325009239216420e-01
-2.658683543635499968e-01
-3.225997835383559442e-01
-2.848952008869647945e-01
-1.010519507945726175e-01
1.082361015785861386e-01
1.372162240641993658e-01
3.220764479172166100e-02
1.350918642099149976e-02
-3.221602608098832893e-02
5.472856501768650489e-02
2.285155218837442437e-01
2.455605564648117856e-01
6.498482128715485362e-02
-1.448187793675096424e-01
-2.995525579430864394e-01
-3.792177023388416668e-01
-2.752897154321313211e-01
-1.075682382133995030e-01
-2.902440473047885466e-02
-7.464165038804709829e-02
-6.211993822923816272e-02
2.180217517554511319e-02
5.929168206536085178e-04
-9.170054379388627164e-02
-1.138786230927617410e-01
-6.047027612058496898e-02
-9.121812470302519127e-02
-1.364856660155218671e-01
-1.254514017211340315e-01
-1.236655931577002321e-01
-1.164953011984583703e-01
-3.801231455572567225e-02
9.921598648434612477e-02
2.009833166147510508e-01
2.066997518610421969e-01
1.350318093025711375e-01
5.789088485296446651e-02
3.114163718916635945e-02
7.545602132939126239e-02
7.320957182830896415e-02
6.361840715907290944e-02
1.009925558312654986e-01
9.448484768491631491e-02
3.213313710997307143e-02
3.563493215775302703e-02
1.012882107597275760e-01
1.171823029407106226e-01
9.929847948893934240e-02
8.106422575365608563e-02
9.837257800538513897e-02
1.795747320627210930e-01
2.827424634391003666e-01
2.850865846576209894e-01
2.576639300987276227e-01
1.990074441687344764e-01
4.964547806346022302e-02
-9.303891030040652155e-02
-1.527790243387360525e-01
-8.725384087429385871e-02
2.889155799588194809e-02
3.769098780423420225e-02
-5.889683754817591488e-02
-1.447415659152103962e-01
-1.445647009133625427e-01
-5.593738450979357513e-02
-3.405205638561849962e-02
-1.019771923340900693e-01
-9.846892983475001582e-02
-3.032528641571194741e-02
-1.670272160920753708e-04
-3.691918325326012246e-02
-1.484504514017211396e-01
-2.280284831846259297e-01
-1.224037801594424907e-01
5.241262340953486976e-02
2.490945567815849165e-02
-9.513093289689034115e-02
-1.888509054432184198e-01
-1.208555514492370975e-01
-1.505655720394910449e-03
-3.325636186051422749e-02
-1.098853017264136006e-01
-1.767409323689351219e-01
-2.021434982313499717e-01
-2.027275487038699142e-01
-1.113002217411963451e-01
1.462614170318356915e-02
1.153766960561744270e-01
9.486761522622881582e-02
-2.069610896995934674e-02
-1.327932791299298032e-01
-1.114328704925822283e-01
-3.867819808880206683e-02
-1.330110606620558689e-01
-2.573794942188902257e-01
-2.665197191278179667e-01
-1.255550129349031208e-01
1.129613008816852393e-01
1.962369991024761062e-01
7.627105221477219199e-02
7.091428646850746198e-02
9.922786547700755688e-02
1.246132727944670310e-01
1.729937701282931173e-01
1.789926614223114054e-01
1.306352621297713901e-01
1.234478116255741664e-01
2.076124544638614511e-01
2.318535188216039045e-01
2.041754659204899347e-01
1.993506150678422406e-01
1.682322739031730241e-01
4.376280291431286495e-02
-3.646771553772240604e-02
-1.055507892930679370e-01
-1.539550446122168736e-01
-1.011324639670555942e-01
-5.916055118525949397e-02
-3.475773454411065777e-02
-5.001273691990919300e-04
-2.160848160076025634e-02
-3.722407739823662548e-02
6.769309962515178414e-02
2.152546064093764921e-01
2.438374425848688076e-01
1.623818700174225194e-01
7.885275328652130433e-02
-8.278074019323161670e-02
-1.614361702127659615e-01
-8.630550129349030819e-02
-9.633137109973074000e-03
1.229924502402196182e-02
5.205770550657303365e-04
-2.494977825880365097e-02
3.047555567287894146e-03
1.400091072277070796e-02
-4.845863470777678206e-02
-1.395874029882266006e-02
8.086162293437515469e-02
8.572937014941132972e-02
-6.886780001055910032e-03
1.565809619344279632e-02
1.132853334037273729e-01
9.593276490153634928e-02
2.684975714059447890e-02
3.275447442056913377e-02
4.749762420146771275e-02
-6.669988384984953944e-02
-1.719378596695000372e-01
-1.881995406789504222e-01
-1.607405891980359935e-01
-1.809672139802544766e-01
-2.633988437780476199e-01
-3.266393009872762820e-01
-2.888073491367931789e-01
-1.348113879942980931e-01
-3.190506045087376612e-03
2.726374003484504163e-02
-2.748838498495327284e-02
-2.511093659257694968e-02
1.355564648117839506e-02
4.765158914524048051e-02
7.243809724935325323e-02
-8.533076395121694593e-03
-1.265673670872710099e-01
-1.889195396230399504e-01
-2.266208225542473975e-01
-2.463293912676204900e-01
-2.028496383506678824e-01
-6.121251517871283826e-02
6.385737289477852116e-03
2.868816324375692700e-02
8.546209281452932238e-02
7.959387043978670417e-02
6.548585079985216884e-02
6.498891294018266374e-02
5.697303468665856907e-02
8.711063301832004668e-02
1.297087007021804350e-01
7.010321524734701437e-02
-2.322712633968639431e-02
7.974235784805447716e-03
6.912385829681642890e-02
4.576012354152367984e-02
8.906736708727099744e-03
-1.574256903014624454e-02
-4.729158967319570944e-02
-7.237870228604614820e-02
-5.134160023230029818e-02
-2.318964151839924062e-02
-2.592141386410432707e-02
2.473371258117311802e-02
1.229059975714059394e-01
1.650863206800063376e-01
9.279209123066363418e-02
5.748673512486140308e-02
6.538382345177128074e-02
6.466468243492951018e-02
5.582070640409692724e-02
6.518524629111450974e-02
1.113978934586347114e-01
1.037986378755081512e-01
1.075088432500923841e-01
1.163283353571617079e-01
1.024965682910089215e-01
8.676614223113879310e-02
1.220467504355630534e-01
1.853228446227760118e-01
2.316634549390211850e-01
2.062800274536719103e-01
1.795371152526265834e-01
1.860072065888812576e-01
1.558378649490523293e-01
1.065849215986484355e-01
9.105709835805923802e-02
1.021916741460324046e-01
4.894705928937226336e-02
-3.906532126075708961e-02
-6.970592893722611649e-02
-5.883348292064832785e-02
-6.930006335462753075e-02
-4.207690987804234284e-02
-2.220474103795997897e-02
-5.056326223536244252e-02
-2.115265825458001112e-02
4.324791457684388357e-02
4.722044770603452818e-02
2.062549495802755775e-02
1.286514703553138725e-02
-1.064001372683596319e-02
-1.796288474737342197e-02
1.538560530067050250e-02
1.406716910405997681e-02
-6.620426587825352371e-02
-1.153357795258961871e-01
-6.140284303891029721e-02
-1.642250937120532175e-02
-7.765627474790138076e-05
1.996944459109867634e-02
-2.741486721925980377e-03
-1.903067419882793765e-02
3.426297449976242488e-03
1.246073332981363115e-02
-3.255140964046248503e-02
-5.764531967689140446e-02
-1.221404624887809619e-02
4.386634813367826236e-02
2.715979884905760089e-02
-2.780740193231614164e-03
6.127454991816693505e-04
8.650942400084472503e-03
1.244152895834433302e-02
1.879005860303046421e-02
6.043153740562800386e-02
8.221516815374055320e-02
3.954549654189324498e-02
-2.354733118631539834e-02
-5.086947626841244186e-02
-5.801073069003748195e-02
-7.756454252679373385e-02
-1.145867430441898510e-01
-1.475298294704608937e-01
-1.484306530806187852e-01
-1.422238794150256225e-01
-1.715385935272688844e-01
-1.612454463861464349e-01
-1.287920384351406988e-01
-6.974354574732062606e-02
-3.620690565440050357e-02
-4.208271738556570302e-02
-7.717979515337099194e-02
-7.442584868803125975e-02
2.900328652130299348e-02
8.255899899688506904e-02
6.625640145715643026e-02
4.933418246132727919e-02
1.885493110184256402e-02
-2.722104165566759798e-02
-4.187470302518345872e-02
-6.394646533973918912e-02
-5.674990760783485411e-02
-4.360956390898051288e-02
-8.872287630008975079e-02
-1.573827939390739505e-01
-1.766815374056280030e-01
-1.346365028245604945e-01
-1.409633863048413427e-01
-1.571584129665804241e-01
-1.482115516604191885e-01
-1.717444960667335596e-01
-1.770887228763000920e-01
-1.528344596378227171e-01
-1.459816007602555143e-01
-1.571689720711683669e-01
-1.619205691357372690e-01
-1.348325062034739230e-01
-1.104376748851697426e-01
-1.058530436618974752e-01
-9.256441053798637741e-02
-1.037181247030251746e-01
-1.282403252204213084e-01
-1.084024074758460493e-01
-5.628042342009397653e-02
7.379164246871865521e-03
6.397741671506257388e-02
9.590504725199303082e-02
1.098463650282456155e-01
1.233092233778575603e-01
1.282574837653766842e-01
1.317248297344384977e-01
1.445416028720764579e-01
1.127897154321313572e-01
6.702325642785492144e-02
3.478677208172747254e-02
2.237434665540362008e-02
5.009470196927300750e-02
7.953843514070006726e-02
5.951263132886330798e-02
4.871568291008922247e-02
5.570996779473100929e-02
7.113206800063354152e-02
1.534105907819016956e-01
1.500382767541312279e-01
5.207605195079457322e-02
6.359379124650230142e-02
1.247221635605300638e-01
1.300472519930309934e-01
1.341600232300300954e-01
1.371964257430969836e-01
1.138179082413811327e-01
1.089178237685444334e-01
1.279341111873713022e-01
1.084538831107122042e-01
4.813354627527585694e-02
1.494106699751861049e-02
3.625290375376168106e-02
3.065921809830526173e-02
3.911402513066891684e-02
6.406756507048201599e-02
2.820930785069425753e-02
-4.509582387413547250e-02
-6.670384351407000756e-02
-9.412385829681643376e-03
2.644600337891346922e-02
2.704516656987487541e-02
3.857617074072118568e-02
5.826566707143234630e-02
2.924647589884377466e-02
1.328625732537880647e-02
3.500184784330288845e-02
6.027163296552452004e-02
4.612216884008236290e-02
5.531611319360117858e-03
-1.697831423895253614e-02
-5.575814370941344078e-02
-7.066812734280132624e-02
-8.741618710733330133e-02
-1.103703605934216875e-01
-9.336030304630167642e-02
-9.408756137479541704e-02
-1.058273058444643838e-01
-9.492239058127870110e-02
-8.364064727311124048e-02
-7.331450293015151498e-02
-5.174053640251306818e-02
9.723945409429279874e-03
3.051713214719391914e-02
-5.216441845731482506e-04
-3.052861517343329230e-03
4.911547700754976403e-02
5.571207961564859229e-02
1.046314872498812013e-02
-3.843415078401351409e-02
-6.394653133414286705e-02
-2.142435721450821132e-02
1.089963571089171655e-02
-7.309144184573147622e-03
-1.554874346655403701e-02
4.342326170740721560e-03
1.509879362230082817e-02
3.220302518346444126e-02
1.556260229132569624e-02
-2.504923182514122784e-03
-3.117859405522411826e-03
-7.353228446227759669e-04
9.772055329708040361e-03
-5.744324481283986927e-03
5.375574151311969182e-03
3.530977773084842397e-02
1.482557679108811519e-02
1.447514650757615769e-02
4.875105591045879316e-02
1.619067103109656305e-02
-3.929023018848001869e-02
-4.699151311968744610e-02
-6.926574626471676197e-03
7.545470144131777995e-03
1.201289530647801169e-04
1.154954859827886544e-02
2.793998468929834861e-02
5.853373633915844032e-02
4.780997571405944807e-02
5.839118842722137298e-02
6.357372894778522132e-02
7.515772662478222010e-02
9.976044031466131667e-02
8.422403780159443132e-02
8.464706192914840666e-02
9.709294651813525634e-02
8.976162821392745517e-02
3.152064304946940176e-02
1.848787022860461440e-02
5.583984478116255784e-02
9.514413177762524876e-02
1.204939021171004543e-01
1.136001267092550532e-01
9.911303521461380106e-02
8.394620136212448125e-02
7.113536772081727189e-02
6.435629058655825685e-02
2.030489414497650691e-02
-4.555626682857293747e-02
-8.551488833746898055e-02
-6.721991975080512938e-02
-5.589165038804709551e-02
-6.399721503616492835e-02
-2.309124386252045871e-02
-2.541167309012196032e-03
-1.147471094451190526e-02
-4.933325853967583663e-02
-6.886186051422839294e-02
-3.680138324270101902e-02
-3.858620189007972573e-02
-6.339930573887334053e-02
-7.037445224644950370e-02
-6.882688348028086212e-02
-7.167520194287524404e-02
-6.298624676627422037e-02
-7.384509793569504765e-02
-1.251194498706509617e-01
-1.252151417559790869e-01
-1.075880365345018713e-01
-1.147906657515442713e-01
-1.197461855234675937e-01
-9.373647114724671658e-02
-9.208991077556623328e-02
-1.152625257378174228e-01
-1.100060714851380517e-01
-6.182593316086795049e-02
-8.787352832479805803e-04
2.232749062879467797e-02
1.718646058814212590e-02
1.827180455097407799e-02
4.350027717649543324e-02
8.436988543371522556e-03
-5.054181405416820899e-02
-6.972044770603452735e-02
-7.081133519877515214e-02
-6.462515178712845143e-02
-5.468804445383031870e-02
-4.341488041814053900e-02
-3.245241803495063637e-02
-1.892600707460007428e-02
9.396349189588723214e-03
7.786349717543952775e-03
-1.273058444643894102e-02
1.776886120057019278e-02
4.939021171004698979e-02
4.187872868380761865e-02
1.656776305369304578e-02
-1.197824824454886243e-02
-3.146019217570349765e-04
3.448768544427432275e-02
6.081371099730742413e-02
6.582433609629903537e-02
5.462211604455941699e-02
5.150731217992714217e-02
6.392000158386569597e-02
8.349281980888020871e-02
6.689654717279974738e-02
5.328163771712158409e-02
4.958826091547436504e-02
8.611609735494429874e-02
1.319135737289477694e-01
1.211050102951269775e-01
8.772306108442004535e-02
7.585066786336518152e-02
8.383731059606144842e-02
6.877804762156168594e-02
6.477726888759832713e-02
6.991117153265404005e-02
6.315915210390159185e-02
2.681854178765640320e-02
1.781664114883058092e-02
5.970137532337257275e-02
8.491037959980994587e-02
9.203381553244284474e-02
5.968289689034370071e-02
2.269323161395913821e-02
1.586314080565967913e-02
4.989566284779051002e-03
-4.456291906446333169e-03
-1.430719075022438176e-02
-1.219510585502349420e-02
-2.424469404994456304e-02
-4.186526582545800623e-02
-2.268815004487619372e-02
-1.314964890977245171e-02
-2.660029829470460933e-02
-5.851149622512010623e-02
-7.517686500184783682e-02
-6.000151787128451403e-02
-3.841402249089276993e-02
-1.694643894197771922e-02
-1.963835066786336417e-02
-2.308913204160287225e-02
-1.225054115411013111e-02
-3.165672350984636424e-02
-4.541992239058128406e-02
-4.517270735441634294e-02
-3.567195501821445597e-02
-2.107062721081252171e-02
-1.844352198933530557e-02
-1.525163666121112822e-02
-2.194729686922548828e-02
-3.364836861834116094e-02
-5.592062193126022540e-02
-5.839495010823082810e-02
-5.698676152262287936e-02
-6.058768016472203255e-02
-6.111464547806345210e-02
-7.146072013093289488e-02
-7.266775777414075099e-02
-7.648091441845732141e-02
-7.532007285782166273e-02
-6.390251306689193056e-02
-4.894012987698643374e-02
-3.288118367562430783e-02
-7.708872287630008646e-03
1.906169156855498648e-02
2.979792513594847411e-02
2.024167150625626882e-02
-7.448458370730161662e-03
-5.217332770181088916e-03
1.829107491684705059e-02
1.922779948260387381e-02
1.266604191964521529e-02
2.498798901853123075e-02
4.447428858032838328e-02
3.785003431708991450e-02
2.717959717015996923e-02
1.026028192809249825e-02
3.869779842669341264e-03
2.155812787075655698e-02
4.020385671295074320e-02
4.932593316086796020e-02
4.032654030938176426e-02
2.425974077398236617e-02
1.158802333562113963e-02
1.818370202206852707e-02
3.203196768913995490e-02
2.335390158914523936e-02
1.604145768438836397e-02
2.079034897840663018e-02
1.848272266511799891e-02
7.978459426640620647e-03
4.064397339105644039e-04
-1.081615279024338711e-02
-2.413362546856026580e-02
-2.017059553349875856e-02
-1.677181774985481155e-02
-1.186744364077926134e-02
-4.046849427168576485e-03
-3.190921809830526198e-03
-1.154624887809513681e-02
-1.303673248508526415e-02
-2.002059025394646499e-03
1.416068317406683937e-02
1.591501240694789127e-02
-2.056748587719761049e-03
-5.412616810094503933e-03
-7.957539200675782867e-03
-8.230690037484821378e-03
-4.856877936750964020e-03
-4.627118420357953683e-03
-8.581252309804127815e-03
-1.134061031624518205e-02
-3.360534026714534755e-03
5.173439892297133046e-03
9.297027612058497009e-03
5.164847420938704220e-03
-2.272306108442004053e-03
-3.656584921598648574e-03
-2.439291748059764422e-03
-8.052439153159811867e-04
1.748858296816429994e-03
-3.579701441317776397e-03
-9.581661475106910408e-03
-8.061282403252205409e-03
-3.358316614751068706e-03
-1.624960403357795244e-03
-1.965531122960773036e-03
-6.208839290428172031e-04
2.761535821762314737e-03
2.210766327015469251e-03
5.110131460852120099e-04
2.730657040282984029e-03
5.983818172218996131e-03
9.561401193178817315e-03
1.145049099836333885e-02
1.110098463650282391e-02
9.585555144923709261e-03
1.029288316350773433e-02
9.607795258962039883e-03
6.490213029935061259e-03
6.584017475318093213e-03
6.953632331978248232e-03
6.496647484293332359e-03
4.379131249670028224e-03
2.229726519191172276e-03
3.467405364025130578e-03
5.101954754236841076e-03
5.398025447442057236e-03
3.374610633018320163e-03
4.007404572092286630e-04
3.916253101736972653e-04
1.438169843197296916e-03
1.325919961987223443e-03
2.981699751861042157e-04
-1.050089752388997386e-03
-1.125204582651391201e-03
-3.098694630695316646e-04
9.195990180032733536e-04
1.017488516973760445e-03
-3.499175069954068022e-04
-5.320554616968480987e-04
-1.712653766960561645e-04
-4.445244443271210099e-04
-6.640290903331397395e-04
-7.165144395755240021e-04
-5.706615279024338742e-04
-6.597381342062192896e-05
9.013845625890924468e-05
-2.085990707987962550e-04
-5.390581278707565465e-04
-8.121667282614433540e-04
-1.053046301673618134e-03
-1.324309698537564023e-03
-1.353037062457103585e-03
-1.342893722612322578e-03
-1.538342748534924200e-03
-1.700834169262446316e-03
-1.756203473945409628e-03
-1.669434031994086656e-03
-1.519501346285835001e-03
-1.352416715062562712e-03
-1.126220896467979536e-03
-8.913336149094557232e-04
-6.551950794572619684e-04
-4.175789293067947577e-04
-1.893887598331661637e-04
