-4.554036617832001727e-03
-6.718386768364719742e-03
-6.868048410015189197e-03
-6.645216435015053290e-03
-6.382260549539691373e-03
-6.431830183851350302e-03
-6.403955771146716165e-03
-6.283829029676449990e-03
-6.001001736706573081e-03
-5.458648417637098488e-03
-6.136399518730842849e-03
-6.248550476097146367e-03
-5.489571594231302566e-03
-5.225445201191196085e-03
-5.906925593828431242e-03
-5.356460385124208953e-03
-3.736042377818064777e-03
-5.614543692597492863e-03
-7.286817907132473425e-03
-4.045927450307870363e-03
-3.486288728828784798e-03
-6.871505490497111651e-03
-6.933896265808657360e-03
-3.553552082142409814e-03
-6.141544307794491800e-03
-7.712093248621250700e-04
-7.041827951720646371e-03
-3.748237433376342374e-03
-4.265656219206123353e-03
-6.916175325700535436e-04
-5.515050549594132864e-03
-1.186772175674130625e-03
-3.000038109548619318e-03
-4.479042470369825474e-03
-5.970650203341663041e-03
-1.965061710247657713e-03
-4.586048638672480908e-03
1.762291690485134595e-03
1.132672949297967640e-03
-2.808646512159668120e-03
2.912141157768087258e-03
6.258948938649071085e-03
2.017884266745063274e-03
-6.835219755990004989e-03
-4.170110136595510386e-03
-1.245441825774032179e-03
1.924515872627000079e-02
-1.804059755772235638e-02
-7.780853762773503983e-03
-3.218324159820558101e-03
-1.361825665147728924e-02
4.150837593436446787e-02
-1.691603922016975126e-02
6.508375934364468013e-03
1.675342033198860825e-02
2.719758712115025179e-02
-1.489982632934271946e-02
1.795803594274856738e-02
3.246443562480604526e-03
-1.942577076562083255e-02
1.020952085408942563e-02
4.407777614451140885e-03
1.736785514016147419e-02
4.264948470446045144e-03
-2.802657868805156702e-02
2.841148512910970578e-02
-7.515121324470141334e-03
-3.332625584573254557e-02
3.256869246138685559e-02
7.590496567418513613e-03
-1.726182893168046878e-02
-1.619405382157109233e-02
3.967721212319183510e-02
-2.932502545173425526e-02
-1.889346203472324140e-02
2.482281782002493387e-02
-5.955161393938403908e-02
1.779195997408550625e-02
4.339779291271279871e-02
-8.595173153456262677e-03
-7.316080596251109402e-02
4.849630609589451052e-02
7.887941594394630440e-02
-3.454984456748384086e-02
-3.651711390944082421e-03
2.114385810181782649e-02
2.541084815522563420e-02
-3.004121275472150174e-02
6.304816502523397093e-02
8.081048121471463841e-02
-6.863938022985501507e-03
7.628851105993542103e-02
-1.040502283850806495e-02
-4.842389795351723092e-02
5.264589151844773635e-02
-2.067276963866703648e-02
1.053660966567037359e-02
2.001777538232043380e-02
5.815952657052171626e-02
4.461702625747900053e-02
-7.466640534404755947e-02
1.043186284917873990e-01
-1.901867912304484182e-02
-7.281047032627217808e-02
4.358371306776422094e-02
1.264578263402311442e-01
-1.307527724696620763e-01
1.654947980466133992e-02
3.971123850588792470e-02
-4.025321072947120674e-03
5.366967732100761355e-03
3.045824010104474650e-02
-1.018679123044844044e-02
-9.857742499224197985e-02
-6.087238201011535565e-02
7.486511941899270939e-02
6.995361523510869317e-02
-5.463058236834511527e-02
1.254326794823634461e-01
3.481878909631371671e-02
-8.918151578007522950e-02
-3.589538384481791300e-02
-1.357873160533751462e-02
-3.987456514282914548e-04
-1.083454467255731274e-01
1.310840533315911771e-01
1.218484764346883936e-01
-9.351239376963321748e-02
1.281052476848449327e-02
1.282116822099182707e-01
-2.218318715599326973e-01
1.051681992149432893e-02
1.173980977891017630e-01
5.261240955787478690e-02
-1.573679368034799561e-02
-7.493426102863115501e-02
1.331329859920187819e-01
2.181643719274176385e-01
-2.753687098828948021e-01
3.378030389642913689e-02
6.268149672530093364e-02
9.560977999902003921e-02
1.873868282511528260e-01
-4.501744872904654693e-02
-1.517443284825322203e-01
5.571316576020383243e-02
2.764874973459421209e-03
1.337084401761750030e-01
1.117374687637806702e-01
-5.662289512796641472e-02
-1.338559785715452144e-01
-4.561576864237455731e-02
-2.421488885622356257e-01
1.127770428079115372e-01
-1.836529091196149877e-02
-4.716927717074710646e-02
-8.481062276446664494e-02
-4.862642298332435498e-02
1.434323637175320132e-01
-2.773667390748090211e-01
5.742891208127133551e-02
-4.223545167981446191e-02
-2.623921363668533790e-01
-1.857061971570276859e-01
1.143087744513585947e-02
-1.973320593855651742e-02
-3.561609529564843668e-02
9.519574697437403754e-02
-3.665811923933340322e-02
-1.696716045753235147e-01
5.021341347226986052e-02
-4.626635307952374487e-02
-1.472588346100032197e-01
-1.401650143455229203e-01
-1.006154692102068093e-01
2.048486234286616414e-01
8.473032050130388515e-02
-1.106494411506906000e-01
-2.382815860105291436e-02
6.603350373745787982e-02
1.522068150761374250e-01
-8.298136443072500141e-04
1.438755233257658639e-01
-1.803831098480517814e-01
-3.578758826443671770e-02
-2.301816736624909265e-01
-2.226607542424093866e-01
-7.931522585351778731e-02
-6.042786134657367886e-02
6.760960578394063433e-03
-6.612659992051436730e-02
2.143517837990864539e-01
2.618792907268579495e-01
2.572065156439696798e-01
2.773694611854247150e-01
3.285805281983438242e-01
3.062456105966321895e-01
1.386716644617570771e-01
6.948377894284112413e-03
-6.911765506503121659e-02
1.445065085664821170e-01
-2.202911569514538759e-02
1.434511462807802791e-02
-6.585221117045312288e-03
1.360453721397422711e-01
3.823558234112401366e-01
2.120867155557733252e-01
2.856256226828033373e-01
4.711184063675611378e-01
4.859157996744355446e-01
4.211649544590893579e-01
2.857453955498935327e-01
3.358158982148398697e-01
4.947544928435712031e-01
6.167839896342027783e-01
6.420723972539348345e-01
4.903201746506171133e-01
2.469972397798356756e-01
-2.844768920029834558e-02
-1.561285598401576658e-01
-2.751264420380986619e-01
-1.675023546256825535e-01
-1.528356226283611279e-02
-2.263170932214001244e-02
-2.354759065989405625e-02
6.867912304484403985e-02
-2.050759196650714898e-03
-1.195940244227764460e-01
-1.815201354522242294e-01
-2.336951018341581199e-01
-3.619998802271328642e-01
-5.243465573467043228e-01
-4.700731158911373719e-01
-5.043825980912560736e-01
-7.601194462138163299e-01
-7.474425770765620314e-01
-6.624936710928185368e-01
-5.293062428884860449e-01
-3.096291940919311259e-01
-2.399804552457793505e-01
-9.811221628802106742e-02
-1.379500329375384637e-01
-3.519090161747812640e-01
-1.085705652734904603e-01
3.496115548151414454e-01
1.196158013077019272e-01
-1.753355001333834207e-01
-4.307495059369232382e-01
-5.735214856190895549e-01
-5.382510983716334296e-01
-5.034543583713068093e-01
-4.745564320751737841e-01
-3.238794431650524608e-01
-1.840266549071487845e-01
-1.761502278406585353e-01
-7.798329712926213575e-02
1.755053598358022882e-01
7.051872539892530822e-01
-1.689535117949052812e-01
-9.115014617734004676e-02
-2.059197739559344431e-01
-2.649585422553230596e-01
-3.534197875664875643e-01
-4.670189077803365563e-01
-4.353253738818930740e-01
-8.275896799342337407e-02
1.817594089753431230e-01
4.238707324110821961e-01
5.789275973018439547e-01
-2.535014508849581238e-01
-2.618047048959881717e-01
1.066422221133377923e-01
5.975305012494487311e-01
8.346236137651690257e-01
8.867983079360413079e-01
7.565534813072662956e-01
4.986525552452349824e-02
-6.894017345288842025e-01
-4.614031935801743423e-01
-6.231945601341456475e-01
-4.652876454287596109e-01
-3.593920982573047818e-01
-3.299415835061873525e-01
-4.482064013153237991e-01
-2.987979159521126360e-01
1.235566008460319692e-01
5.278716905940189497e-01
7.632934271917073410e-01
7.891044800496512801e-01
4.459171062875310620e-01
6.675649631698432618e-02
-1.720850278471915962e-01
-3.357206243432908077e-01
-1.542228101981152066e-01
1.111620145796244491e-01
5.006043085566824757e-01
6.591318644824450956e-01
6.260391657275384825e-01
5.277791388330855815e-01
4.517832546643365532e-01
1.696933814602490098e-01
-1.596185778605299366e-01
-3.807552223692161619e-01
-4.037271138549985983e-01
-3.245735813720526108e-01
1.399973323315966203e-02
2.313037276582771140e-01
3.241053783461544935e-01
2.283698368366896825e-01
3.150625268808423217e-03
-2.828109603061829680e-01
-4.594541623793423901e-01
-3.213751013986204108e-01
-3.163228640959053761e-01
-3.760350825616149972e-01
-2.348751367860584527e-01
1.369608179397978076e-01
5.953473685356678313e-01
9.019223545167981415e-01
9.989220441961880192e-01
6.496616416504701341e-01
9.384966327491683913e-02
-1.415840506094805627e-02
2.608495162809436052e-01
4.020285168308098678e-01
4.258524289393023632e-01
3.600127394776814205e-01
2.462026556911166564e-01
-1.542013055242512885e-02
-1.595113267022718606e-01
7.003337307614831975e-02
2.176428155334519943e-02
4.570287618207653085e-02
8.630560591460194331e-02
1.061465257702211978e-02
-1.125108203896973552e-01
-1.153883635215400549e-01
-2.190713791845645131e-01
-3.303716769834659228e-01
-4.414827880945769722e-01
-4.764265220681507818e-01
-3.922942492691132710e-01
-1.333306112227176377e-01
5.099166489729476531e-02
9.738078516558598685e-02
3.736260146667319537e-02
-1.637050103167992376e-01
-4.106249421551494416e-01
-4.939269712164023329e-01
-3.544623559322956363e-01
-2.736946118542473161e-01
-3.281014367299829315e-01
-1.716742613552844354e-01
-5.292790217823291343e-02
-4.679063158410504825e-02
-1.497011122543975836e-01
-2.378112052961384171e-01
-1.215147456732051795e-01
1.486593605217741663e-02
1.667445190302753177e-01
2.338848329440715024e-01
2.190697459181951412e-01
2.190199312939280774e-01
1.795958754579951022e-01
1.357059249459660888e-01
5.425248120382620415e-02
-1.522087205535684051e-01
-1.717240759795514993e-01
-6.978429995481295889e-03
1.284591220648842180e-01
2.741355937739886062e-01
3.038610416972903905e-01
2.271084107773803651e-01
1.405082724941610628e-01
3.223523391096520807e-02
-5.922332739913218486e-02
-1.705987554510265125e-01
-2.035861085251060298e-01
-1.312748732857508538e-01
-2.809490366450530935e-02
1.017407897387318100e-01
2.161576319815331770e-01
2.014541514908999853e-01
1.416918461898617615e-02
-8.439277878495871077e-02
-1.902472220861166630e-01
-2.824325869306025250e-01
-1.730241560096035802e-01
-1.626382151665115017e-02
1.432535210500814060e-01
2.795553160098213641e-01
2.367150113512012655e-01
1.110438749789036394e-01
2.005852537823726855e-01
2.224495184586320895e-01
2.310086508675366634e-01
2.393698858346807734e-01
1.341004241048339152e-01
-6.759572301980062980e-02
-2.481590365906108930e-01
-2.154784653829192875e-01
-1.390141059772105059e-01
-6.761641106047984462e-02
-2.825795809038495789e-04
-3.720608010627120266e-02
-1.178175750349791107e-01
-1.276013850098812463e-01
-1.264616372950931045e-01
-1.457194810568322174e-01
-1.499725066827815589e-01
-3.163963610825289152e-02
7.160321426821500412e-02
8.698286703578486656e-02
9.389975011024546958e-02
3.362704906876595734e-02
-5.308442353863491309e-02
-2.221647856882312255e-01
-3.159934887114073110e-01
-2.669467718490208807e-01
-2.625015652136040156e-01
-2.374407260413434195e-01
-2.436403329685705166e-01
-2.043458495979442457e-01
-1.474474768756703358e-01
-1.292997098230083686e-01
-1.551638438379581986e-01
-2.020549213037820813e-01
-2.398928032839542368e-01
-2.081391107409040486e-01
-9.230649876688389044e-02
5.789194309699968732e-02
1.932970748199323852e-01
1.963989198665077041e-01
2.184052787169059318e-01
3.072609578562834343e-01
3.279108889868848631e-01
3.474012009952036628e-01
3.642238446001491714e-01
3.185985485706196996e-01
3.094604232337584970e-01
3.074950593692325485e-01
2.718479320125652410e-01
1.967067905771418823e-01
8.933095965287644880e-02
1.030403253466607820e-02
6.859364877151148676e-02
4.551069517260902808e-02
4.019386871804922490e-02
4.036998927488417294e-02
7.391864155791834368e-02
7.152781180416047102e-02
1.419493578541057566e-02
-3.527692031293383490e-03
-1.883915592794028690e-02
2.931304816502523433e-02
-2.320721794850855516e-02
-8.292746664053439465e-02
-1.162131630380932173e-01
-2.553701798226272746e-01
-8.492903457624903507e-02
6.379102901225494615e-02
1.737114889400645512e-01
1.471529445070529907e-01
1.317569590757890034e-02
-1.175374698526249345e-01
-2.165953473685356678e-01
-2.195752418595282029e-01
-1.604286779797583773e-01
-1.142693038474311418e-01
-7.332631028794486805e-02
-2.963099068493747421e-02
-3.212580506421459058e-03
-1.332151937326125088e-03
2.552264523821190165e-02
1.748101327845558162e-02
-6.128097081352997660e-02
-1.854846173529107745e-01
-2.018058481824467343e-01
-1.939389485031113580e-01
-1.926565621920612315e-01
-1.298833303390116434e-01
-4.411670232631573207e-02
1.291442773068526319e-02
-2.944207620820879414e-03
-9.863077836030945122e-02
-1.042611919577963869e-01
-4.030384198692298081e-02
3.174035420103331340e-02
8.167393470201055050e-02
1.156450585525993502e-01
1.901255437415954805e-02
-9.162406563553116001e-02
-1.662678774614685384e-01
-1.665948029464125180e-01
-8.724228417745984177e-02
-4.268514435352595282e-02
2.511326702271873476e-02
3.203815310238946473e-02
7.571115139834821983e-02
9.035801198817514090e-02
8.342915162700551002e-02
1.264711646822480433e-02
3.895612502109635500e-02
1.393663470908803881e-01
1.884941828496142779e-01
1.801892955722148582e-01
2.002610504080443721e-01
3.118803795711042048e-01
3.281313799467555081e-01
1.785094811112744317e-01
2.163756730418497226e-02
-1.161788644443355611e-01
-1.431759408975343262e-01
-6.030591079099090202e-02
2.040134798917688647e-02
8.541847006494955596e-02
1.452575388853501459e-01
1.756681420506203684e-01
1.314316668572144131e-01
1.438265253346834860e-01
1.475571779334824973e-01
1.434707454772132240e-01
1.967702157544873875e-01
2.032126349486337580e-01
1.715171955727592956e-01
1.231085414386898919e-01
2.141122380649060006e-02
-6.739020366831625919e-02
-1.342784501390998364e-01
-1.739523957295528722e-01
-1.190904339588743505e-01
-3.566618213097707407e-02
1.624762495848781213e-02
5.165204893266042013e-02
8.379391444950756718e-02
1.030220872055356840e-01
3.479864547775763511e-02
-7.737898857257963225e-02
-1.379032126349486465e-01
-1.501532548276631740e-01
-1.775395930989051574e-01
-1.255864787321497589e-01
-5.908259428030117333e-02
-4.377017764493877638e-02
-7.621501407331188194e-02
-7.868914041190977482e-02
-1.000111606535243058e-01
-1.453098034091713231e-01
-7.044168966850136715e-02
6.196394836700584025e-02
1.359642532433948114e-01
9.947926023921907501e-02
-2.529417849423729048e-02
-8.863246606889116364e-02
-1.298490317452540010e-01
-1.565986683434867910e-01
-1.332358817732917367e-01
-1.162463727876045932e-01
-1.133407919164203248e-01
-9.489059837435553924e-02
-5.353221073491542387e-02
-2.870302317604978351e-02
3.373511686020872966e-03
-5.567777832219990286e-02
-7.370550029671005254e-02
-3.995758951660759867e-02
2.678178472460406717e-02
8.016969637578191810e-02
3.598358022876617379e-02
2.764602762397852433e-03
-7.136666285571180435e-02
-1.164878239992160336e-01
-1.584935295430665025e-01
-1.478008068335864844e-01
-8.666138577207223304e-02
-2.143765550056891955e-02
4.413548488956397370e-02
6.844801585357222773e-02
9.121003261088517222e-02
1.120834490230345065e-01
1.516123061176714026e-01
1.669269004415263324e-01
1.112009407614287793e-01
6.579286915903115318e-02
3.860197842999547879e-02
7.217322423113985141e-02
1.439860410167627391e-01
1.598869779672366653e-01
1.127658821543872231e-01
6.807535891028468344e-02
4.212357293350972587e-02
5.918385679520473536e-02
6.328852739259913096e-02
3.720880221688688261e-02
5.198006326185070775e-02
6.040826215014073741e-02
9.639674217801513789e-02
1.469218373157811508e-01
1.333858700682160892e-01
9.369885834680777292e-02
2.719677048796554850e-02
6.283420713084097477e-03
3.743528182011204158e-03
1.633715517663775554e-02
-1.062774592908357317e-02
-5.059314790315818516e-02
-8.171122761744545326e-02
-1.112213565910464275e-01
-1.110659240748907151e-01
-6.081957306417103137e-02
-3.907072587801677793e-02
-1.846976551739156272e-02
-6.337999030928620318e-03
-2.512491765615387784e-02
-9.890761700992480726e-03
-1.112047517162907499e-02
-3.743119865418851472e-02
-2.556173474665316553e-02
4.141636859555424682e-02
8.464348517266347127e-02
1.339147761608440734e-01
1.561367261720047195e-01
9.739739004034168868e-02
2.302105280350172367e-02
6.246236682073812857e-03
1.207381275145496743e-02
4.135131015183933327e-03
1.472963997364996891e-02
2.613337797594742981e-02
2.569920133274535695e-02
-1.202035049896287548e-04
-3.730434829949749731e-02
-7.757416390372438852e-02
-1.066691710084330946e-01
-5.879513939928462940e-02
-2.543763372368399583e-02
2.584230268781202364e-02
7.505485052890609188e-02
5.797088430485461408e-02
1.879993031396823971e-02
-3.303036242180737436e-02
-8.668915130035223515e-02
-1.286782519694470162e-01
-1.269657721811183471e-01
-1.407671452137129187e-01
-1.059766660678023303e-01
-1.162376620336343924e-01
-1.509285119310108114e-01
-1.229520200782878853e-01
-1.443921799206232537e-01
-1.859759583190422616e-01
-1.890573875359999045e-01
-1.467800153527038798e-01
-3.461925838818386003e-02
8.782399921603213644e-02
1.717994784436060463e-01
1.790106216756224278e-01
8.572007992116767450e-02
1.289488297646463125e-02
-5.178924330769105189e-02
-1.016237389822572945e-01
-8.738873372858380062e-02
-3.007088376043248745e-02
4.118607803746712759e-02
8.452316788345011489e-02
8.418589837816649324e-02
4.466221329369940429e-02
9.121656567636282284e-03
-1.228747121368023790e-03
-1.834185353956043277e-02
-5.216435015053270952e-02
-4.528965979061524288e-02
-2.531669034902902377e-02
1.661753257005351564e-02
1.657514930776727083e-02
3.070867427768794733e-02
4.881452082686831700e-02
3.750333458550421384e-02
-2.353392566460330623e-03
8.445320964062695210e-03
2.591501026235702027e-02
4.184673428389436289e-02
6.990706714358044249e-02
1.036051632994158256e-01
1.198863791029012305e-01
9.371491879944032766e-02
5.628535341162123340e-02
1.120973317871745006e-02
-2.354522242365840803e-02
-2.016885252149106314e-02
7.041964057251429675e-04
-3.059570668713693532e-03
1.872447340770139537e-02
7.048143248349039713e-02
1.262719061851797220e-01
1.310228058427382325e-01
3.069016392550127578e-02
-5.564974058285832026e-02
-4.274094762114753060e-02
1.932328330094021732e-02
5.406247788285124811e-02
6.008569204218183052e-02
4.119968859054556204e-02
6.624446731017361034e-02
1.061331874282043231e-01
5.088414152797512274e-02
-7.143308235473455961e-03
-1.898141342871608947e-02
-1.725371704204571935e-02
-4.326522612572884091e-02
-7.925642826421894216e-02
-6.242616274954948530e-02
-7.010088141941736573e-02
-7.670390513988926962e-02
-2.904982006848830234e-02
3.260544095469863901e-02
2.763677244788519463e-02
-2.007063877047707626e-02
-5.616040853436119612e-02
-6.776612714434263052e-02
-7.714869801449250608e-02
-8.837196008296993588e-02
-7.913039454271264539e-02
-4.214398876312738101e-02
-2.193585618545195251e-02
-4.043940309558419210e-02
-8.934157588427762975e-02
-9.539554989356546777e-02
-4.547911868946706571e-02
-2.805652190482412628e-02
-5.713655740114655102e-02
-9.766524572492528422e-02
-9.079436631986977091e-02
-6.346410352731093885e-02
-4.922692058514489127e-02
-4.674517233682307787e-02
-1.492408033492849048e-02
-3.786101992040548283e-03
-1.486449333355110113e-02
-4.561331874282043529e-03
-1.949747115923802440e-02
1.056140809337928303e-02
4.135430447351658850e-02
4.553709964558119716e-02
1.514563291793925327e-02
-9.290862963507385414e-03
2.751373304805614008e-03
2.619127726874309180e-03
3.876448843375199238e-02
5.783151224133143559e-02
5.790800354963224206e-02
1.929897485314213332e-02
-4.827282081434660505e-02
-6.781185860268618137e-02
-8.490671326920040674e-02
-1.088866023159717200e-01
-1.190223811934821713e-01
-8.100456770161311437e-02
-1.795596713868064659e-02
1.345520222559763897e-02
9.308257250341625544e-02
1.543178118586026881e-01
1.486359503704792473e-01
1.119606818342670229e-01
7.003800066419499371e-02
7.301789515518752882e-02
8.713584965238647950e-02
6.092110779013616001e-02
3.162711439942073044e-02
1.282650355779857421e-02
-2.413469547748542041e-02
-4.803463613547400562e-02
-6.809768021733331178e-02
-6.710193215411501544e-02
-4.664608751041206952e-02
-8.853474229778801954e-03
3.245000843854290579e-02
5.237395266794060700e-02
3.475373065259879796e-02
-2.520927586413401408e-02
-7.829443437263516881e-02
-1.130617755783123873e-01
-1.356879590159025539e-01
-1.108212063305404338e-01
-8.527501483550285755e-02
-6.509546441929213445e-02
-2.268710427316924724e-02
1.001793870895737772e-02
3.396486299617271221e-02
2.468709338472678191e-02
1.207149895743163392e-02
2.451609039584932634e-02
2.453479129577909330e-03
-1.522462856800648953e-02
-2.622141103325874995e-02
-5.766981887075962876e-02
-3.558751313418372086e-02
3.634126556366744365e-02
8.118831016817198987e-02
6.915004818135789266e-02
4.279157887859931508e-02
4.037815560673123361e-02
7.795172064612017337e-02
6.953577125560074512e-02
2.588109276408556356e-02
3.930319412459644390e-03
3.990260288217072071e-02
6.905259662131629783e-02
8.644280028963256812e-02
7.552795335391249143e-02
2.029790778578078464e-02
-3.041060316527022245e-02
-4.034521806828142432e-02
-2.145243656121210291e-02
-1.624517505893369532e-02
3.560547906424725573e-02
8.946134875136785292e-02
9.726591209760400425e-02
1.219938371415660722e-01
1.041378803469057701e-01
4.407587066708042178e-02
-2.138620760993243872e-02
-6.786194543801482570e-02
-1.083612349671441155e-01
-1.146155563177465309e-01
-5.194658130127775830e-02
5.842928773253630234e-03
1.170142801922898976e-02
3.623809757133290496e-03
2.140055313287710786e-02
-2.517198294869910178e-03
5.256667809953124992e-03
-1.446801792237629482e-02
-6.248713802734087719e-02
-7.663721342980493734e-02
-9.692728153701252181e-02
-1.323027422542342457e-01
-1.432627762261747262e-01
-1.517413341608549737e-01
-1.998677054240776130e-01
-2.035311218906691588e-01
-1.391978484437693675e-01
-8.576445032420337844e-02
9.128244075326244413e-05
7.703681926818778392e-02
5.763007605577060571e-02
1.362345588275325030e-02
6.014666731997321374e-03
8.161377605740387578e-03
1.742817711140509651e-02
6.136698950898568372e-02
9.037870002885436960e-02
1.088000391983928589e-01
1.253080068161649963e-01
1.035972691786303385e-01
6.144593071684061047e-02
5.375977918238685621e-02
6.081902864204789816e-02
7.081842977771245218e-02
8.657482265449338577e-02
1.071520734316559614e-01
9.394248724691176000e-02
6.736788236126763085e-02
3.991213026932562136e-02
-6.929840320991284379e-03
-6.934876225630304258e-02
-8.690283698368367338e-02
-3.973110991338243969e-02
2.620608555049243078e-03
3.818359002836439059e-02
7.463972866001382378e-02
7.760628480898949799e-02
5.380278853011471324e-02
4.919207756926410186e-02
1.446426140972664406e-02
-5.097941539952417344e-04
1.848969136709839242e-02
2.270953446464250500e-02
-8.773035861085250187e-03
-4.780162346677119256e-02
-6.377524077068395802e-02
-7.841692935034108580e-02
-2.027528704656442540e-02
5.262547568883008814e-02
1.238269064301697059e-01
1.188233949074754547e-01
5.918467342838943518e-02
1.481192937756218610e-02
-1.970195610868843289e-02
-8.254392125478411668e-03
-2.259708407510847492e-02
-1.147285239082975437e-02
2.641040717330589080e-02
1.131717488471861363e-02
2.038109548619617545e-02
2.898585046901965695e-02
1.164695858580909286e-02
-1.331041316194924926e-02
-4.156118488030879909e-02
-4.744529918717776962e-02
-1.057559028968701152e-03
4.568055487502789558e-02
3.525242131739265289e-02
-1.717491193972158284e-02
-6.170888660231596545e-02
-6.273784441504563769e-02
-2.359438374137771618e-02
2.720716895051747061e-02
7.171482080345815968e-02
8.461544743332190255e-02
5.392637235206690360e-02
3.559785715452332827e-02
-8.601052912386147192e-04
-1.295237395266793986e-03
1.516536821990298496e-02
4.288521948377893578e-02
5.297445026976116411e-02
4.227002248463368472e-02
2.770536963540050357e-02
3.438733456372733421e-02
4.012146057567195223e-02
1.751163702288206087e-02
-3.548325629760291228e-02
-9.016855308932333890e-02
-1.105348402937701702e-01
-8.301539081342110271e-02
-5.720978217670853044e-02
-6.835682514794670650e-02
-8.287084673972811011e-02
-9.348054507542968850e-02
-1.028018684567266056e-01
-1.279881969283703791e-01
-1.525389125712512395e-01
-1.546403819665615742e-01
-1.321772529548510822e-01
-8.625660792351956541e-02
-2.774456802826639340e-02
3.388156641133268504e-02
6.028440611712698044e-02
3.208279571648673528e-02
4.915886781975272249e-03
-1.270136813279544412e-02
-2.624917656153875553e-02
-2.499537241195333437e-02
6.827815615115335503e-03
5.468965216870552010e-02
7.658848764978413992e-02
7.514250249073121946e-02
5.931234041626515241e-02
2.904492026938006871e-02
1.082425509443001553e-02
2.452338565229936554e-02
4.474959304446295139e-02
8.803686826617886096e-02
1.043853202018717174e-01
9.466874635917704728e-02
5.425928648036541790e-02
4.191424262716340020e-03
-9.632515066882257893e-03
-1.488711407276746036e-02
-1.756313935573085988e-02
-1.962660808684621450e-02
2.205973943957186684e-02
7.600377828953457093e-02
1.067040140243138840e-01
9.706610917841257402e-02
3.495053925011296775e-02
-1.231311349568000972e-02
-4.416733358376750962e-02
-6.427937565670918674e-02
-2.991545124427676117e-02
-1.033084532423059546e-02
7.759866289926557401e-03
-8.598956887212069050e-03
-3.938159091032823050e-02
-6.458180214611200509e-02
-5.468910774658238688e-02
-3.526385418197854060e-02
-2.319148414914988521e-02
3.999733233159662865e-02
6.823079142644040973e-02
9.084635863262939537e-02
1.053854236420751211e-01
9.112945813666084582e-02
9.011819404293311409e-02
5.148110038599528621e-02
4.613650840315546703e-03
-3.881893064606573018e-02
-3.457570461833286979e-02
-1.484228091092709527e-02
-4.879954921848204258e-03
-3.234820150151621748e-02
-8.448533054589206504e-02
-9.620265569111667581e-02
-7.976519073829084483e-02
-6.776013850098812352e-02
-6.649571812000151794e-02
-6.723341009685268599e-02
-6.622813464647948900e-02
-5.971249067677113914e-02
-3.604863867248109255e-02
-4.185245071618730675e-03
3.273365236469748946e-02
5.973018439577310740e-02
5.391412285429630913e-02
3.051513221291260458e-02
-2.859794970628426296e-03
-2.229060164088828011e-02
-2.672023780358338471e-02
-1.872254070916425789e-02
-1.445683004774582156e-02
-6.383077182724397483e-04
8.099776242507390409e-03
1.806199334716165547e-02
2.482812593572552087e-02
4.544182577403214907e-02
5.850768451826807853e-02
4.163141533419351809e-02
2.932801977341151223e-02
2.747099591138985400e-02
8.425776209842063269e-03
-1.647116468224802538e-02
-1.769249405218830534e-02
1.470075838001752913e-02
1.827012592483708009e-02
2.175401919632406061e-02
3.574131238397003363e-02
5.135806098616622906e-02
3.378792580615305741e-02
1.560452632553176351e-02
3.972866001382832461e-03
-1.653273882437486519e-02
-1.637060991610455110e-02
1.532507444972533786e-02
9.807955096063282474e-03
-1.632773667390748085e-02
-4.380148191701917909e-02
-5.840342768168726995e-02
-7.299230731540007344e-02
-5.107305600470380541e-02
-1.811888545902951356e-02
2.336929241456655801e-02
5.037946221982676082e-02
5.363320103875740541e-02
3.206237988686908708e-02
3.745923639353008756e-04
-2.224116811210740535e-02
-4.019223545167981138e-02
-3.338205911335413029e-02
-3.693985768805701370e-02
-3.549795569492761316e-02
-1.051257342893385793e-02
-3.305050604036345596e-03
-1.250504951519209804e-02
-2.248496033884832615e-02
-4.487834887658494892e-02
-3.216554787920361536e-02
-6.149111775306101077e-03
1.371369384966327452e-02
1.114407587066707991e-02
-5.906408392811450178e-03
-4.386926247134978474e-02
-8.399916158993037119e-02
-1.128037194919452729e-01
-1.222265775992073256e-01
-1.114462029279021799e-01
-8.333496659970274223e-02
-5.015461588297102230e-02
-3.571218580038218460e-02
-1.777783221999009247e-02
-1.814640599735410761e-04
-6.722742145349818420e-03
9.325215999477354592e-03
3.483920492593137186e-02
4.441096248387149670e-02
5.223811934821783604e-02
4.122609306351772418e-02
2.867307995927722425e-02
5.623009456612278363e-03
-1.176743920165939858e-02
-4.106276642657650904e-03
1.007150984587409578e-02
1.330344455877308964e-02
9.552621120311844544e-03
2.864477000887407851e-02
5.184531878637420321e-02
7.335325918304015647e-02
7.439773302627926410e-02
5.816551521387623019e-02
7.185419286698134511e-02
8.921118678578622563e-02
7.555680772643875998e-02
4.544618115101724948e-02
2.366197374796522382e-02
8.521458397983459540e-03
9.207321388711952465e-03
1.672873078870432823e-02
1.225758243911999681e-02
2.083067927548303694e-02
2.086075859778637950e-02
1.380649060055204498e-02
4.638884805722965146e-03
1.517584834577337741e-02
3.753409443546147639e-02
5.618980732901061870e-02
6.239594732171536290e-02
4.362590578230736427e-02
2.730385831958667339e-02
1.054670869605457348e-02
-5.505768152394641471e-03
-1.130718473875904316e-02
-1.228692679155710295e-02
-1.150304059755772289e-02
-2.976056315024417503e-02
-5.732002765664385990e-02
-6.223507058432826283e-02
-4.431160544639891480e-02
-2.924962298767972563e-02
-2.921233007224481593e-02
-4.528530441363015635e-02
-5.059069800360407182e-02
-5.096825474599985667e-02
-4.501472661843086698e-02
-5.432679482363445000e-02
-5.596006119304663268e-02
-6.450449420462649186e-02
-6.295860758597786322e-02
-2.315283017840712859e-02
8.446682019370538655e-03
2.331659235304685621e-02
8.507194538357260721e-03
-2.123719927482973016e-02
-3.278646131064182068e-02
-3.079006538509698743e-02
-1.742145349818435135e-02
3.226000511756795929e-03
8.564168313543589137e-03
1.996613694394085148e-02
2.504736472471295189e-02
1.592110779013616167e-02
8.408763018494018471e-03
1.565926797001323048e-02
8.283382603535477395e-03
-8.649778692406944608e-03
-2.450778795847147890e-02
-2.551088572035213262e-02
-1.614973786074771003e-02
-1.629194091931119442e-02
-2.667826285788949328e-02
-3.341799097348119307e-02
-1.406803098850724874e-02
1.450909457156700916e-02
3.574294565033944715e-02
3.024319336240547523e-02
1.114535526265645303e-02
-1.020960251740789769e-02
-1.230546436484993011e-02
5.818075903332407681e-05
1.026687572476195180e-02
1.353539560433577801e-02
1.543662654275619085e-02
1.342659284302676927e-02
6.627631600437715320e-03
-5.013937206352317606e-03
-1.290302208720553456e-02
-6.905232441025473816e-03
2.614668909685813770e-03
2.393276931201376162e-02
2.966773917824924722e-02
4.292087913284444584e-03
-2.564938670847828270e-02
-4.155329075952330503e-02
-3.543344167333583455e-02
-7.353237406155235627e-03
1.310821478541601866e-02
1.600263500307598508e-02
2.351274764401325990e-02
3.575601178129474145e-02
4.511653355545756222e-02
5.431127879312504236e-02
5.665392718898525082e-02
5.967274786178210916e-02
6.452817656698296711e-02
6.895950043825981035e-02
7.249906087183759229e-02
7.993967802875637241e-02
7.149487426571066173e-02
6.436185560836450714e-02
5.772371666095022641e-02
5.279533539124895564e-02
4.308665566933977953e-02
4.339507080209711182e-02
3.195022892950277749e-02
1.977156047713155007e-02
1.597168460537562451e-02
1.388967830096743752e-02
1.689548728502131628e-02
1.643890767145213608e-02
1.586571283910693034e-02
1.843993118504363288e-02
1.005980477022664320e-02
2.626128995377855803e-03
1.219603551809931392e-03
-1.055928484709904580e-02
-3.225074994147461571e-02
-4.073475209738622316e-02
-4.511435586696500855e-02
-5.050413488602522455e-02
-4.843886956190351922e-02
-3.734899091359476092e-02
-2.584957072315590548e-02
-2.374695804138697228e-02
-2.311883101681719982e-02
-2.944207620820879501e-02
-3.674985436708205766e-02
-3.710917296835274104e-02
-3.679340813693305484e-02
-3.693033030090210611e-02
-3.769524338391015000e-02
-4.877831675567968067e-02
-6.579967443557036000e-02
-8.154409002564227960e-02
-9.156363477986291521e-02
-8.725752799690768280e-02
-7.330290013664994553e-02
-5.292300237912467981e-02
-3.845634551205622670e-02
-2.897605087080318623e-02
-8.526657629259422333e-03
-7.750964988213260298e-03
-2.179702854405191417e-02
-3.356906811265182589e-02
-3.298708086301795073e-02
-2.550266494629275724e-02
-1.505313559921820851e-02
-4.281145028609382314e-03
4.304909054284329628e-03
9.878267213266478733e-03
5.830679275483038361e-03
-9.779645145660138469e-03
-2.021806828142268253e-02
-1.299780597884375721e-02
-6.227916877630238456e-03
-4.287732536299345039e-03
8.540186519019386455e-03
1.994376119467990496e-02
3.091201594067976427e-02
3.088288935709191177e-02
1.226310832366984092e-02
-1.892117312079093575e-02
-2.225023274045763791e-02
-1.385638688813758609e-02
7.140341134902357650e-05
9.170926769780216384e-03
1.091585411664788494e-02
2.310802423767292085e-02
2.835513743936498438e-02
2.472128309405980870e-02
2.140918222352883316e-02
1.524779372934598545e-02
-1.734852815479009892e-03
-1.188416330486005527e-02
-1.419959059456339830e-02
-1.487260522318584882e-02
-1.159515682079256989e-02
-1.397648640850169405e-02
-1.398614990118738494e-02
1.067641726689205761e-02
1.767409258442625974e-02
1.973091936563934126e-02
1.465573467043406776e-02
1.461942171482080374e-02
1.119010676117834779e-02
3.527283714701030543e-03
-5.048263021216130297e-03
3.115891137352257471e-04
1.412669247227530192e-02
2.500805744742243611e-02
3.787708037303803843e-02
3.189959767205099994e-02
1.491613177193068344e-02
1.796116636995660808e-03
1.113552844333382148e-02
3.109984157316216663e-02
4.416025609616672232e-02
5.200347341314560945e-02
5.641928125391303117e-02
4.819387960649169217e-02
3.280878261769044901e-02
2.178300967438112981e-02
7.470342604842090950e-03
-5.572977063495952212e-03
-6.713187537088757817e-03
-9.852679373479019884e-03
-7.185582613335074822e-03
-8.705119201223859501e-03
-1.106091539135784299e-02
-1.512491765615387590e-02
-2.814090733391041987e-02
-2.875093232288587417e-02
-1.838018085702930460e-02
-9.869202584916239238e-03
-2.419395582558893018e-03
-7.107621365301800692e-03
-5.984287977526254847e-03
-1.119565986683434926e-03
4.327312024651433497e-03
5.533996439479315146e-03
1.051815375569601675e-02
1.593572552414239743e-02
2.267945514233916243e-02
2.200720270468910916e-02
1.553421420832857072e-02
6.753883090793276998e-03
9.490638661592653083e-03
2.463608103178880834e-02
3.846913943194995439e-02
4.245730369499294693e-02
2.927793293808287137e-02
1.194208981876187375e-02
-2.411199307495059518e-03
-7.387073241108225476e-03
-5.068270534241429461e-03
2.321165498881212416e-03
4.502180410603165775e-03
6.844801585357222946e-03
7.305382701531459681e-03
-1.733606088817025244e-04
-8.928604482771761511e-03
-9.177677604107120635e-03
-1.204057578083742898e-03
6.694214426097418180e-03
1.111356101066522835e-02
1.060406356672709619e-02
1.499774064818897891e-02
9.831637458419759459e-03
2.580457423467860147e-03
7.320027656643854526e-03
1.117954497198948155e-02
7.613716170970323376e-03
5.985785138364882463e-03
2.096403547454554067e-03
-9.621980498799549003e-03
-1.180361605174187929e-02
-1.133889732743179751e-02
-1.638933803714047455e-02
-2.581347553639189857e-02
-2.894420217659964684e-02
-3.388973274317975265e-02
-3.947822583718511857e-02
-4.691639309454978535e-02
-4.355485869523794545e-02
-3.557526363641313333e-02
-2.488654242953816653e-02
-1.347504641198599661e-02
-1.330758216690893468e-02
-1.991898998807715634e-02
-3.117088866023159585e-02
-3.546556257860094402e-02
-2.769257571550677588e-02
-2.844278940119010501e-02
-2.520824146210005196e-02
-2.134494041299862463e-02
-1.547250396067094413e-02
-3.078843211872757564e-03
7.132528677435335434e-04
3.550067780554330438e-03
5.906517277236077862e-03
1.271508757029850452e-02
2.213549577800643514e-02
3.207952918374790824e-02
3.281177693936770945e-02
3.240101044746054176e-02
2.264815087025876320e-02
1.859547258562398858e-02
2.072996118270261853e-02
1.545758679449698095e-02
1.246503448914150144e-02
2.039318165732982580e-02
2.543431274873285755e-02
2.548028919703181072e-02
1.401494983150135265e-02
5.833537491629509422e-03
-3.369237972354244617e-03
6.823623564767177430e-05
3.835834952989149171e-03
3.531285217306090116e-03
7.606802010006478466e-03
3.029518567516509622e-03
-6.482978642320109779e-03
-1.650804928109058517e-02
-1.625843173763209110e-02
-9.822763377812621446e-03
-3.582134243607123028e-03
5.713900730070067824e-03
1.963436610210092526e-02
3.428770531519318571e-02
3.312917503715680917e-02
3.043401331656513456e-02
2.492149432984358884e-02
2.415497520157229225e-02
2.126148050152165681e-02
2.287708037303803899e-02
2.246990706714357619e-02
1.214387987870275097e-02
8.087771734692210390e-03
-3.274181869654454926e-03
-1.595589636380463985e-02
-2.952292289349470189e-02
-2.751754400291810468e-02
-1.885608745596985963e-02
-2.248675693185468380e-02
-2.128023584366374107e-02
-1.823498347678856324e-02
-1.867953136143640433e-02
-1.421742041909614986e-02
-7.932856419553465169e-03
-8.302872915543796362e-03
-1.218767863850915394e-02
-1.461408637801405591e-02
-1.933520614543692354e-02
-1.938831452354897872e-02
-2.126017388842612807e-02
-1.090052863388156490e-02
-6.249203782644910735e-03
-4.658756213217480138e-03
-3.544351348261387882e-03
-2.383455556099977734e-03
-9.873612404113652624e-04
2.037970720978217725e-03
4.006974047397389460e-04
6.390073007006712505e-03
6.732650627990919429e-03
6.769698553470419010e-03
6.762566623657318733e-03
6.650306781866387532e-03
-3.857421290171547581e-03
8.005346225249209248e-04
7.325852973361424766e-04
-8.815419123371496732e-03
-2.002866382478318136e-02
-2.475084521534616847e-02
-2.437478563378901383e-02
-2.080743245082506895e-02
-1.385366477752189747e-02
-3.492631246563335234e-03
6.324361256744029380e-03
8.144908836515479464e-03
-3.626695194385919047e-05
1.619070562551379842e-03
2.120646664597862757e-03
5.107550590425792222e-03
4.034848460102025006e-04
-4.383768598820781716e-04
-4.070644214698308826e-04
6.645270877227367132e-03
9.083356471273566074e-03
2.054845084684861142e-03
1.420408207707928375e-02
2.210269434508740916e-02
2.311289681567500059e-02
2.098518627402943051e-02
1.362870955624152780e-02
8.690147592837581389e-04
-7.955041621071313671e-03
-7.458501423663851590e-03
-7.059331122979513144e-03
3.300150804928108934e-03
1.220090809610139236e-02
2.133761793544242114e-02
2.935524087956838113e-02
2.853071357407679573e-02
2.390478601488450067e-02
2.176572427197151494e-02
3.120654830929709550e-02
4.783483321628257540e-02
4.968151305796462275e-02
4.511871124395010896e-02
3.416466591536413550e-02
1.638231499175200542e-02
-7.570352948862430278e-03
-1.398816426304299275e-02
-4.949259858123594875e-03
5.596577762533958000e-03
1.109205633680130157e-02
6.108715653769306725e-03
-4.598162030912287743e-04
1.893162602555517300e-03
1.110071264855918768e-02
1.662167017818936068e-02
5.750730886700312038e-03
-8.380561952515502150e-03
-1.481740081989971550e-02
-8.153156831681012198e-03
-1.321737142110506868e-03
-4.186116147015750411e-03
-1.394948307119408051e-02
-2.953000038109548572e-02
-3.008394989138778522e-02
-2.113258856386887943e-02
-1.629259422585896053e-02
-8.856033013757546452e-03
-7.058405605370179567e-03
-1.602931168710971729e-02
-8.278482804427240299e-03
6.292975321345158080e-03
3.016969637578192920e-03
-1.699302050838137970e-02
-3.297945895329402327e-02
-3.072582357456677543e-02
-2.067233410096852922e-02
-1.363241162667886211e-02
-8.744780352894420891e-03
-9.178031478487159306e-03
-1.785269026192148195e-02
-2.223817379043014839e-02
-2.282530582912766989e-02
-3.017105743108976917e-02
-3.325820308034036638e-02
-2.739042143716552066e-02
-2.307462394041844347e-02
-2.546999961890451455e-02
-3.957377191979573328e-02
-4.502724832726302112e-02
-4.494068520968418079e-02
-3.881158094740337627e-02
-2.431533473794240952e-02
-4.942182370522808441e-03
-1.467816486190732682e-03
-5.607003446192039640e-04
-6.618512529875163284e-04
-2.565877799010240611e-03
1.998012859250548282e-03
9.619122282653077075e-03
2.694429472836058076e-02
3.379554771587697792e-02
2.734224007926785993e-02
2.729514756561647604e-02
2.038822741600927746e-02
1.317645809855129239e-02
1.402017628388347106e-02
2.095118711243950174e-02
2.597525057028217399e-02
2.548064307141184939e-02
1.477251321584703916e-02
5.800109973268872954e-03
-6.344559317512425906e-04
-4.088800692504940618e-03
-1.219657994022244930e-02
-1.457088648254310261e-02
-9.057251430469127895e-03
-7.505348947359825364e-03
-1.023807579444798192e-03
6.788834991098697570e-03
9.607417207005623620e-04
2.757089737098556564e-03
9.544509230677096848e-03
1.840222995301636980e-02
2.056834947544928377e-02
1.943840135887761958e-02
2.331046760416156244e-02
2.311700720270468828e-02
2.297205481241935618e-02
2.330584001611489542e-02
2.735421736597688086e-02
2.600075674675116078e-02
2.028835317751972317e-02
1.575742727881490265e-02
7.691269102411244993e-03
6.779852026066931006e-03
8.121852559600611227e-03
9.122010442016322690e-03
1.095118711243950153e-02
1.375215727266293139e-02
2.086748221100712467e-02
2.268065287101006869e-02
2.304155029643784394e-02
1.545421137733352795e-02
1.187060719399393380e-02
1.057774075707340394e-03
-4.414909544264241162e-03
2.474014732062652325e-03
1.322096460711777444e-02
1.679033215193732539e-02
1.401331656513194086e-02
-9.447547650546327244e-04
-1.552691895187852805e-03
3.655794556867612757e-03
9.386164056162585659e-03
1.661173447444210319e-02
1.669535771255600820e-02
1.636867721756741015e-02
1.695986520108230811e-02
1.607430817558702305e-02
7.868396840173997805e-03
-4.338254909326495551e-04
-6.013278455583321441e-03
-1.066280671381362143e-02
-1.319548565175494501e-02
-8.030171874064274962e-03
1.758045197924662951e-03
1.000650584437149174e-02
9.250494063076746681e-03
9.732062652097929131e-03
5.398462551924260340e-03
1.138255998170741501e-03
5.161992802739531760e-03
1.000470925136513756e-02
1.246968929829432408e-02
2.472327023480926263e-03
-1.018978555212569567e-02
-1.802113446682019476e-02
-2.593567108193008466e-02
-3.037276582771217606e-02
-2.590453013648662609e-02
-2.445149471093907567e-02
-1.842504123997582705e-02
-1.688879089290672500e-02
-1.602966556148975596e-02
-1.875289224252916706e-02
-2.916714303602440869e-02
-3.739962217104653847e-02
-3.852548712169467926e-02
-3.856659099199154922e-02
-3.845743435630250007e-02
-4.579461130982518530e-02
-5.551227399676613578e-02
-5.969153042503035078e-02
-5.881582743996384421e-02
-4.702527751917726789e-02
-3.715381558245001159e-02
-2.975239681839711089e-02
-2.254362182261638106e-02
-2.296756332990347246e-02
-2.319632950604580759e-02
-2.151014530626466428e-02
-1.791695929355785130e-02
-7.592402044849494609e-03
4.136083753899423392e-03
1.209774010376685714e-02
1.719750545783178472e-02
1.897120551390726190e-02
2.746990706714358063e-02
2.683345038408980684e-02
2.811668054943080447e-02
3.418127079011982344e-02
3.272630266603513555e-02
3.317136775169995250e-02
2.833199949913164581e-02
2.678750115689701450e-02
2.606589685378454813e-02
3.131706600029398463e-02
3.467125070094348449e-02
3.281613231635280986e-02
2.545679738241843001e-02
2.077169113844110071e-02
1.397319265465671485e-02
1.503312808619291022e-02
1.110327143253793218e-02
7.224073257440889913e-03
1.618392757008073682e-02
2.234096068727848758e-02
3.175342033198860769e-02
3.296285407853833532e-02
2.646991251136480983e-02
2.326879209063539497e-02
1.423748237433376286e-02
1.225899793664015150e-02
3.608674822110071075e-03
4.154702990510722622e-03
7.269614168041332349e-03
8.579139921929867033e-03
1.198185985485706109e-02
1.251626461092872865e-02
1.629351974346829324e-02
1.388948775322433778e-02
9.326087074874374327e-03
5.969016936972250387e-03
4.079354968668506831e-03
1.890151948214567699e-04
-3.120790936460493808e-03
-3.792172298713530378e-03
-1.228379636434906268e-02
-1.849312122647415665e-02
-2.230075511348479297e-02
-2.473777908439087417e-02
-1.850158699048894476e-02
-1.423054099226376060e-02
-1.369733396486299583e-02
-9.270828229375928028e-03
-1.765174405627147058e-02
-2.507390530321589733e-02
-2.617799336893853954e-02
-2.254863050614924411e-02
-1.162648831397912648e-02
-2.285884223191293318e-03
5.862718517429674030e-03
3.526657629259422663e-03
-3.178472460406900867e-03
-1.184175282146765311e-02
-1.698705908613302312e-02
-2.131698433697551756e-02
-1.233744916458425281e-02
-1.063743664287542141e-02
-4.792439065553867790e-03
-3.057447422433458035e-03
-2.646177340062390564e-03
-4.243933776492941207e-03
-7.167970557651580366e-03
-6.392441243242359857e-03
-7.567549174928271541e-04
6.135310674484568613e-03
1.792779329380828762e-02
1.862642298332434915e-02
9.178358131761042357e-03
3.391477616084407395e-03
9.826900985948465190e-04
-2.343873345637273366e-03
8.387476113479347710e-04
9.526761069462819087e-03
1.155394406607106877e-02
1.241753365889776244e-02
8.569122554864139207e-03
4.844485820525802947e-04
-8.056576347036438837e-03
-8.744970900637518904e-03
-9.287814199617815472e-03
-1.286483087526744690e-03
-1.853011470974134369e-03
5.340018837005460796e-03
-3.043945753779650400e-03
-9.895688721206875177e-03
-9.874184047342946663e-03
-1.531998410287400449e-02
-1.759207539157561090e-02
-2.567266075424240804e-02
-2.515409868195403811e-02
-2.967672214328101118e-02
-3.430648787844142733e-02
-3.480163979943488861e-02
-3.175396475411174785e-02
-2.429317675753072184e-02
-1.715308061258377301e-02
-9.395147021194353090e-03
1.172990129626907355e-03
4.531116446447917660e-03
4.343617467239398351e-03
4.138179779073502401e-03
5.723509780543442269e-03
6.961389583027095471e-03
7.510112640937277421e-03
1.342436071232190609e-02
1.856305224819115862e-02
1.920212215743598641e-02
1.478996194489359123e-02
1.021194353253738855e-02
7.813165215781708861e-03
4.637496529308965214e-03
5.267529031309716066e-03
1.498897545200646685e-02
2.575949608288282539e-02
3.327616901040390818e-02
3.625306917971918286e-02
3.364610384307576557e-02
1.862911787283387868e-02
1.322101904933008741e-02
8.227034913790755993e-03
9.598053146487659296e-03
1.097971483169189917e-02
1.184540044969267271e-02
8.621005983199132514e-03
4.541623793424470062e-03
2.767950958455147638e-03
-2.719559998040080133e-03
-9.104561712969768891e-03
-9.838361071640506356e-03
-1.015709300363129564e-02
-3.302954578862266587e-03
2.172565480370860277e-03
5.778060877281808623e-03
2.266265971984037474e-03
-5.129545244200543579e-03
-1.192151066250727968e-02
-1.051627549937119224e-02
-6.187194102819562787e-03
-1.025160468420794647e-02
-1.600130116887429552e-02
-2.001246726661984679e-02
-3.006298963964699686e-02
-3.090820498581780401e-02
-3.168101218961133503e-02
-3.430676008950299394e-02
-3.222380104637932036e-02
-2.795634823416684456e-02
-2.494795324502806569e-02
-2.869349578889487939e-02
-3.149971962260658676e-02
-2.587524022626183293e-02
-2.502926268911863372e-02
-1.349758548788388551e-02
-4.828234820150151610e-03
2.972735340073279220e-03
7.246449006701835560e-03
6.611298936743593112e-03
7.028190177536053698e-03
8.625252475759605242e-03
1.207854922392626214e-02
2.446330867101115594e-02
3.872392898557826257e-02
4.721609747333692375e-02
4.702936068510079476e-02
4.694116430115254091e-02
4.060926279800305960e-02
3.949809724467963357e-02
3.877102149922963953e-02
3.843429641606915803e-02
4.128216854220088244e-02
3.472732617962663582e-02
2.788502893603584526e-02
1.859334933934375308e-02
5.720107142273833656e-03
-1.345351451701591334e-03
-4.829623096564151542e-03
-6.118161377605739644e-03
-2.290541754454734034e-03
-6.659480294641253410e-04
-7.189529673727821854e-03
-1.705255306754645261e-02
-2.307084020666263710e-02
-2.368513890930471974e-02
-2.009543719818598223e-02
-1.631203009565496825e-02
-1.237210163272194768e-02
-1.182136421295615705e-02
-1.124501173229675369e-02
-1.360712321905912896e-02
-1.782500639695994843e-02
-1.458493257332004953e-02
-1.177108682988441818e-02
-1.056962886743865668e-02
-5.090183524697709620e-03
-3.957349970873415821e-04
-3.783815419123371260e-03
-3.844382380322406301e-03
-7.844197276800539756e-03
-9.497307832601085270e-03
-1.001755761347118169e-02
-1.220853000582531635e-02
-1.044854938725289957e-02
-9.724141310206281183e-03
-1.575873389191043139e-02
-2.138672481094941458e-02
-2.617614233371987412e-02
-2.533854889727298748e-02
-2.482036792047081705e-02
-2.464168857965712278e-02
-2.920443595145932186e-02
-2.486786875071455086e-02
-2.144987777723335667e-02
-1.948573886248441620e-02
-1.402894148006598313e-02
-1.505264561930738480e-02
-1.648428525541563786e-02
-1.680263609192023111e-02
-1.197121640234972452e-02
-1.027806359939242506e-02
-5.042328820073931940e-03
1.307666552338020670e-03
1.186344804307467833e-03
4.927619078728883058e-03
4.560106924504983388e-03
2.155685672442985042e-03
1.964906549942563481e-03
4.835094538901682677e-03
6.396987167970557414e-03
7.372047190509632870e-03
7.496964846663509326e-03
1.188361888273691859e-02
1.154847262373353764e-02
1.590335962892187871e-02
1.523205992998731377e-02
1.434176643202073054e-02
1.073799140901889569e-02
1.044130857301517161e-02
1.044697056309580249e-02
8.387721103434759781e-03
8.845825098948720613e-03
9.687283932469878747e-03
9.979611391488504152e-03
9.749892476630680690e-03
5.185920155051420601e-03
5.495832448647383975e-03
2.427730685264126165e-03
3.888589456721163080e-03
5.688693985768805868e-03
7.376266461963947377e-03
9.098654732933727021e-03
8.893598140254026230e-03
8.782018826117017618e-03
8.499708734164121773e-03
8.626422983324348939e-03
1.148708902934979757e-02
1.296064916893962908e-02
1.047824761407004437e-02
1.213435249154784686e-02
1.261224623123785235e-02
9.204000413760814181e-03
5.716541177367283517e-03
5.906353950599136336e-03
5.558059897321988158e-03
5.898487050919800495e-03
7.321552038588639497e-03
7.110642908085212412e-03
6.925729933961596689e-03
6.513139627941920938e-03
6.187330208350346090e-03
5.740332424148388187e-03
5.364218400378917111e-03
4.892095535194168447e-03
3.539233780303896286e-03
1.888752783358104348e-03
-1.974447547650546436e-05
-3.068226980471578345e-04
-3.599174656061323880e-04
-4.284221013605108851e-04
-5.353574947871581622e-04
-2.182316080596251144e-03
-5.022212422624005310e-04
1.333676319270910059e-03
2.336863910801879397e-04
-7.819208301348532951e-04
-2.291638765032855563e-03
-3.433370898459829797e-03
-4.551967813764080072e-03
-4.117872833880477541e-03
-4.779454597917040352e-03
-4.409165890865140817e-03
-3.923350809283485639e-03
-3.505261839820122700e-03
-2.903375961585575194e-03
-2.663705010316799217e-03
-1.660373146923198144e-03
-1.313981848966414619e-03
-2.717567413069397206e-04
-1.034121656567636211e-04
-2.791932752979350103e-04
3.978310222614205645e-05
1.274293476189698531e-04
7.622290819409736559e-04
7.288287846864944337e-04
6.280943592423822008e-04
3.534306760089502703e-04
3.613792390067562779e-04
3.794023333932197532e-04
1.576246318345392316e-04
-1.819352573211164940e-04
-2.637526472525737677e-04
6.018641013496223957e-06
3.011988175151485386e-04
6.258132305464364541e-04
8.157376103135326488e-04
9.856490328340981877e-04
1.149555479336458351e-03
1.269736663019038368e-03
1.293201256526260202e-03
1.255617075255470146e-03
1.129526189426233434e-03
9.166408066158176831e-04
6.913208225129435390e-04
4.667684736036933728e-04
2.757661380327850603e-04
1.695235217578301744e-04
8.636930330300902317e-05
3.352252002112357635e-05
-6.451429380284297494e-05
-1.549071488068989313e-04
-2.271974237945133170e-04
-2.987298631867204169e-04
-3.800556399409846090e-04
-4.629575187417315422e-04
-5.229011166097745572e-04
-5.834571893663471551e-04
-6.302992688410886772e-04
-6.722061617695896480e-04
-7.106859174329407773e-04
-7.397961683570973904e-04
-7.677032463891201577e-04
-7.939062831757230350e-04
-8.189388123975804802e-04
-8.421693043918532283e-04
-8.624517505893369677e-04
-8.803251288919376489e-04
-8.952613498402120897e-04
-9.067459345277953517e-04
-9.149830412508643419e-04
-9.199563373457243657e-04
-9.217120986928425139e-04
-9.202421589603713850e-04
