1.486152767800610550e-04
1.491793121208541894e-04
1.561829929694049594e-04
1.786235833767380174e-04
1.893549705009322799e-04
2.063405085031280121e-04
2.240244589578609417e-04
2.255250679146569371e-04
1.745874293503621487e-04
4.382707563262768250e-04
4.694659962010388891e-04
2.596498837270091943e-04
2.836247741825553099e-04
3.780953690239458319e-05
-5.085728337499539464e-04
-3.143475642696293712e-04
5.218420894672740930e-04
-3.091602979531692997e-04
-2.670599875691489870e-03
1.299446033261239357e-03
3.428320266740502407e-03
1.299231107333233748e-03
1.702827147274603393e-03
3.935216290998088534e-03
1.482299591253482445e-03
-2.988709611836028440e-03
-2.076784708117035416e-03
1.457852251010248543e-03
-3.097934581194561766e-03
-4.918202289832454034e-03
3.922010932178283428e-03
1.343145702352761123e-02
1.091124720935140666e-02
-2.170093541185422539e-03
-2.462063637437385266e-02
-7.189833809978370474e-03
3.900034271972303217e-04
5.447113699688453832e-03
-1.088382963150852714e-02
-1.335336726968556695e-02
9.177356488536314930e-03
8.152605153962478451e-03
1.196620435002333088e-02
2.607864739949308092e-02
2.436078899114543436e-02
-4.652294382688200100e-03
-5.069579848854792459e-02
-2.016102018173826158e-02
3.435194023897439330e-02
-2.328790199377682446e-02
-4.085993606437708647e-02
3.402974497392812631e-02
4.752244620558922911e-02
3.526159970723603126e-02
1.244082275968763770e-03
4.628168463202163470e-03
-7.884915878766284719e-03
-2.202274342297615844e-02
-7.513752354987926485e-03
-1.197538226803005618e-02
-4.028931740687026475e-02
-6.058394019250391144e-02
-4.451929202237552702e-02
1.903624115850883688e-02
1.585237493150445931e-02
-3.332455557771508026e-03
5.458711954722270110e-02
4.830469913274482857e-02
2.688103753071407337e-02
2.690214286959029949e-02
7.977024224669235566e-03
-1.483409073746700876e-02
-1.894684359007622887e-02
-3.032236952931221044e-02
-3.016224003159991354e-02
-1.519233934286881354e-04
-7.585839673002786241e-05
2.082206263057717957e-02
5.273178599573632302e-02
3.205165192842772404e-02
1.094536428008527178e-02
-3.954269184075343002e-02
-4.787020022964157129e-02
-3.554661859554619080e-02
-1.725537653667197704e-02
-7.545913793403902919e-03
-3.676162778314554652e-02
-3.021025951821738886e-02
-1.805126080196414740e-02
2.111637561307136771e-02
5.617602239876697684e-02
5.666338146254189245e-02
4.050734136627056475e-02
3.820105061989671064e-02
3.537525873402819210e-02
-7.302621515440781662e-03
-2.042377196939919315e-02
-3.710976906112221918e-02
-3.000075514515244957e-02
-1.763957115500418976e-02
2.694609619000225796e-03
2.789041488449183273e-02
2.795527991681785035e-02
1.912501912066251128e-02
2.865911392429572411e-03
-1.278880913609457999e-02
-2.344106092085110338e-02
-2.659272698404707008e-02
-3.667081673788911284e-02
-5.963574895877100240e-02
-3.772782632436001010e-02
1.380473108119359242e-02
1.405303829747684558e-02
3.801884764849734928e-04
-1.346052043054891088e-02
-2.762204791492805199e-03
6.586298568903121986e-02
5.592004755478190148e-02
3.085890984147760321e-02
1.157070191710055096e-02
-2.490178272344066926e-02
-3.214923991736000353e-02
-3.696416158557246437e-03
1.915040361540263454e-03
-6.293766954460874169e-03
1.452920572283849208e-02
2.488764795520246112e-02
3.361112348172257819e-02
5.329891936792414270e-03
-8.215824357110077664e-03
-7.750383865452495358e-02
-1.417498455824976467e-01
-1.258075696524589282e-01
-3.854609386647871432e-03
8.709379483674341282e-02
6.261760417614631313e-02
2.613557372637024742e-02
3.154628555717126082e-02
3.770614010459728133e-02
3.346106258604297778e-02
5.825092892535098377e-02
5.049926712194818812e-02
1.822695790743469185e-02
2.134698532501253312e-02
-2.947389618109542411e-04
-1.761348960320026358e-02
-1.297397460001510107e-02
-7.680329630540393138e-02
-9.674939055913656105e-02
-8.319298605692243553e-02
-7.436533922475636882e-02
2.625949498215726999e-02
1.661098600657944235e-01
2.944330312107300007e-01
2.677512358240859980e-01
1.426449830285967391e-01
-1.097047769707835962e-02
-4.926896140433762589e-02
5.240784808803055500e-02
1.462454763900963572e-01
9.565404283415655795e-02
2.100349109412787130e-02
-3.918583734947923836e-02
-6.876971364508564777e-02
-4.682713178444670998e-02
-4.706083952778256085e-02
-1.707427723895696969e-01
-3.797063453491771323e-01
-3.813715372238152823e-01
-3.019961003529819110e-01
-3.044474176940190069e-03
2.221830665476506039e-01
2.125578702583177104e-01
1.790141289594293084e-01
4.349945881264073722e-02
-3.062094230497408032e-01
-4.553118652666145461e-01
-2.032753936920208004e-01
2.232828676927604561e-01
6.677690495046053609e-01
5.581239096381691578e-01
4.891152603217692740e-01
5.271474682306561688e-01
1.646394569150964882e-01
-8.610823359931223109e-02
-2.301934139725088091e-01
-2.402678248140696915e-01
-4.968041869894297968e-01
-7.382124746106645263e-01
-9.291305955771728131e-01
-8.474142087337376283e-01
-5.509771384645767434e-01
-9.068673674671848955e-03
4.715687850101750456e-02
4.262523307845570569e-02
3.071988568264153591e-02
6.895791905231218877e-02
1.513326375671159296e-01
8.704771161974761418e-02
6.826454090079134285e-02
2.328925738251199640e-01
4.321521443217924419e-01
6.100043178812563083e-01
6.213915195263108870e-01
5.674664105627379440e-01
4.021438377251155272e-01
2.342150459767221304e-01
2.918829641189875646e-01
3.609671279506328490e-01
3.511967114396745138e-01
1.235928644591901826e-01
-7.279153927626112741e-02
-1.423634494256055816e-01
-4.135039315954667227e-01
-6.654629523851937067e-01
-8.566347246721410791e-01
-7.822238831112753310e-01
-6.847094724246161057e-01
-6.132940399684775334e-01
-5.598665522976742359e-01
-5.276760698373725855e-01
-4.143345912631641870e-01
-1.840410721512149017e-01
-2.758080537198643462e-02
2.737420540335400165e-01
5.979936374180231384e-01
8.717840981921048948e-01
1.000000000000000000e+00
9.014419399872592997e-01
8.398453307826206915e-01
7.509124670592128847e-01
7.568877951116936842e-01
4.823189539496995359e-01
2.745707774316157868e-01
1.582238211506475645e-01
1.569255523693162957e-01
1.222820099253180554e-01
9.702956877339254105e-02
-4.953597298516623088e-02
-1.867237737120418239e-01
-2.921017625862365463e-01
-2.803408609041991295e-01
-2.991691467053403941e-01
-5.016216258081505064e-01
-6.896740677345837289e-01
-8.643294601486666284e-01
-8.496138110239572772e-01
-7.866869845892299207e-01
-5.746015641186003053e-01
-3.579116944876339912e-02
9.071365089445973529e-02
1.751692783716746749e-01
1.586958836844112597e-01
1.461583442571210978e-01
3.537409697225518679e-01
6.274520434421451132e-01
8.051802957458219501e-01
7.845938771282021662e-01
6.955622636540892412e-01
5.368888406972893712e-01
3.890411011952591425e-01
2.448316123123512322e-01
-6.406883825758968865e-02
-1.605299182700592464e-01
-2.159715136013259373e-01
-2.747585955849179418e-01
-4.535343697539194197e-01
-6.440226388644165745e-01
-6.603008575738154029e-01
-5.694065527236535917e-01
-3.415657063414765937e-01
-3.959342210484124713e-01
-4.837266219646552678e-01
-5.331053698565417776e-01
-5.630730147911635619e-01
-5.390748891001573284e-01
-4.704902828309036056e-01
-3.783219125696814511e-01
-1.369707449022861401e-01
2.322710312765631502e-02
2.264389871760862649e-01
4.349577990035956021e-01
6.344787658991938306e-01
6.504975244792885469e-01
5.744698977843265553e-01
5.799224330389557425e-01
5.553898969323679546e-01
4.486433526895752255e-01
3.126455832721794503e-01
1.614895334945600225e-01
9.963462592239043236e-02
9.406920614881779386e-02
1.440884720315534218e-01
1.132338219832435128e-01
2.610401253153698739e-02
-7.615542048999238145e-02
-2.062069058992326287e-01
-2.889998586523175872e-01
-3.810927143982944520e-01
-3.519170037389365846e-01
-3.046700887005113212e-01
-2.968727309340370990e-01
-3.537138619478484847e-01
-3.565717959094367728e-01
-2.815510294177443473e-01
-1.662289406475272735e-01
-9.695540964688249830e-02
-7.890569786061568669e-02
1.442091016289836179e-02
2.331384800670723567e-01
4.166116443382507639e-01
4.511818021635876086e-01
4.204338405714317939e-01
1.529134080862491474e-01
7.761827218916578230e-02
7.117049434899709592e-02
7.684163444391303721e-02
5.513314758053428771e-02
5.586621925929941002e-02
1.182776107207376276e-01
1.328790199377682772e-02
-1.322257225674160486e-01
-2.042106119192885205e-01
-2.166337178119378259e-01
-2.135066423729371221e-01
-2.176173427797473692e-01
-1.518962856539847195e-01
-1.539156212424267617e-02
8.208834423775840383e-02
1.270132847458742831e-01
2.045455865638378112e-01
2.542728629876252477e-01
2.520113000695120009e-01
2.953914846734577715e-01
3.400302445314904443e-01
3.258199617780376256e-01
2.952830535746441276e-01
2.101917487806341800e-01
1.583971172817872364e-01
1.812267042561142294e-01
1.603299016181405079e-01
1.003280040739112783e-01
-1.088832177703080630e-03
-2.888255943863670683e-01
-3.498161511994221651e-01
-3.442958465080345198e-01
-2.522765690076811396e-01
-2.627188710773597502e-01
-3.489041682076144957e-01
-4.304733985598026003e-01
-4.607314839376752680e-01
-1.362231512013584722e-01
1.580443289567185633e-02
-2.623916415112971245e-01
-4.298925176733008890e-01
-3.879645352856093687e-01
-3.171803267261359416e-01
-1.407346594198548573e-01
1.331349947817533630e-01
2.345345304642980633e-01
2.386665298369466948e-01
9.857122664616801977e-02
-2.402658885444480114e-02
1.258540401233790816e-02
2.912498039527007809e-01
5.416462551577381213e-01
5.845346272777791619e-01
4.596200651748353905e-01
3.180342216292934010e-01
2.994363519131311713e-01
1.245615801509128429e-01
-1.224293600435273077e-01
-2.164884975903124398e-01
-1.950385027214269207e-01
2.723034057046375481e-02
-6.977715472924171658e-02
-1.453460791508295880e-01
-2.137215683009427436e-01
-2.615183839119228915e-01
-2.421460063470917967e-01
-2.177044749127226009e-01
-2.857856510803415961e-01
-3.051115581742526173e-01
-2.809236780603224792e-01
-2.053665648834268609e-01
-1.016475718210809176e-01
1.624743202241425363e-02
1.917900231771473285e-01
2.151040648108167308e-01
1.978112408196616434e-01
2.155010000832595363e-02
-8.181029592008626228e-02
1.569201308143756135e-01
1.920014638198339618e-01
2.639116131643098884e-01
3.294891927111066043e-01
3.460772145599729788e-01
3.177728252303676504e-01
9.803778436539729857e-02
-1.425381009454804171e-01
-2.176773671380191899e-01
-2.125907868418861202e-01
7.591706569956452842e-03
1.996255254551685399e-01
1.707636841014837370e-01
7.678199733956551920e-02
-3.150039596713762741e-02
2.107493944316757850e-01
2.667308217334646847e-01
1.521518732440454436e-01
1.207095653655580053e-01
2.684115037650762203e-01
4.215162152899466497e-01
5.195108208427806629e-01
5.470000406616619681e-01
5.868465332060557316e-01
5.841706085889046829e-01
5.294632466981761265e-01
4.329615050236514939e-01
2.701638277726896575e-01
1.814352404943683217e-01
1.654455259585986548e-02
-9.959744954565431796e-02
-3.150891555347298811e-01
-5.063093345622190489e-01
-6.606067881740396164e-01
-7.285195088845730638e-01
-7.272318895861609178e-01
-6.938254298034491896e-01
-6.289894415217529566e-01
-5.453910006060522786e-01
-4.681899945203568669e-01
-4.300590368607647429e-01
-4.130043740330752722e-01
-3.867659843897942595e-01
-3.517717835173111984e-01
-3.321341370143108818e-01
-3.366843706252408142e-01
-3.479127981613183151e-01
-3.542385910153216244e-01
-3.878193150639839826e-01
-4.389271517280237678e-01
-4.792034961284288297e-01
-5.153575225042935637e-01
-5.082010699825928457e-01
-4.571358312502298293e-01
-3.487938008391792133e-01
-1.811701651831613968e-01
-6.184987327115325229e-02
1.568380329824167058e-02
7.974313447198895510e-02
1.539163957502754088e-01
2.434161992189087798e-01
3.350830756481177897e-01
4.372425971571688441e-01
5.042549524936247307e-01
5.693736361400851820e-01
6.313265189551113821e-01
6.831043049082498042e-01
7.979676914050926051e-01
7.909041798252322009e-01
6.175325341703180593e-01
6.040270535591539813e-01
3.229581552772060049e-01
2.375163856816733532e-01
2.661654310039364146e-01
2.475133457383673352e-01
4.498186683499302840e-01
5.009303775532134573e-01
4.152562556030801599e-01
5.054922287818734011e-02
6.338843311253404382e-03
3.218254375485277239e-03
-1.244612813845102223e-02
-9.529931823946619085e-02
-1.184187647761575368e-01
-9.248630573310070990e-02
-7.298013193741201277e-02
-7.223369999825735022e-02
-8.172335741407317500e-02
-9.350129826878132711e-02
-1.115093802581821752e-01
-1.382147981342105869e-01
-1.784497063647118298e-01
-2.213040001394113998e-01
-2.548401899867752674e-01
-2.607128957493072274e-01
-2.273664603248672922e-01
-1.719382252539901346e-01
-1.042971631713772857e-01
-3.642936391606657609e-02
2.040576466191763860e-02
7.397285737244339854e-02
1.256865528011044397e-01
1.673544941786053730e-01
1.978538387513384122e-01
2.206340508503127629e-01
2.311073332339381448e-01
2.125017184392891945e-01
2.006982188255749811e-01
1.714179496066468023e-01
1.002596537562662343e-01
9.022067664878197224e-02
1.078213675097829949e-01
1.285628813240985990e-01
-2.266229327901451429e-01
-3.023891630861814117e-01
-3.002205411099084231e-01
-2.812102459643299746e-01
-2.325266188666239020e-01
-1.991027326573170386e-01
-1.603217692857294985e-01
-1.033491655646065349e-01
-6.108194873919803314e-02
-3.272276297929933159e-02
-3.334895257494815274e-02
-6.626650427818771283e-02
-1.630854069167423093e-01
-2.092545942837447936e-01
-2.039782595646878194e-01
-1.990620709952619083e-01
-2.078585438865190871e-01
-2.071227614302836029e-01
-1.813663092958368028e-01
-1.458874601370491464e-01
-1.016394394886699082e-01
-6.883748308184417519e-02
-4.327465790956458447e-02
-1.876088425561082268e-02
-7.726044956308074775e-05
1.867839916972758446e-02
4.492222973064552427e-02
7.585917123787651317e-02
1.054517607467804485e-01
1.627703758492962394e-01
1.187738766247722344e-01
4.130798885483204924e-02
5.885446416642623607e-02
1.490249914320069258e-01
1.713451458688719231e-01
1.011873205320094199e-01
6.593753206946559309e-02
7.779447272473795361e-02
9.411393397707841502e-02
8.602110146633697163e-02
5.601511839320601205e-02
-2.801607878293836326e-02
-1.242391912589044106e-01
-2.159231068607841142e-01
-2.605812294150335329e-01
-2.789932172475152461e-01
-2.787008405346427242e-01
-2.560058242990219668e-01
-2.192089564087619513e-01
-1.786764435374096904e-01
-1.302040634554280096e-01
-4.972146761492243772e-02
4.630259634393569385e-02
1.192782748612178506e-01
1.579417066667699321e-01
1.923536712640161461e-01
2.141746553924140650e-01
2.407131668270542924e-01
2.686322385019468961e-01
2.895904208869276020e-01
2.868602807203697314e-01
2.720342642272250977e-01
2.708938014200600874e-01
2.776804264440214665e-01
2.719703673297099167e-01
2.223437769262494035e-01
1.707028852353632276e-01
1.224508526363278782e-01
5.899774811842998373e-02
-3.026292605192687502e-03
-6.925978348633089754e-02
-1.096861887824155668e-01
-1.605457956809569764e-01
-2.156965633150484674e-01
-2.773628782260671999e-01
-3.330325661187668596e-01
-3.678873555784895610e-01
-3.609748730291195140e-01
-3.405162482065302032e-01
-3.040737176570362243e-01
-2.697378484559217471e-01
-2.432787240757700864e-01
-1.934346905937957550e-01
-1.223124093583783240e-01
-6.262670464336816956e-02
-3.026408781369988032e-02
-2.937592093823880243e-02
-4.116625391852564431e-02
-4.980569534346517696e-02
-5.116573112572778831e-02
-4.531045178979081767e-02
-4.729261100149673158e-02
-4.752322071343790394e-02
-3.988231353239475585e-02
-4.826442472461404433e-03
4.084831844664705419e-02
1.090636780990479199e-01
1.587905672689110259e-01
1.805757304093079940e-01
2.135531128438572512e-01
2.369858478053351591e-01
2.818530874787251728e-01
3.273728500146187992e-01
3.409770803764882174e-01
3.203984068373552652e-01
2.951417058922620740e-01
2.608310081962292859e-01
2.319883359117990151e-01
2.245743595304158513e-01
2.434007090619354496e-01
2.551519293958645074e-01
2.325634079894356721e-01
1.938263979382600644e-01
1.252179755526597327e-01
4.156086566742245303e-02
-2.177354552266693583e-02
-6.961547621583209777e-02
-1.014256753224372781e-01
-1.003345873906249658e-01
-1.020507031563131078e-01
-1.081625382171216426e-01
-1.151557632097154060e-01
-1.172357040373157716e-01
-1.114634906681485488e-01
-1.056475176055315102e-01
-9.763968733118147392e-02
-9.566488594403792234e-02
-9.508400505753623888e-02
-8.750002420337026077e-02
-7.767364950034560955e-02
-7.537452295157195947e-02
-5.276547708715342150e-02
-2.803040717813873664e-02
1.312777249606452909e-03
1.772962705510816583e-02
1.330596738934703045e-02
-3.092396850076578867e-03
2.021233132671257978e-04
4.250847602026885941e-02
1.014963491636283188e-01
1.287388882327085982e-01
9.400414748952960753e-02
3.886674011582764293e-02
6.035391136144924520e-03
6.593482129199525546e-03
-6.766410369111077307e-05
-1.295540577434326455e-02
-2.472926110014967045e-03
2.046617627411381410e-02
2.687426058703822063e-02
-1.587760452467485046e-03
-4.217156510609788161e-02
-7.398447499017342388e-02
-9.010682399502764617e-02
-9.945997440251558297e-02
-1.104078364704128151e-01
-1.251407183947550184e-01
-1.383770575285067084e-01
-1.492395301060882029e-01
-1.453697016402139552e-01
-1.331915338547061678e-01
-1.070242053065405125e-01
-6.004778713426286302e-02
-1.622777888575428068e-02
6.104748313993226504e-03
1.420077566961043883e-02
7.033693027686718953e-03
4.102490623614356313e-04
4.781637193415907462e-03
1.728974532245666079e-02
2.071188888910402426e-02
-1.487471367412969382e-03
-3.765928237975280785e-02
-6.847966045575912264e-02
-8.888155257843342871e-02
-9.520831356724759886e-02
-9.262087647180693162e-02
-8.503534660194361772e-02
-8.499294229722899330e-02
-7.901335445158066961e-02
-6.823627136431492657e-02
-5.224190978145323849e-02
-3.949738313160629927e-02
-4.470594841390473223e-02
-4.704263859333884107e-02
-4.803691304406755569e-02
-3.901796277328024865e-02
-2.590670665708858303e-02
-4.855912496103256988e-03
2.048340907374669728e-02
3.908941112231995724e-02
4.463043389865951199e-02
4.910883190662532205e-02
4.194347254466489205e-02
3.377202748728354298e-02
2.314926508886509110e-02
1.655094228561138428e-02
1.216904795558971901e-02
7.808762394545914511e-03
5.959566817760238340e-03
1.609998509072391171e-02
3.146728575660703159e-02
4.222093998145053095e-02
5.551265642638205516e-02
4.824641741713249499e-02
3.751929008610590394e-02
3.913162180007240948e-02
5.158880603806318549e-02
6.927082022317442023e-02
7.992378842769096159e-02
7.829635381067541477e-02
8.013987611746960227e-02
9.525129875284872594e-02
1.087699459974402344e-01
1.168172761720723957e-01
1.029475832450716943e-01
7.396472504003236137e-02
2.150517855310316029e-02
-1.077317182262995700e-02
-4.300358016253047304e-03
2.308381917565256736e-02
4.427861370840165817e-02
3.444488118081466543e-02
1.687191770079599779e-02
1.059422178419500496e-02
2.487099603645607886e-03
-6.815301177058302219e-03
-2.465723187022346094e-02
-2.739608525007889914e-02
-2.318179441850918426e-02
-1.312300927279521669e-02
-1.325833515665389255e-02
-2.142366160203075867e-02
-5.071961460489449180e-02
-8.189684717217501908e-02
-1.093576038276177775e-01
-1.123506894087987762e-01
-9.302032889475791988e-02
-6.816443576135088056e-02
-4.627916748151346404e-02
-3.094488021267985389e-02
-2.680881467382569688e-02
-1.302590535126835203e-02
1.423473783877457141e-02
3.994485504117476632e-02
6.597528932708819627e-02
8.525917937020893733e-02
9.322479896680650746e-02
9.391198105553801023e-02
9.826529604594379241e-02
1.018239659836152750e-01
1.084837653473570696e-01
1.238321873844288878e-01
1.396286622119556620e-01
1.350875290682476970e-01
1.004250111819570551e-01
5.651254605901361722e-02
2.175321469163938107e-02
4.481011971955070269e-03
-1.643925825383332762e-02
-4.576140898467829371e-02
-6.750726585175531591e-02
-8.141394152852995947e-02
-6.442549912190170813e-02
-4.928406430738666716e-02
-4.528353764204957888e-02
-4.721148130434866391e-02
-5.486265071438666679e-02
-6.480539522167381994e-02
-7.089109064258979076e-02
-7.639629243092840860e-02
-8.329677010864407205e-02
-8.783403071310873222e-02
-8.793239320988967267e-02
-8.620330443773632778e-02
-6.629709733821013973e-02
-3.018179635477880735e-02
1.148988202309195010e-02
5.797559138514919025e-02
8.968549172535175695e-02
1.129234379628894364e-01
1.145286054792557656e-01
9.075392530259052126e-02
7.399841613144945984e-02
5.508977514100883016e-02
4.500742559399910359e-02
3.478527738030465222e-02
2.553281299314366648e-02
4.433418464654365933e-03
-4.315480281998307355e-02
-8.450713224915140653e-02
-1.092780231461670387e-01
-1.035120058397891590e-01
-8.095543288211795585e-02
-4.828920897577144988e-02
-2.317308120521166179e-02
-1.068284484477894335e-02
-1.363035063906578581e-02
-8.256079402544644688e-03
1.153778533353212211e-02
3.220268095891816451e-02
4.652894626270918932e-02
3.143436917303860101e-02
1.608362361242078034e-03
-2.918829641189875715e-02
-2.973006465204266341e-02
-2.147264922345906366e-02
-2.271031276563198475e-02
-3.429636930083239388e-02
-3.828218031704478524e-02
-3.674788026883166886e-02
-3.690742888565746310e-02
-2.186416294096120080e-02
4.991219017265715631e-03
2.077481765180837561e-02
1.985276605796803748e-02
2.729481834886544195e-03
-2.026615962219506864e-02
-3.987147042251338452e-02
-5.268589640570269655e-02
-4.807738107916049997e-02
-3.629150151900351062e-02
-2.208993197884818668e-02
-1.269186011613745134e-02
-2.688587820476825464e-03
1.097409852127088740e-02
3.626265110164059863e-02
5.632279163608973349e-02
6.713918099667541550e-02
6.046873215001441482e-02
4.187589673486852987e-02
2.444579122753684844e-02
2.103931208212880821e-02
1.740390777935045888e-02
1.171040377030420701e-03
-1.316665279006771008e-02
-1.643617958513486979e-02
-6.178539549275156861e-03
-8.552076939609685666e-03
-2.277479054403367190e-02
-2.990762057635001220e-02
-2.738756566374354190e-02
-1.566378227035358089e-02
-6.112648294049649253e-03
-7.047382453911940625e-03
-1.888439889477729755e-02
-3.157242519706383171e-02
-4.187705849664153518e-02
-4.203176643941314988e-02
-2.882272870732703260e-02
-1.367889291848111040e-02
1.344351998327062911e-02
2.906360064826306669e-02
5.035791943956611366e-02
7.610836913818574967e-02
8.807412814619608454e-02
9.182100349109412196e-02
7.626636873931420813e-02
5.743382314500528746e-02
4.013945013815282958e-02
2.524701959698483905e-02
8.981793256747413329e-03
-3.854590023951654648e-03
-1.750807908499642587e-02
-2.539165893772375726e-02
-3.030687937233883869e-02
-2.866821439151758660e-02
-3.422046753166284316e-02
-3.176101785821471707e-02
-2.628853902648235416e-02
-2.477999136423748167e-02
-3.357917503296498074e-02
-4.351978964366829544e-02
-4.442499569180009128e-02
-3.248498906975798295e-02
-1.954315654546263936e-02
-2.944504576373250366e-04
1.399440805333260901e-02
4.853356620202649296e-02
7.414150645649104920e-02
1.091980552107919694e-01
1.302795779706732437e-01
1.400283082618688224e-01
1.248374985720011182e-01
9.852649881790737085e-02
8.187980799950431154e-02
6.099481660622277368e-02
3.356194223333210103e-02
-1.358521619418460655e-02
-4.946684815967253290e-02
-7.730285386779536805e-02
-9.206942688355466975e-02
-8.970543530245499164e-02
-7.575074013906286929e-02
-5.176694284325702999e-02
-2.161922483381965854e-02
-3.923288870128586840e-03
9.437416861423117420e-03
1.034535304972146637e-02
1.459300580687259308e-03
-3.077913553306470349e-03
-1.004823247627585452e-02
-1.289917650452990228e-02
-2.746714634519427031e-02
-3.920481279177162603e-02
-4.960858309597893784e-02
-5.887944204454580860e-02
-6.298588265818838572e-02
-6.761066264955260807e-02
-7.040876587983123380e-02
-6.748015807705190494e-02
-6.167405998950540452e-02
-4.717953285559107340e-02
-3.712642097986859624e-02
-2.992737052649106777e-02
-3.154977084249026981e-02
-3.210722286656971652e-02
-4.607334202072969898e-02
-6.192713042905798049e-02
-7.144989805540440109e-02
-6.777330929777308777e-02
-5.402947389618108220e-02
-3.954056194416959852e-02
-1.905496488575040767e-02
1.774864122279299012e-03
1.790731851828903168e-02
3.560277041457467900e-02
5.496178771901629595e-02
7.090832344222267047e-02
8.452262240612479216e-02
9.250876646071211351e-02
9.827342837835481570e-02
1.159751925136071060e-01
1.320462303734870335e-01
1.310842916254402468e-01
1.142865717765467332e-01
9.490490011753154043e-02
8.335466457033208210e-02
7.960430394011504263e-02
6.833560199590671402e-02
3.810191361526709536e-02
7.891692822442137462e-03
-1.648650323260213157e-02
-2.800233126862448907e-02
-3.401561020568991817e-02
-4.353063275354965983e-02
-5.601821642460068362e-02
-6.443827850140475266e-02
-9.039223013726215006e-02
-9.489812317385569462e-02
-1.020071370898254781e-01
-9.301568184766591252e-02
-8.103462630964436419e-02
-7.427104289418091920e-02
-6.720346514811494087e-02
-5.352333301707595803e-02
-4.833722846238892173e-02
-3.873158849623491856e-02
-2.965338837502444133e-02
-1.824814069709578684e-02
-1.564581368826446078e-02
-1.413976381383154693e-02
-1.408140464743434274e-02
-7.896688398066053008e-03
-1.594545141221824763e-03
6.043581556644598597e-03
1.621602572915072787e-02
2.819421558813221471e-02
4.260741939793631639e-02
5.671624162321354384e-02
6.683053961898086093e-02
6.804128901341253977e-02
6.062789351291587164e-02
5.234220854785586602e-02
4.398604336856698493e-02
2.843160224374923287e-02
1.290705712189010868e-02
3.235312910852209799e-03
2.570669000516983410e-03
3.034986455793995796e-03
3.532995002488105787e-03
7.943197594378620038e-03
2.229614469355628223e-02
3.724530793463927403e-02
4.886021488720260209e-02
5.567956286777020480e-02
5.345614446120391938e-02
4.986184716249367904e-02
4.559605155898747986e-02
3.334604817051563946e-02
2.508824548800770923e-02
1.532847845996859054e-02
1.819810749007177639e-02
1.838757147255240879e-02
2.618243145121471743e-02
3.213646053785697287e-02
4.219344495282278257e-02
4.538422366237653688e-02
3.719264140092979481e-02
2.740208768590608399e-02
1.729851662384283492e-02
6.015466921737916590e-03
-2.698946862952771985e-03
-9.582482181478804012e-03
-2.094888829079671194e-02
-2.332139945823175423e-02
-2.324143152285669187e-02
-2.265106291520881457e-02
-1.656376039050685284e-02
-1.430858716214515255e-02
-1.407728039314018291e-02
-1.466913992839674781e-02
-1.469374991528820187e-02
-2.176308966670990538e-02
-3.083741724867704315e-02
-3.589069370731735181e-02
-3.749373132709982875e-02
-3.954927515746711753e-02
-4.221590568043418618e-02
-3.756847133449638110e-02
-2.972018967697213562e-02
-2.192709170366554869e-02
-1.799290163556694841e-02
-2.091500357241744823e-02
-2.460282269385447029e-02
-3.022148988202308720e-02
-4.060357396646767369e-02
-4.737664510307730559e-02
-4.885750410973226099e-02
-4.446527009993087032e-02
-3.854764288217605445e-02
-3.824926373347635467e-02
-3.908398956737927504e-02
-3.369961100343300126e-02
-1.604584699210195170e-02
7.742987315497708474e-03
2.083348662134504314e-02
2.057247747634362300e-02
2.449652149162466139e-02
2.295854253113037424e-02
2.167944281905366533e-02
2.018193189365232246e-02
1.649289292235365037e-02
1.879323932098896782e-02
1.825832547530578318e-02
2.666901600714095821e-02
3.220810251385883977e-02
4.122782729249482164e-02
5.025858880797432621e-02
6.567555478965333982e-02
6.964064772091384248e-02
6.670410121268566250e-02
5.925411021633939651e-02
5.098197913863108943e-02
4.601099413891185375e-02
3.310885514186079348e-02
1.828574305314866269e-02
2.302902274535924276e-03
-1.213347868263959899e-02
-2.438015168736215599e-02
-3.919764859417143588e-02
-4.704418760903617686e-02
-4.458241441204204014e-02
-2.930447258919909731e-02
-1.297145744950692695e-02
-1.810065504001300896e-04
8.244829676042727401e-03
1.676348660198235044e-02
2.384845204925094969e-02
2.609355667557996042e-02
2.895788032691976044e-02
3.210993364404006456e-02
3.562213311079140410e-02
3.130173470395405250e-02
2.376403069374603827e-02
8.017802062901653593e-03
-1.574828107664335772e-02
-3.831858218593221788e-02
-5.414410105778409005e-02
-6.536517076929926340e-02
-7.204588184495513969e-02
-7.825336862507428770e-02
-8.334033617513170178e-02
-8.562552158262932978e-02
-8.557459769157935159e-02
-8.626545869259201471e-02
-7.920620690589921797e-02
-6.471845671566073266e-02
-5.150632095217994033e-02
-4.714855254164430909e-02
-4.202963654282931144e-02
-3.894961245563521857e-02
-3.533846961121642205e-02
-3.142507507885457241e-02
-2.414392679351813967e-02
-1.684159571852060847e-02
-1.412231802454027955e-02
-5.454316622681074089e-03
-1.203426422722511137e-03
5.328129931436692123e-04
-2.472616306875499367e-03
-9.881693926115821605e-03
-1.155525048551960497e-02
-2.290994216362639366e-03
1.191102066580567061e-02
1.969592821861258086e-02
2.406860590523508814e-02
1.698650613700656425e-02
5.611018923163011915e-03
-2.243942864556003249e-03
-5.908468662444307795e-03
-9.562654780552881303e-03
-1.482469982980189928e-02
-1.113591257355404061e-02
-8.314690283992664036e-03
-5.427983355826331881e-03
-3.260329514364215461e-03
-9.259899662508203500e-04
7.030014115405541254e-03
1.863614976658269431e-02
3.648299858458690231e-02
4.597982019800292419e-02
5.477203329609240529e-02
6.831488391095481838e-02
7.614147934871633161e-02
8.026766991249996430e-02
7.553349068751123718e-02
7.118172471280279079e-02
7.519929055081060743e-02
8.006513611007304299e-02
8.675707754953460027e-02
9.611681127373623845e-02
9.384982680068233718e-02
8.926706386010838101e-02
7.935026536575162659e-02
7.096699241175934147e-02
5.605423103956378578e-02
3.485091692047934120e-02
1.662140313714403905e-02
1.575925972539824003e-03
-1.153774660813968768e-02
-2.482646183515761773e-02
-3.630118286711187664e-02
-4.506609456353577459e-02
-4.551937528196925431e-02
-4.358078213675097012e-02
-3.847580727921200844e-02
-4.154827991488158068e-02
-4.030848647612481767e-02
-3.175346640669018949e-02
-1.941768627397827407e-02
-4.012260459244428208e-03
-9.064278342630653282e-04
-1.353493127210977530e-03
-5.106349608970349452e-04
8.918903219435499879e-03
1.697910958705177442e-02
1.581893555513817773e-02
2.293976071580014833e-02
2.408215979258679362e-02
2.589121650011520434e-02
2.243904139163569941e-02
1.082409571367993692e-02
1.375903511812212555e-03
-1.203312182814832328e-02
-1.799958176576171853e-02
-2.618165694336604607e-02
-2.857101365650963759e-02
-3.406053166091271150e-02
-3.517601658995811453e-02
-3.213568603000829804e-02
-2.284139821901920095e-02
-1.781859864422400894e-02
-2.529000478258596266e-02
-2.403627020255316021e-02
-2.307568684324154407e-02
-2.173462650327132387e-02
-1.872794830934617835e-02
-1.194335636848759853e-02
2.793746623629847145e-03
1.193077061594672791e-02
1.336577875796048781e-02
1.984637636821651868e-02
2.410132886184135001e-02
2.403723833736399682e-02
1.801474275689941146e-02
1.084959638459736045e-02
9.537134746939240557e-03
1.313925457492104779e-02
4.697041573645046285e-03
2.299010372596363145e-04
-1.263789628178144456e-02
-2.076126376445667013e-02
-2.489190774837014147e-02
-1.403694789692074875e-02
-5.944851168635529280e-03
-5.220434615079280402e-03
-1.106713627659224042e-02
-1.607785352894819733e-02
-2.205449824477158371e-02
-2.076107013749450142e-02
-1.998443239224175286e-02
-1.906249697457871456e-02
-1.809658887380749537e-02
-1.779869379251321909e-02
-2.456642082496703419e-02
-2.322419872322380868e-02
-3.171416013337025053e-02
-3.052935675186897735e-02
-3.760526045730815808e-02
-3.966796848527563008e-02
-4.687979831815620307e-02
-5.099030509800428490e-02
-5.412803001992420177e-02
-5.018752771285895503e-02
-4.576508789695946794e-02
-4.115579806256861040e-02
-3.713242341569578803e-02
-3.287882631080612378e-02
-2.841495032500285234e-02
-1.527348840271309897e-02
-2.695616479203495966e-03
5.012634159281411164e-03
6.358728800267978744e-03
1.017846597102953221e-02
2.208586581264267504e-02
3.991135757671983308e-02
5.084179321802201335e-02
5.539435035249788003e-02
6.125950466350536805e-02
5.716351990581983872e-02
5.250775960050884511e-02
4.217272686787088692e-02
4.016268537361290109e-02
3.287824542991962112e-02
2.702122345132314599e-02
1.637040450608666028e-02
1.223296421580112071e-02
1.360765755909978773e-02
1.783401135041251875e-02
2.023789008571865236e-02
1.171741306633465943e-02
3.769703963737541710e-03
-5.389025611038285486e-03
3.012061023473396309e-03
9.599521354149521957e-03
2.090125605810357404e-02
2.626956358418996648e-02
2.570552824339683573e-02
2.414082876212346462e-02
2.204036347653337558e-02
2.033741434427260852e-02
1.854915317248095885e-02
2.419601244634112663e-02
2.290161620425320774e-02
2.096844461397560228e-02
1.875412667463118715e-02
1.790693126436469773e-02
2.341705117754236745e-02
2.434917137341540208e-02
2.662138377444782031e-02
2.364030306492118094e-02
2.472558218786849449e-02
2.604902247428149409e-02
2.287934910360397631e-02
1.973426635712169364e-02
1.079969871644686705e-02
2.952385193733456873e-03
-4.785335468393302379e-03
-7.625823640690317096e-03
-2.071382515872570093e-02
-2.378532965958443310e-02
-2.344125454781326862e-02
-2.321122571675860238e-02
-2.273974406388140634e-02
-2.231279661230266623e-02
-2.931299217553445455e-02
-2.902797328722429501e-02
-3.780818151365940988e-02
-3.504648015226823760e-02
-3.386206402469130183e-02
-3.219125696815029053e-02
-3.049624654133838500e-02
-2.905566194281420864e-02
-2.320154436865023984e-02
-1.798120656705204379e-02
-7.724244225559919602e-03
-4.948059567398640536e-04
5.475286422683784890e-03
6.817237446679974555e-03
5.743169324842144728e-03
4.412390576563004346e-03
1.272868796434165756e-02
7.351822126527474306e-03
3.572436814681570049e-04
-3.944665286751849022e-04
-1.260565739258060099e-03
-1.926307514468774372e-03
-2.809604671831342996e-03
-9.163725150399740574e-03
-1.477406637919516895e-02
-1.885601318212358143e-02
-1.924783670276518366e-02
-1.862184073407853468e-02
-2.293472641478380356e-02
-2.498020164311839583e-02
-3.173623360705730978e-02
-2.980073849323370064e-02
-2.834311472203880980e-02
-2.710332128328205026e-02
-2.879019937768293944e-02
-2.493121402169008738e-02
-2.847400654846385382e-02
-3.475274805066055211e-02
-3.147793523952623074e-02
-2.990858871116084880e-02
-3.034347486818844003e-02
-2.712829916140162279e-02
-2.514323554526320253e-02
-3.066702552196987758e-02
-3.205107104754122138e-02
-3.607154128998154435e-02
-3.433335205060633610e-02
-2.743403613466367796e-02
-1.867146732448199745e-02
-1.048983748889065204e-02
-2.806487277740450301e-03
5.217549573342987815e-03
1.042816730144039035e-02
1.622152473487627894e-02
2.409803720348450626e-02
1.648007481745817834e-02
2.076068288357017094e-02
2.361474430591510576e-02
2.821725719663011056e-02
3.156545462642581373e-02
3.905049210292434181e-02
4.247923834898161000e-02
5.275211682676388819e-02
5.805149315431874096e-02
6.393155674141312583e-02
5.892533163457944201e-02
4.800961164240197948e-02
3.565892223360318108e-02
2.859676604247787801e-02
2.509986310573774498e-02
1.694814863580123773e-02
1.082126876003229599e-02
-2.707156646148662412e-03
-1.734762042144844191e-03
-7.706043291116200468e-04
7.854109829085478833e-03
7.803902357795517754e-03
1.288965005799127400e-02
1.563787498281560620e-02
2.388717744168439641e-02
2.699024313737638861e-02
2.607671112987140771e-02
2.650791837461782471e-02
2.354697486915657834e-02
1.780976925474918315e-02
1.199013664254719967e-02
1.533997990152132299e-02
2.099903767399802570e-02
2.873850097878428989e-02
2.904346344419767370e-02
2.937553368431446849e-02
2.561084465889705911e-02
2.224018650148995926e-02
2.328112505010097172e-02
2.351947984052882995e-02
1.837506317079640530e-02
8.188890846672616450e-03
1.920719440340628529e-03
-3.587636531211697843e-03
-4.685172240864195377e-03
-9.445936447758474658e-03
-1.472842850421235243e-02
-1.513765908875278933e-02
-1.560000154901569451e-02
-1.953037716595960177e-02
-2.625891410127077080e-02
-2.569797679187231162e-02
-1.892798432396113756e-02
-1.471156359580758771e-02
-1.057259365252092437e-02
-8.618723339987645685e-03
-1.127838329231668595e-02
-1.862259587923098883e-02
-3.105679659681251023e-02
-2.969463091796606044e-02
-2.282590806204581879e-02
-1.468544331861122709e-02
-2.081354304424182233e-02
-2.103272876541512418e-02
-8.012399870657188616e-03
5.323792687484145934e-03
4.201724441725060606e-03
-5.326910081575038196e-04
-2.015250059540290347e-03
-1.122116652499627071e-03
-9.829898713736089869e-04
-4.950247552071130631e-03
-7.451753001701979899e-03
-1.197023179083640983e-02
-1.634227050848376453e-02
-1.715656869787803712e-02
-1.995829275234917502e-02
-2.307162067703603242e-02
-2.601765490641040277e-02
-1.789403570868436030e-02
-1.608434003218079875e-02
-1.381259233585758160e-02
-8.754572016644172547e-03
-3.156022669844730111e-03
1.200727262869899850e-03
6.752798393670720982e-03
9.824632060365141514e-03
1.386523950687085054e-02
1.421394230303781210e-02
1.729050046760911147e-02
1.605256584768915626e-02
1.279951670710242906e-02
5.792776552549388537e-03
1.615257417364852899e-03
-3.388142672090802519e-03
-6.474188557808297460e-03
-7.861777456787302776e-03
-6.566606706850714251e-03
-4.303998203141790567e-03
-2.081334941727965362e-03
7.319680050807713572e-04
8.947424470962731099e-04
5.201265545824724883e-04
-1.766636912656813435e-03
-4.065139982612298551e-03
-5.030525290585663271e-03
-5.746770786338455290e-03
-5.145965685429763903e-03
-4.681415877798151409e-03
-3.005593882937010811e-03
-2.730759772836847607e-03
-2.289696915716119170e-03
-1.938186528597733889e-03
-1.569594370876955559e-03
-1.895087103088930781e-03
-1.469880357900076560e-03
-1.926609572529755510e-03
-2.095198632219138959e-03
-1.948739198035847600e-03
-2.003322638670789087e-03
-2.002586856214553894e-03
-1.409747568529422365e-03
-9.799712270334218472e-04
1.036885936292856753e-04
1.485982376073903197e-03
2.812973780973052583e-03
3.633390582371813331e-03
4.124757724263588068e-03
4.599318045839246270e-03
4.902169977365007994e-03
4.969823237946236448e-03
5.034378467132790726e-03
5.056413215427421615e-03
4.840751504965562328e-03
4.441589522457821924e-03
4.199846260192039056e-03
4.012938153612013482e-03
3.736768017472896514e-03
3.536344748933598590e-03
3.224043821654077029e-03
2.912459314134574311e-03
2.598222117233379980e-03
2.278272924948252561e-03
1.951662965164573105e-03
1.709625389916294988e-03
1.502035987507188090e-03
1.297589150694055575e-03
1.107259655692535618e-03
9.371022176095975377e-04
7.690340144484437805e-04
6.007818656732311167e-04
4.423311137229236196e-04
2.999939975641727316e-04
1.671544775266866018e-04
4.574107815365073445e-05
-6.313942883918698666e-05
-1.636941700857960961e-04
-2.559341823230201047e-04
-3.392189475600098031e-04
-4.139376559907213425e-04
-4.800399646049912359e-04
-5.375181283243327807e-04
-5.863005051727442334e-04
-6.263870951502253231e-04
