8.519454124779680601e-03
1.217109984556117436e-02
1.126823555078396329e-02
1.122488933797989585e-02
1.921282129303762340e-02
2.042031473369350023e-02
-1.540553109157820431e-03
-4.143943873830943994e-03
1.900510394479242721e-02
2.849798196108601148e-02
1.093851727246108844e-02
3.016586385270325632e-02
3.802243668869381699e-02
-7.114634944511107235e-03
-8.445047910482894604e-02
-2.133609677400834931e-02
1.498745543377789577e-02
-1.199920771160702462e-02
3.304273190223850493e-02
6.826253451908669001e-02
-3.633618289231193427e-02
-1.167781420263062746e-02
-1.100551731264963126e-02
-9.053043133787656849e-02
-6.358975536660561867e-02
-3.928889246120370604e-02
-3.315669512398165125e-02
2.075141090487372247e-02
-6.010483468156321493e-03
-3.615895142353555552e-02
6.436367185481602082e-02
5.923044683917119690e-02
3.671751474058296532e-03
-4.029475424706767395e-02
-2.357207240826965366e-02
-2.004323138839929005e-02
-1.005798632441339165e-02
-1.239598344232083205e-01
-4.179970030830352373e-02
1.221358487532940400e-02
6.582653477170037626e-02
7.579444135056465082e-02
4.194087691397929696e-02
2.145769581866930134e-02
4.550364854546185694e-02
3.595777906636276472e-02
-5.594997100683779534e-02
7.191796944522589607e-02
9.821103577354331482e-02
-7.170382193031307749e-02
-1.335430792460629568e-01
-3.386062613747926192e-02
-7.809609654435954729e-02
1.204146309256569347e-02
1.889992479001487147e-01
2.188719650474512113e-01
7.164239087375630366e-02
8.970943684370676118e-04
9.137324246895435487e-02
1.300483984866143417e-01
5.411077110329030014e-03
-4.849643183162149346e-02
-9.129458775168074192e-02
5.715889975255341454e-02
1.263665539473759758e-01
4.404124492619661789e-03
-2.526762698143863659e-02
-1.258423805395598831e-02
-1.668036904563695993e-02
-2.339512800050522756e-01
-2.816148904288117705e-01
-2.239816510601163324e-01
-9.613156580299578313e-02
-3.120668966982242595e-02
1.995516106993380501e-01
3.114916264302814985e-01
3.139827418919617363e-01
3.476515538612576783e-01
3.593033603362059125e-01
2.445444054679381599e-02
-6.743177995051068407e-01
-4.411203417174286434e-01
-1.095700400163050620e-01
4.725207975703156760e-01
2.615257866907032547e-01
1.490667646501587507e-01
2.192193088719076310e-01
4.239144787833206557e-02
-1.221226439467444497e-01
5.378271777883671806e-02
5.063595496586844602e-01
1.473610481171668263e-01
-1.000000000000000000e+00
-4.373621389490122691e-01
1.905780834658598460e-02
2.360330464636954118e-01
-3.706841812158756522e-02
2.044597798816160661e-01
3.380884033092393381e-01
2.710745841921241919e-02
-1.841737522893115986e-01
-2.312592218350088130e-02
-3.183414762973722691e-03
6.118188759839016805e-02
-1.511129355433203647e-01
-4.371353607495737092e-01
-4.338663099455158378e-01
-7.124854316536435861e-02
6.059398664592172690e-01
1.176714758954868351e-01
-6.363224039637385143e-01
-4.811957813513684790e-01
-3.629209032087679643e-01
4.368976742316812295e-02
-1.877246970071019261e-01
-2.023073964140338354e-01
6.807020364108187782e-02
3.000310025892903298e-01
4.922556680196809031e-01
5.414361088305708058e-01
5.376095855413109970e-01
4.621251700836495613e-01
-1.422599739348601178e-01
-5.947215221123097750e-01
-2.935617956240419435e-01
-1.679875300696410112e-01
-4.880071650428581820e-01
-4.243697575482693329e-01
-1.699114129717129995e-01
2.500054541592270363e-01
1.697185079716843070e-01
1.225233811194231248e-01
2.797059346993610029e-01
3.102480781265250509e-01
1.076496018463764387e-01
1.573857927763967213e-01
3.033379454469253278e-01
-2.062533370842638825e-01
-9.365308102584123384e-01
-9.741243203830541875e-01
-5.676510945636386030e-01
3.700285338645876165e-01
9.650474511852749071e-01
5.565630759161552810e-01
-2.022172592562823321e-02
-8.399921919404751414e-02
1.707077202188553022e-01
1.239294059559418841e-02
-3.262482848104535926e-01
-2.428748586224516171e-01
-1.454411840692620694e-01
-9.385689434432394063e-02
-8.486269871798553244e-02
1.423604452890417371e-01
3.959909059071415327e-01
2.618059582383640005e-01
-5.524914025226921321e-01
-1.271347292153474362e-01
5.432457414498877979e-01
7.090464407305129280e-01
3.350495754367633361e-01
-6.137995969663392337e-01
-5.145023223235867249e-01
-1.027443032742179074e-01
-3.637855309767538264e-02
-1.871092381974865104e-01
-3.482916999179005435e-01
-1.761940302791955293e-01
1.732838057400720166e-01
1.791117184046297217e-01
3.878980818583182000e-01
1.042559665631333371e-01
-3.734353739543802564e-01
-5.251057819829026974e-01
-2.431194346046308963e-01
1.089666377691914656e-01
5.580925369878114717e-01
5.199863358958313198e-01
4.099937420699395485e-01
-2.382273408390219241e-02
-1.874996411737350765e-01
-1.387727567617221269e-01
9.213854712680633052e-02
3.787718381664839096e-01
4.137042927103726786e-01
1.630994551581993121e-02
-4.450169078936037081e-01
-2.790795675712915980e-01
-2.158486384696203242e-01
9.771729083299364460e-02
2.485770385637763591e-01
1.528192261983362110e-01
7.288306856739330819e-02
1.978860827080187665e-02
-4.004357586161362836e-01
-4.190539617290258700e-01
-9.238714196315284122e-02
4.358102871184241778e-01
-7.157464447493670778e-02
-6.618306454853915000e-01
-5.201545536488325627e-01
-3.155759305082702637e-01
2.072270480367897350e-01
-2.432359813754815248e-01
-5.854264865454503752e-01
-2.258848655693281304e-01
3.842030325125301848e-01
8.449239001257327075e-01
5.855298285097514377e-01
-9.238771608517673539e-02
-7.856228362776224161e-01
-8.572675236394744491e-01
-6.845084654292423743e-01
-4.683406151143363894e-01
-1.320520843500077590e-01
-3.765873038655635774e-02
1.810333048186061472e-02
2.203767388720798970e-01
5.221593877562736852e-01
5.174234551811642824e-01
4.585948937587195351e-01
3.882247572899144017e-01
3.690106155162218293e-01
2.507345891295736373e-01
-1.376641271335809769e-01
1.871023487331997803e-01
6.038845096136733481e-01
8.024560940182227098e-01
6.111816005373782446e-01
2.357488560618674067e-01
1.564442326572089703e-01
-5.486556932810499748e-02
-2.193123166397786261e-01
-2.937047520079917873e-01
-2.074733463850406967e-01
-6.606996250983184771e-01
-8.420131014645854117e-01
-5.704252521830990297e-01
7.797208618719823903e-02
1.632246137594084157e-01
-8.372191825650623920e-02
-5.847260576762985246e-02
1.355490615975519508e-01
2.344553591420320271e-01
2.811441103692178811e-01
1.135108135883200614e-01
2.923980502816068694e-01
2.727561876001125540e-01
-3.857657926615722932e-01
-4.394157734284844796e-01
9.898839699389708202e-02
1.198433795118814538e-01
9.770867900263523198e-02
1.823044109795095846e-01
5.275957492005351607e-02
-2.617095057383496057e-02
-1.192968153451334605e-02
1.296218258228603870e-01
1.140395799723273179e-01
-1.757783659338955917e-01
-3.893609447752025554e-01
-2.628795664230475573e-02
2.582119543687815266e-01
-1.042186486315801602e-01
-4.590019462736610323e-01
-2.020576533336395364e-01
2.965414889280567623e-01
9.909116483617427806e-02
-4.768950332703713046e-01
-2.046704826643855057e-01
7.216197130538124505e-01
7.226818387980180614e-01
2.031892478427365090e-01
-1.973624834222265645e-01
3.315933608529156862e-01
8.003835135119619082e-01
7.003083035268315992e-01
4.865069841944207329e-01
5.871947823790468063e-02
-2.762985204875444412e-01
-3.415285424764179512e-01
-4.904959840164428708e-02
2.337819140080032998e-01
4.354744257344456138e-01
3.569948156781242027e-02
-2.581631539967504940e-01
-4.592706353808438946e-01
-5.452144058698236151e-01
-2.938103904603884819e-01
2.990446609522388055e-01
4.818250190895573271e-01
2.175773198835680433e-01
-3.001929050000287091e-01
-2.273483026082363523e-01
1.029997875748511621e-01
3.457736007210973073e-01
3.479196688464166187e-01
1.877011580041222094e-01
1.779594555026725589e-02
-3.197871155535397247e-01
-3.405232548125778358e-01
-1.140280975318494205e-01
9.218390276669402583e-03
-4.202389495863451119e-02
-1.713983890136009380e-01
-1.437176697535294256e-01
4.647173310215352987e-02
1.733285872579358178e-01
5.970983872912349194e-03
-1.164072591988701416e-01
-1.209416749435925226e-01
2.256776075187020281e-01
6.428042416135125725e-01
5.430304456909271771e-01
4.202446908065839981e-01
7.214819237680776542e-02
-7.412948748126927390e-01
-7.176812359698930832e-01
-5.132478657013762602e-01
-6.776477072436976057e-02
1.785502270652604695e-01
2.202900464464717378e-01
1.989240953272208845e-01
3.704987398021575284e-01
3.116833831862624304e-01
2.317259830404354293e-01
3.218545289615855065e-01
1.008227168602414681e-01
-1.138392113859879734e-01
-1.702191423765207212e-01
3.582418087140241125e-01
5.002606513988483439e-01
3.581361702616274179e-01
2.715648844005305040e-01
2.736828205466789732e-01
3.197509458660343501e-02
-2.423076260628433953e-01
-2.359876908238076887e-01
-1.028815184379287956e-01
-3.866396063819404344e-02
-1.675345477927878690e-01
-2.529535707519276477e-01
-4.308877648855487519e-01
-6.061695152687752719e-01
-4.962768186750412536e-01
-3.156723830082845961e-01
-3.014950137502224736e-01
-3.750968830915323293e-01
-2.289311570281147568e-01
-8.853822791496104849e-02
-3.122976937518300300e-01
-3.280906423851325804e-01
-8.179344237824306973e-02
2.187519735444571345e-01
4.322800107934940961e-01
5.253256707180544716e-01
6.301505922068676435e-01
6.537068188472778818e-01
4.467639612123160409e-01
1.176025812526194370e-01
1.024153313545260874e-01
1.208498154197693158e-01
-7.222627297205748420e-02
-3.148295718772067819e-01
-4.394703150207545650e-01
-4.598028464969945439e-01
-4.294243278466405300e-01
-4.061649222925841074e-01
-4.038161890928298470e-01
-2.058658047181348150e-01
1.156075072195844461e-01
2.757525304428203317e-01
1.153858961183609894e-01
-1.378449755711078917e-01
-2.115530574868382807e-01
-2.168677050620338997e-01
-3.266513184712279139e-01
-3.851331101912400801e-01
-4.336211598413127200e-01
-2.747219814099288726e-01
1.332278862549446385e-01
1.900217592247055998e-01
-1.931771338680323248e-03
-1.321336096774008428e-01
-1.395139482945705334e-01
-2.383932621039275834e-01
-2.751175514843925418e-01
-6.771539623031479216e-02
2.932850688085245766e-02
2.949035187938844546e-02
8.030416984825955451e-02
5.335551358085648121e-02
-7.039999081404762181e-03
-2.991548923808266119e-02
4.638303124946176192e-02
1.194753672945648021e-01
1.611221789079050892e-01
1.503924124033322041e-01
2.762841674369470937e-02
-8.684341970042312731e-02
-1.061993696140177551e-01
-5.186210737230090989e-02
2.330900969692098132e-02
-3.627567043099340881e-03
-1.395018917320687279e-01
-2.114726804034929852e-01
-1.756583744309015704e-01
-1.313522296028798164e-01
-1.048318109530999853e-01
4.934837150287921942e-02
2.462748092479575823e-01
2.351879388445220487e-01
1.721585265732378800e-01
1.485213487274585353e-01
2.361071082047778436e-01
1.260444714919708997e-01
-7.583750050235676943e-02
-2.276801451380476571e-01
-2.237181290511485454e-01
-1.675735880904127284e-01
7.499813410342233422e-02
1.291326738585018841e-01
5.716596145344731567e-02
1.264928607926328608e-02
8.154714402999213574e-02
1.605486310060340316e-01
2.355846571630334230e-01
1.621567467949638075e-01
1.238685490214090114e-02
-1.855723135395196885e-02
5.436769070898328504e-02
6.317696163142513810e-02
-1.985623984521670080e-03
-4.849310192388289753e-02
-8.840101275125014646e-02
-4.573140275234098551e-02
3.598246631339024892e-02
5.632791553516784677e-02
4.611732757680318123e-02
4.711159209778446877e-02
-7.255926374591656954e-04
-4.036232840928011267e-02
-6.092410680966132974e-02
-6.797432526309142575e-02
-5.594744486993265264e-02
-9.233547098100230999e-02
-1.440018601553574307e-01
-1.160868991095367342e-01
-9.299685955252930125e-02
-2.734422634186670434e-02
8.706962377783775131e-02
1.145453814753787936e-01
2.435127081909989333e-01
3.141647385735364395e-01
2.025037461462059207e-01
-3.831351655480855906e-02
9.732688785674507848e-02
6.271996050040476445e-02
-4.013199065329345339e-02
-1.101625339449646690e-01
-6.996480631993523547e-02
-7.247659017447569130e-02
-6.257298526228764757e-02
-1.027976966224401420e-02
-3.082110931857456968e-03
-4.585713547557398323e-02
-8.343830197670212834e-02
-6.557851405737775974e-02
-7.189959754046125126e-03
3.347533284724335534e-02
-2.906687947456352335e-03
-1.864576097003657271e-02
-4.544698270170342141e-02
-6.117729462219900771e-02
-9.761681947881202526e-02
-1.141411995705567256e-01
-1.320365830553625885e-01
-1.206350937828326031e-01
-6.351799011361874969e-02
-2.755573289546960417e-02
-6.006349789584278925e-02
-8.372823359876908900e-02
-1.447172161971305437e-01
-7.668892346379299618e-02
1.016109863990492523e-01
1.850711050126593871e-01
1.856389116942915030e-01
8.306856739331378026e-02
6.625310743545433090e-02
6.911395748052291677e-02
-5.733291613799597342e-02
-9.357844516273487734e-02
-1.017447568306167754e-01
-1.055270727240367745e-01
-1.366410416870001698e-01
-5.905706198795492717e-02
1.370377600055115719e-01
1.732596926150684058e-01
2.246809316852203808e-01
2.326491712548585111e-01
3.282060409119354483e-01
3.306891186652811121e-01
1.969485414429983094e-01
5.533640679990125405e-02
1.260352855395885929e-01
1.353860109427657832e-01
6.913519999540702898e-02
-7.073240746588280170e-02
-7.955149587493326457e-02
-1.161867963416944732e-01
-8.405490903036531847e-02
-4.565280544726976752e-02
1.462788281021248221e-02
1.264176508075026129e-01
1.067918635426773621e-01
9.045522135274630671e-02
8.710177461117586672e-02
1.282594342601576787e-01
1.144627079039379075e-01
-1.780249054133965433e-02
-1.813393118573421517e-02
4.807864323483312941e-02
1.077862428880634188e-01
9.622687005896234103e-02
1.444364705274459038e-01
1.313499331147842120e-01
-8.771436281067178722e-03
-4.714402999213453127e-02
-6.839343434053474224e-02
-2.325797024899672050e-01
-1.662812394146251926e-01
-2.379247785324293055e-02
8.005500088988913576e-02
8.284408568197085265e-02
9.659947525247015998e-02
-7.440276956464327018e-02
-2.318298991267604414e-01
-7.446994184143897189e-02
2.996268206844682550e-02
4.926822406834348994e-02
3.060340224711360566e-02
4.304175589479788261e-02
1.655917188639273452e-02
4.463615016735656901e-03
7.939877941657719207e-02
5.714512082397993353e-02
4.600778509464401034e-02
8.564867176869772614e-02
1.446678417030755892e-01
1.873279786885904963e-01
2.086158492125916586e-01
2.188220164313723348e-01
2.082811360726608829e-01
1.379959696633922539e-01
-2.483456673881466893e-03
2.567984659459521539e-04
4.582142508568771283e-03
9.671257729117747892e-02
1.034757347326600713e-01
6.201321628899005706e-02
3.411611043811251659e-02
1.080342636023860492e-01
1.158647138862893972e-01
-8.106028855372921296e-03
-5.575775495323775921e-02
-6.112217890790508368e-02
-1.838499474678348122e-01
-1.982328524104513545e-01
-2.373937156603264376e-01
-1.787919324373202501e-01
-1.391160817320113152e-01
-1.323781856595800943e-01
-1.709890400105638364e-01
-2.581608575086548618e-01
-2.827883958456530733e-01
-2.690152084924129494e-01
-2.467421445754080789e-01
-2.223132524586775849e-01
-1.851635386585064880e-01
-1.310232576831880102e-01
-1.273454319981168759e-01
-1.757645870053221038e-01
-1.938815815913514096e-01
-1.084820787810241299e-01
-1.068337744504216924e-01
-1.795262345058818709e-01
-1.972447884073281199e-01
-1.236922935600732604e-01
-6.363970398268448125e-02
-7.089201338852560430e-02
-1.099799631413660855e-01
-1.493532515400823324e-01
-1.184557265801273601e-01
-1.089356351799011385e-01
-6.815976667680949397e-02
-4.615895142353556441e-02
-1.261696300931800137e-02
3.718743361714098826e-03
1.900320934211357365e-02
1.987524328420762348e-02
-1.814420796996193616e-02
-3.583434283122535063e-02
7.221134579943621484e-03
6.905539703408562768e-02
1.382462868658104749e-01
1.526360812727136917e-01
1.769294805918049662e-01
1.526986605733182678e-01
1.390351305266421256e-01
1.493589927603212741e-01
1.612542269734009437e-01
1.720184407994075071e-01
9.398836828779590091e-02
3.221496276818675703e-02
4.916298750136354617e-02
5.129768801060977795e-02
5.353733802582400642e-02
4.673468098909742269e-02
7.869146108313861132e-02
9.930301586299151995e-02
1.030038064290184352e-01
5.364332095143501539e-02
-5.081703305220491851e-02
-9.918130199392578839e-02
-1.439220571940360294e-01
-1.024044230360720981e-01
-3.586012091009823516e-02
1.185228988569230445e-02
6.987237267408814845e-02
1.538899637729002901e-01
1.942754292997433685e-01
2.301660935015127918e-01
2.250920030543291650e-01
2.315508758231474562e-01
2.335637476389231804e-01
2.162970277702822852e-01
1.606697707530758690e-01
1.893362575281750393e-01
2.387790721039849684e-01
2.256454566853639265e-01
1.093260381561497185e-01
4.508683595611411021e-02
-3.422823646937920433e-02
-4.394967246338536693e-02
-5.101516256265106741e-02
-9.733951854127076420e-02
-1.108727228885227345e-01
-7.023808840330923731e-02
-5.647041262149857244e-02
-6.050557185424190049e-02
-6.990739411754574861e-02
-6.182662663122420049e-02
-5.416008818514287532e-02
2.046544072477164428e-03
9.838384650273569731e-02
1.647316840721327058e-01
9.907221880938574254e-02
3.185642356426435229e-02
1.223551633664218992e-02
-9.542080273741381218e-04
2.079923526946417245e-02
4.278414734267621533e-02
7.230607593337888550e-02
9.229815304944913312e-02
9.715235476148101346e-02
9.128884653144180017e-02
1.034435838993219697e-01
9.349347510319844234e-02
3.738539089097997134e-03
-1.509969628944936026e-01
-1.123499388560044582e-01
-3.116793643320951712e-02
5.832046343129769625e-04
-1.249094322507305656e-02
-3.243266983964771671e-02
-6.032644578278668207e-02
-3.494083672543762259e-02
-1.563374459607645012e-02
-8.272466830100069779e-02
-1.225549578307373599e-01
-1.073435948076404134e-01
-8.428972493813835509e-02
-1.087128758346299073e-01
-1.481763013910976645e-01
-1.745382623622824814e-01
-1.228253693039918631e-01
-7.639439886553488213e-02
-6.442452878934888660e-02
-1.039436441821344759e-01
-1.557529897404394403e-01
-1.398216776993782273e-01
-1.648677509917957917e-01
-1.952336389576240505e-01
-2.094500485133110323e-01
-1.811607599079108621e-01
-1.238208968934257359e-01
-1.033919129171714107e-01
-8.100459871741140516e-02
-3.723611916476728123e-02
-1.316312529064927669e-02
-2.850022103697920015e-02
-7.620780920776902556e-02
-1.532567071805441550e-01
-1.469522732361536188e-01
-1.138053381865781755e-01
-1.158606950321221379e-01
-1.511359004242761872e-01
-1.922717434363499511e-01
-2.245775897209192906e-01
-1.842053290006258059e-01
-8.186233702111046784e-02
-3.838947289856986522e-02
-2.001894602678853247e-02
2.512024985790480133e-04
1.882701129298021067e-02
-4.934188392400921594e-03
-3.086072373822332238e-02
-4.326072603471142232e-03
1.017097353871591892e-02
4.565653724042507966e-02
5.793120869909690329e-02
3.989809334075864605e-02
3.560124928952399653e-02
7.729806693114554816e-02
1.021868307890159006e-01
1.021253997324591406e-01
1.087771775013061382e-01
1.232467748695307702e-01
1.267150460158802117e-01
9.879778848196396623e-02
8.020886559229299662e-02
8.698867257246854778e-02
5.703270773170129870e-02
5.206844682768875521e-02
8.679289696232038442e-02
1.389576240534163010e-01
1.497694900074061919e-01
1.413408045746042951e-01
1.497769535937168162e-01
1.266432807628933566e-01
9.552701531183437067e-02
1.098324137812250745e-01
1.676620028820925701e-01
1.827407437176697680e-01
1.423420733842770958e-01
1.064359078878624881e-01
6.112849425016793348e-02
5.219349060449308270e-02
5.253784899442527634e-02
9.114014892725298689e-02
1.201402005982351584e-01
1.154278070261053335e-01
4.796020186130360574e-02
3.852410451317322959e-02
-8.115731517576746379e-03
-5.402132289196746179e-02
-3.773818887466342392e-02
-4.508941950522164267e-03
-3.414062544853282977e-03
-3.967085584370102190e-03
3.460474569264952033e-02
6.665728934027638497e-02
3.959277524845130659e-03
-1.163779789756514832e-01
-1.125881994959208598e-01
-4.938276141211053044e-02
-1.759506025410640870e-02
-7.415647121639233619e-02
-1.217856343187180973e-01
-1.169308584846623367e-01
-1.137140527847788907e-01
-8.328156666417881049e-02
3.570975835204014126e-03
4.986508132438469132e-02
6.594135917647937772e-03
-1.197044419820988709e-03
-2.698953375550439734e-03
-9.177225727556135790e-03
-1.549159198296005957e-02
-2.689267937007331494e-02
-3.871568903254698178e-03
2.432072752742868091e-02
6.551019353653425581e-02
5.893247750876971086e-02
5.348641340230452651e-02
4.364527296631626196e-02
3.977195873210892692e-03
-1.683756365577939937e-02
-1.438336424023562050e-02
4.308521693200673131e-02
1.445667962268700757e-01
1.590065392498521690e-01
6.957555158773445769e-02
-7.453768824025859552e-02
-6.449686816435964976e-02
1.954736219636121416e-02
3.108790382307855676e-02
-4.151034280826046939e-03
-1.386671183093254704e-02
4.769587608150236552e-02
6.411622526251729848e-02
1.107906234391057600e-02
-3.832700842237009298e-02
-1.311168395730828674e-03
7.190017166248514890e-02
2.629473128218671671e-02
-2.217207585300179709e-02
-3.895659063377330394e-02
-2.314888706445667951e-02
-2.322157091268178125e-02
-3.802616848184913606e-02
-4.737792730466933167e-02
-4.624593091015564289e-02
-5.783360795503476176e-02
-1.823842139408309720e-02
3.468805079831667471e-02
4.742598131806934070e-02
-1.811532963216002171e-02
-5.780547597586390557e-02
-5.344163188444071844e-02
-8.655176571228449800e-02
-1.071420779772532805e-01
-1.211954368781540808e-01
-7.495277846353463891e-02
-5.240430821166731229e-02
-3.531097319424270770e-02
-7.486321542780702276e-02
-8.198864386636736667e-02
-3.437664701255604971e-02
-1.872826230487027732e-02
-4.472226847094081664e-02
-7.215623008514229775e-02
8.726023228977088445e-03
6.818043506966971201e-02
6.035572600600531967e-02
3.752570631361989810e-03
1.365968342911602455e-02
3.241418311047829931e-02
1.683251138196912439e-02
1.134597167281934001e-02
3.189959754046124696e-02
3.722245506059857628e-02
4.760453326750067882e-02
4.848661434501289752e-02
8.222173740806871731e-03
-3.462283053640220765e-02
-5.545369992938299804e-03
3.097675379925249328e-02
3.335924537401178946e-02
6.824818146848931309e-03
-3.888293077810758142e-02
-1.431504371939212004e-02
-2.191343388123711752e-02
-1.341143306598384551e-02
-1.101344019657938059e-02
-4.643619494887443397e-03
2.603941921816062960e-02
-2.991881914582125365e-03
-5.113813950016937032e-02
-3.298618088288484546e-02
1.233357637832344957e-02
9.426107624914599470e-02
1.000344473214336977e-01
3.771344421543355169e-02
-9.620734991014989745e-02
-1.534628169871224412e-01
1.940670230050695055e-02
1.002617996428961100e-01
3.374970576246275750e-02
-6.528226709304796316e-02
-6.419717646788648813e-02
-1.877453653999621233e-02
7.602351603809873876e-03
1.389656617617508402e-02
-3.088282743614327933e-02
-5.663507081795164655e-02
-3.551507357373736695e-03
8.375406908984436849e-02
8.529673496805011135e-02
4.619873807979147512e-02
-2.217753001222879869e-02
-3.710171719897346898e-02
-5.747363344605261985e-03
6.041543469649039710e-02
4.994821419344467467e-02
-2.868302148938735308e-02
-5.057400719949017853e-02
3.570993058864731229e-02
9.351988471629760213e-02
7.236061752564890148e-02
-3.865087065604924123e-05
-4.184218533807175836e-04
5.005586207292497813e-02
9.450737459739692869e-02
7.843827327060093335e-02
7.415934182651180706e-02
3.520418649779823855e-02
-5.788011183897025236e-03
-5.242796203905178420e-02
-1.503240918824887140e-01
-1.716343531654217769e-01
-1.351517691570166269e-01
-1.036611761463781672e-01
-5.472341671498860693e-02
2.346281698712244720e-03
-8.101550703586540489e-03
-5.706439926742029600e-02
-5.909839877367535632e-02
-5.571567180888626486e-03
4.586080985652690734e-03
-1.619626935508873197e-02
-2.947433387492177578e-02
9.575321938924899121e-03
1.674283352183673218e-02
-3.179803535443423423e-02
-6.863169498045114392e-02
-3.614167035061632144e-02
-1.925077075881707900e-03
1.233369120272822736e-02
1.855723135395196885e-02
1.959771269785680337e-02
3.041273632297808449e-02
1.786972023033775794e-02
6.404905298572158984e-04
7.520022505583335952e-03
3.141917223086594657e-02
1.044414079768514053e-01
1.459217242032621875e-01
9.772647678537596527e-02
-1.433984579082438204e-02
-9.375757123419012351e-02
-1.638389243249760430e-01
-1.210697041549210901e-01
8.686523633733114411e-03
6.434644819409918171e-02
8.262190045872350175e-02
1.179085882913554345e-01
8.673491063790698952e-02
3.144575408057228433e-02
3.937610159663335052e-02
4.142680805378375769e-02
4.222323012533083647e-02
9.462851434443876608e-02
1.167012096751043476e-01
9.009754333185976405e-02
4.325842954661583695e-02
1.196441591695899002e-03
-2.280498797214360052e-02
2.132099736477991239e-02
5.624931823009662185e-02
7.239334248101091107e-02
3.360422324160777102e-02
4.129343950763295773e-02
3.175095734847484252e-02
-1.819788837919611435e-02
-5.669053100545990570e-02
-2.850601966942053686e-02
-8.808639388215572588e-03
1.781202096693631359e-02
4.984848919789412747e-02
3.819553447889814657e-02
-1.811940589852967243e-02
-3.081083253434685129e-02
-4.499262253199295264e-02
-4.867877298641053174e-02
-2.016879187502511848e-03
3.557788252315147171e-02
7.085239896887685117e-04
-1.320509361059599672e-02
-2.407345317173712265e-02
-2.726338996090229075e-02
-5.114238800314618860e-02
-8.225848121759798959e-02
-5.747937466629157721e-02
-4.579547477020766422e-02
-3.457621182806194099e-02
-2.343807232789257150e-02
-2.368672457644147716e-02
-4.350065162849712369e-02
-6.905769352218120438e-02
-6.867762474236273340e-02
-3.245236222506731744e-02
-4.227576229051722978e-02
-6.549411811986519116e-02
-8.342969014634370184e-02
-3.198026168481849646e-02
-3.329689572221680022e-02
-5.126220726953307355e-02
-6.821660475717509012e-03
3.827694498188645433e-02
8.510382996802140498e-02
8.108612404480448899e-02
9.475482118969566492e-02
1.009920828572904994e-01
9.970317891364630092e-02
6.657863462300277202e-02
-1.551949431332135323e-02
-5.520131588767877157e-02
-7.301741312098473935e-02
-4.886076966798524185e-02
-6.793413672141876761e-03
-3.077431837362713113e-02
-4.347332342015972073e-02
9.259382589175503553e-03
2.702099564241383992e-02
1.617824192353842835e-03
-2.188197199432767581e-02
-3.638716492803380220e-02
-9.120043173976197584e-03
1.066305352539628770e-02
-2.440213803041698520e-02
-5.201637396012148001e-02
-8.119405898529673260e-02
-8.581172242348389378e-02
-4.063761991973773718e-02
5.663346327628474355e-03
2.764644417524500519e-02
4.111138541385585959e-02
2.054518627389065322e-02
-4.098599716383720761e-04
-4.802680001607541500e-03
-1.457730265990733742e-02
-4.982839492705780360e-02
-7.196160271904190886e-02
-5.128655004334621570e-02
6.955258670677865428e-03
5.291384150787409313e-02
2.379167408240947731e-02
-9.010156218602701980e-03
1.976650457288191970e-02
4.914335252814633348e-02
7.947456352373133415e-02
2.684743855459039222e-02
-4.861527509056774721e-02
-6.000091859523824095e-02
-5.238484547505726369e-04
7.787735605325556143e-02
8.263510526527308164e-02
1.100339306116122073e-01
7.876035572600600942e-02
3.155190924279046433e-02
-2.073849315933608620e-02
-3.418856463752806274e-02
-5.836409670511370079e-02
-5.070289759385460289e-03
8.751629071242802982e-02
8.430809684290299644e-02
3.271611388284465655e-02
6.947909908772009757e-02
7.800940411875140201e-02
6.983161001039162041e-02
3.059209204324287237e-02
2.418982770598063214e-02
3.001021937202533185e-02
1.041296597178764487e-02
-3.228770402861424332e-02
6.810063210834831245e-03
5.049248187209710165e-02
7.916396350880415544e-02
3.205242882322208858e-02
-4.706698281652782305e-03
3.738860597431378340e-03
-1.870087668433048633e-02
-4.205340483066270785e-02
-4.403292015685014021e-02
-2.510589680730742485e-02
-1.045436016971047072e-02
-4.282783802869461615e-02
-6.459561715246958657e-02
-5.079223098077265131e-02
-2.997824077529438053e-02
-1.248169986048834786e-02
-3.405066052738849047e-02
-1.171490248537424179e-02
5.550778222403389417e-02
5.503792075967826186e-02
-1.698235723020570867e-02
-3.820500749229241433e-02
-1.493429173436522199e-02
-1.833062539112062864e-02
-9.922034229155064430e-03
-6.377864151246706581e-03
-3.415205047680833824e-03
1.549210869278156572e-02
2.653241780007923115e-02
-1.083494565935043917e-02
-3.667198686408809638e-02
-4.246413172655716384e-02
-1.746634209634916057e-02
1.284488945280430096e-02
2.866619971408723255e-04
-2.896342268585765448e-02
-2.909340391206747395e-02
1.981714213538945599e-02
3.776316318270284828e-02
2.246229453608070137e-02
1.300937541265020578e-02
-1.470010736081846930e-02
-5.369935526096716871e-02
-1.091515050608856535e-01
-9.094494743912871770e-02
-4.316031209273218927e-02
-4.129860660584801224e-02
-1.446270790393790195e-02
-2.246660045125991201e-03
-1.138219877252711308e-02
-1.855562381228506239e-02
-6.935451460853490381e-03
1.013824858335390586e-02
4.500932948288829255e-02
4.523019422548069102e-02
1.792276910534565046e-02
-6.188748356575706454e-04
-9.020547827235200766e-03
-2.017045682889441471e-02
3.102509487366444767e-03
2.284661181887598716e-02
2.165731804637757718e-02
-1.623818026283306223e-02
-1.916700635553080651e-02
-1.895951865609516590e-02
-1.604682539226887431e-02
-4.070375877689044047e-03
4.729927258739573259e-02
6.007785094644015750e-02
4.309589560165117544e-02
1.998805826190298493e-02
-1.936169113383358342e-02
-8.893092737930520519e-03
-3.996962894493596118e-03
-1.888585880042944250e-03
1.717187491029343455e-02
3.569115679846594780e-02
4.278242497660452587e-02
1.375343755561807269e-02
-5.140608224872113968e-02
-7.210398498096785846e-02
-6.488956762870380646e-02
-2.511359004242761511e-02
8.244679324143553562e-03
1.563167775679042901e-02
7.969617462495479435e-03
1.853564436585351805e-02
2.933930037490168133e-02
1.775753678686868217e-02
8.119291074124894425e-03
1.365021041572175679e-02
2.619408769139792981e-02
4.440116202297636483e-02
5.363689078476739647e-02
2.564074888476796862e-02
2.565154237881719576e-03
-1.713869065731230684e-02
3.348819318057860272e-03
3.110248652248549101e-02
4.194615883659913447e-02
2.319274998708225830e-02
-1.854580632567645951e-02
-3.339254445139770017e-02
-3.606249892352120928e-02
4.838022953398515499e-03
4.253796381883005739e-02
3.781879560681827845e-02
3.941755320675856267e-02
2.960397062791726014e-02
7.931782821120801630e-03
-2.164773020857853336e-02
-4.247796806733303288e-02
-4.702817216771253139e-02
-1.261328862836507206e-02
1.419637269705303212e-02
1.276399565963750107e-02
-9.328104995435730629e-03
-2.204921373988827718e-02
2.056889751347751663e-02
4.073585219802617480e-02
1.543773933711871209e-02
1.285149185607909091e-02
5.441534283696656919e-03
-1.497717864955017651e-02
-2.509906475522307584e-02
-1.764879807554297752e-03
5.921896439869329173e-04
-2.999844987053548392e-02
-5.173534122942490682e-02
-6.533164158710291769e-02
-4.128138294513115925e-02
-2.664884974652512520e-02
-1.517071518380516681e-02
-8.220681023544744795e-03
-6.548206155736341350e-03
7.003886806101768635e-03
1.912779382129877956e-02
1.706061006206259154e-02
2.242233564321760922e-03
-1.076266369654206405e-02
-1.583158704551065193e-02
-2.415893994109508114e-02
-1.501202785640060045e-02
-1.327261036060604395e-02
-1.124607444066161831e-02
-1.593624949046670500e-02
-3.981071196872183054e-02
-5.097267753288284298e-02
-6.804264578393491580e-02
-6.113021661623961600e-02
-6.537183012877556543e-02
-6.667049414682597874e-02
-4.031082966373673165e-02
-1.857192887776368262e-02
-3.647690020036858764e-04
8.557346178356748170e-03
-5.580506260800670824e-03
-1.074848288255185816e-02
-1.317231124303159563e-02
-7.714018337457443503e-03
-2.248761331733446778e-02
-3.607914846221416116e-02
-3.221467570717480300e-02
-2.830381389260473377e-02
-2.696381308883390171e-02
-2.961614201482383121e-02
-2.421417047979377776e-02
-2.850045068578875920e-02
-5.850131186882459589e-02
-3.399950625505945151e-02
4.772911774668588299e-03
2.885835835548487480e-02
1.090429959983695019e-02
1.867900263522008844e-02
2.639060966017717225e-02
3.296023056740479684e-02
5.310967453022465666e-03
6.212861481579295617e-03
2.586299152021770756e-02
4.472008680725001600e-02
4.543446684158251869e-02
4.294714058525999495e-02
4.036106534082754133e-02
5.745181680914462213e-02
6.285774978613954678e-02
5.471176203790353854e-02
5.355209296183811168e-02
6.653557547121065341e-02
6.869657076915128280e-02
4.180957520711452158e-02
2.180882884848345596e-02
2.847329471405852727e-02
3.301241825937684810e-02
5.083282140786203607e-02
5.075100901945699822e-02
2.671464413046348990e-02
-1.247429368638010468e-02
-3.293514143496058255e-02
-3.370119245144363035e-02
-5.397987128184224270e-02
-5.781523605027012735e-02
-1.804241613512536091e-02
-8.553958858415767466e-04
-9.068888901647156886e-03
-1.180544152854247526e-02
-1.472462237123878248e-02
-1.400421405565538922e-02
-1.288421681144110396e-02
-1.334891117758168350e-02
-1.498372364062257843e-02
-3.237072207326945061e-02
-4.091090200311173902e-02
-1.548275050379207575e-02
-8.887638578703518921e-03
1.158050051958043215e-03
-2.501845802306822478e-02
-4.658483514086084187e-02
-5.208061821459533669e-02
-2.992898110564419165e-02
-2.434713714052784764e-02
-1.481183150666842696e-02
2.835892960689864913e-03
1.636213320779198593e-02
2.680684812750102133e-02
2.731385528680265601e-02
2.705308906354956383e-02
2.392366473570292640e-02
2.524334161982787900e-02
3.172948518478117819e-02
4.236503826523289884e-02
2.541839142491345363e-02
1.912842535552506523e-02
1.756939699963830370e-02
2.225848121759798834e-02
2.664121392360732296e-02
4.833596472594285653e-02
6.874651938523014538e-02
6.786581620057527409e-02
5.292618513138783176e-02
3.991405393302292076e-02
4.112349938856004611e-02
2.958445047910482698e-02
1.957888149547305084e-02
1.966144024250914609e-03
1.455606014502322434e-03
4.820328512622072854e-03
3.086198680667589633e-03
-4.971305381245730379e-04
-9.629978355599700052e-04
2.433146360927551481e-03
7.333260611210307492e-03
7.810757898483743772e-03
1.427428105569557770e-03
-3.680317374654809136e-03
-8.826953880777820699e-03
-7.942633727372416796e-03
-5.075916155219631180e-03
1.076691219951888580e-02
3.877585702065116779e-03
-7.588515263034004837e-03
-2.688286188346470859e-02
-2.909099259956711425e-02
-1.636029601731552041e-02
-1.339105173413557281e-02
-1.804649240149501163e-02
-1.705808392515745231e-02
-2.040665062952479875e-02
-3.427910368069629621e-02
-2.677699378225848262e-02
-8.833384047445444823e-03
3.345764988890739030e-03
1.162545427405140691e-02
1.675644021380304216e-02
1.413385080865087184e-02
1.362810671780180331e-02
1.728382870495295126e-02
1.947450611152894487e-02
1.237123878309095808e-02
4.956418397166133943e-03
5.167580477554699521e-03
4.478105856618765633e-04
-4.393543423719277301e-03
-5.372186084430385575e-03
-1.047772693608299555e-02
-1.444427858697087431e-02
-1.671361071082047914e-02
-1.791209043570120632e-02
-1.583887839521411905e-02
-1.600118269136922497e-02
-1.999138816964157392e-02
-1.643682648310071728e-02
-9.258349169532492998e-03
-4.948862951331675815e-03
-4.362644176393250424e-03
-3.088742041233443533e-03
3.584065817348819263e-03
1.260347114175646918e-02
1.206035170715183749e-02
1.182737298985526465e-02
1.054535851049782230e-02
9.639738430005912947e-03
6.352373133385770011e-03
2.502408441890239480e-03
2.220503045717337007e-03
2.007182266518926003e-03
-3.484501575964955725e-04
-2.565625017941313129e-03
-2.150035308504469594e-03
1.485804832959197134e-04
-1.519787115553539918e-03
-6.270962630397464849e-03
-7.071116495099868775e-03
-3.408849516876316741e-03
-2.178109875472932985e-03
-4.587240712140958424e-03
-6.404388588750652839e-03
-5.402706411220641047e-03
-3.762847415589709935e-03
-1.975651484966614753e-03
-1.252539054650675474e-03
-2.837787563368718464e-03
-4.410950803483772859e-03
-2.478909627452218715e-03
-7.111592097784464033e-04
-9.155409090648127446e-04
-9.937478111597839933e-04
-5.062556335723595582e-04
-6.020071305955367698e-04
-9.908484949391143347e-04
-1.197457787678193148e-03
-1.219262942145723670e-03
-1.346132426986031702e-03
-1.484891978941204043e-03
-1.619225050092146538e-03
-1.780030887764885630e-03
-1.967435798804677803e-03
-2.358619581005746719e-03
-2.456432750216731332e-03
-2.201413488422829245e-03
-1.811515739555284938e-03
-1.460635323431641987e-03
-1.208457965656020445e-03
-9.299226657633812921e-04
-6.432577980123895109e-04
