-6.074371647629758645e-05
-6.697279566953302224e-05
-8.761689885868176363e-05
-8.548191232417558737e-05
-1.298575480702446111e-04
-2.551610257972871634e-04
-3.777283868741681985e-04
-2.936709938475463594e-04
-1.316808789987587486e-04
1.332160797264779354e-04
3.597639393627079306e-04
3.821175553295124783e-04
4.245797914528841484e-04
1.697266123864619146e-04
-3.734064338622441548e-04
-5.111443205190824637e-04
-7.443326178622800037e-04
-9.830706703172120611e-04
-1.260502413034418883e-03
-6.567889838369263700e-05
5.935146059158551840e-03
1.419437810031232801e-03
-8.355820633348718220e-04
8.133606377401271514e-03
4.094115063877076105e-03
-1.416751432809202141e-02
-5.627635405510769684e-04
-2.006488530804837432e-03
-6.644246582094702654e-04
-3.916352621178241337e-03
8.741794114615773683e-04
6.676420374345209095e-03
-2.599288412505657009e-02
7.096516895721960774e-03
1.039435300654678422e-02
2.515627590595214975e-03
2.510205544825979199e-02
1.888498541424877761e-02
2.973297544843903680e-04
-9.470319900700383681e-03
-1.182707258819786292e-02
9.772654965204805380e-03
-2.569310324740212148e-02
4.805769773663196541e-03
5.757092349538229853e-04
-3.846269318838695800e-02
5.384561956955229850e-02
-6.533968444589828561e-02
1.859992471870337144e-02
-2.039928213906427173e-02
3.675273230777503092e-02
1.245569382021212944e-02
-9.810945362806558490e-02
9.676380045079156778e-02
-1.870782791054072247e-02
-3.928025703185563516e-02
1.713393349255925083e-02
-7.946657824101664713e-02
4.051366041861777928e-02
-4.896129734767859509e-02
-7.377230992592856418e-02
7.761994595878349279e-02
-1.567455178501812527e-02
8.334042829680546327e-03
1.097444468841160883e-02
5.106850149890438534e-02
-9.681264367301030058e-03
-5.233013537190304293e-02
6.793128789270622137e-02
3.690710377616360921e-02
-3.401370298839861278e-02
3.539968543172478804e-02
-1.683332362443594812e-02
2.940541218750419850e-02
-1.683690844808502854e-02
-2.830755994497295702e-02
2.139346576269363434e-02
-2.604934509752960745e-02
2.398583098452700124e-02
3.016763531589017680e-02
-3.000811066350604281e-02
2.194850848931050036e-02
1.892058719411372075e-02
-3.168334356501749860e-04
4.498057473685153351e-02
1.180148590940254417e-03
-2.424371423578280949e-02
-4.619538185093406690e-02
5.098918727566845860e-02
-3.723668350040105351e-02
-2.797529160299870241e-02
7.306251484341041991e-02
7.414401132804272938e-03
1.199647791076477628e-02
8.954867070258061557e-03
2.395513593203174075e-05
2.285123429959266990e-03
1.448147766430814970e-02
1.655691131594395210e-02
8.424313170193984020e-04
-6.552385476086984486e-04
3.368793213928832075e-02
8.981036282896358650e-03
-2.922818746835272388e-02
-1.280174132808753994e-02
-2.411376437850360627e-02
-2.013133897644322438e-03
1.160071337990616763e-02
4.952321845467214795e-02
1.964696208600887756e-02
2.098712600207023465e-02
3.524598611777041840e-02
-6.023646392995253562e-02
-1.176521197510339845e-02
-2.534335889013859464e-02
3.687573656923414517e-02
-5.128807194741063537e-03
4.849504622181992353e-02
-3.162396992332958123e-02
-3.748358822923154171e-02
-5.405667606189197213e-03
-3.467891182678131679e-02
8.540864749084747798e-03
3.517518585070105591e-02
4.973561925588022500e-03
2.895484466511025548e-02
-4.582704122099093280e-02
-4.332326595358549498e-02
1.345615088522738971e-02
-3.983366418268260989e-02
-2.683173285894166829e-02
3.389921268310606972e-02
3.253205056393757011e-02
2.577488203689679708e-02
4.632085067865191960e-03
-2.910585536132781828e-02
-8.541447282927725274e-03
-2.273495158247558837e-02
-3.211486671177569280e-02
1.237001653499908010e-01
-4.819056026312604907e-02
-9.535922173478578179e-02
2.831607390113952301e-03
2.818769240420678987e-02
-7.906888686744666106e-02
-9.587991736981488558e-03
1.343526928747148796e-01
-6.641826826131570771e-02
-1.398300793590335211e-01
1.394254423896434392e-01
-4.570022808440467321e-02
-1.034873612561221928e-01
-9.864650502099361895e-02
1.347819755066924086e-01
-1.164104264595833549e-01
1.740671616710655345e-02
3.569162450764687411e-02
-1.033571873473649178e-01
1.805595013510303756e-02
-5.377190663326805731e-02
-1.461552766363599376e-01
-7.322831293718044809e-02
-1.758342556785847111e-01
-1.707328275744635082e-01
-5.818325618494104082e-03
-4.898235818661694774e-02
2.123243996540645148e-02
-5.611839776307003813e-02
5.810573437352966469e-02
1.701879343798030630e-01
-7.677952886455191583e-02
2.085244865860379770e-01
9.683191210012412342e-02
5.212042318843176925e-02
2.213843692726840673e-01
1.948356134305417875e-01
-8.509631973042125486e-02
5.960060583519669053e-02
3.358733302563596951e-02
3.035852717520377483e-02
5.583721315809519331e-02
6.339290115296890293e-02
9.092569108678409673e-02
1.638342825647620682e-01
2.358769150800087699e-01
1.492991669766045304e-01
-2.949839355090225212e-01
-8.148886688205482509e-02
1.304378413984396967e-01
-7.418097982192387550e-03
1.128428547743129395e-01
2.361166501615411251e-01
2.063303504613219763e-01
2.130095490739952191e-01
1.924261638354028137e-01
1.097422063693354044e-01
1.472771023870444451e-01
1.492857238879204684e-01
2.200700833023395628e-02
-7.420517738155518739e-02
-8.858256072915313140e-02
-7.952886455191944537e-02
-4.107087644457190212e-01
-2.247975694895659182e-01
-3.161187114351393102e-01
-2.187519884568678574e-01
-1.208847344765933418e-01
-1.144143518414790922e-01
-3.106115261042376955e-03
-5.647531176763172928e-02
-2.153002513857583677e-01
-4.042852085695208819e-01
-3.493970774725200790e-01
-3.158812168683876598e-01
2.786573043022364665e-02
3.027204330466968241e-01
3.300771185187508783e-01
4.058154801647226306e-01
3.757029615124370947e-01
1.472972670200705103e-01
1.339720294134780221e-01
-1.919422126427768049e-01
-2.744339339406621781e-01
2.605068940639801173e-03
1.994273244220591823e-01
1.280803717462123958e-01
-6.189153219843791104e-02
-1.398191008366081976e-02
-4.486115529904149968e-01
-4.128238103986771601e-01
-3.721248594076975030e-02
-2.563776253231942470e-01
-5.215537521901031197e-03
-6.798595645335471505e-02
-2.751576202148205419e-01
2.449218732495977990e-02
-1.401910262902004156e-01
6.012578249978714484e-02
2.493715356040203668e-01
1.106258653988340251e-01
5.488073739822461050e-01
3.554823156168360754e-01
6.472376693269045467e-02
-1.749331206337968181e-01
-2.837186271917835345e-01
-4.616871972504402177e-02
1.407146345944444155e-01
1.668479989962493582e-01
-1.428251995178412004e-01
1.860931247563439930e-02
-9.803574069178133676e-02
-1.040893875776898458e-01
-1.008480348444858593e-01
-9.482060198151126551e-02
1.083508466905356155e-01
2.579459856696674214e-01
9.509528909362215121e-02
-2.696885236351903928e-02
-1.419959849975130362e-01
-1.756144611786003840e-01
-1.854899781773860223e-01
-1.843905575745083125e-01
-2.218226139637843042e-01
-3.036278415328705904e-01
-3.269829676066372537e-01
-1.678656408096323993e-01
-7.722920018103358528e-03
1.180670630884151778e-01
1.686693134614608847e-01
1.342888382034656269e-01
3.588341257287274572e-02
3.979938430653826541e-03
3.061842688976219168e-02
5.537835573101275444e-02
5.740983048265169142e-02
-7.839561217585351571e-02
9.944659284917301001e-02
6.944520373000900859e-02
-7.653956973154150967e-02
-2.579661503026935143e-02
-9.170225350976640710e-02
-9.556019591061241936e-02
-1.358847568817411477e-01
-8.905665365674417244e-02
1.015797869718546437e-01
4.360825943368748514e-02
2.135078395612175772e-01
2.047474267687743599e-01
7.824370527372367934e-02
1.538635436877976992e-01
1.450827422108503517e-01
1.101374331766466486e-01
1.879807584590635350e-01
1.778841026514251800e-01
4.800616589667642403e-02
-4.147282479622517448e-02
-1.205323015015929977e-01
-1.929759861625807149e-01
-2.038890855562973947e-01
-9.325649861312135247e-02
-2.665674865457087206e-01
-2.715705560509582700e-02
-1.037062595501942464e-01
-4.601233179335283835e-02
1.211397050586342644e-01
-3.254863037331456876e-02
3.277581857207511468e-02
2.098443738433342365e-01
2.163548616930225932e-01
6.424519297553805686e-01
7.790538754184160863e-01
8.413939586759452416e-01
9.643265236620764957e-01
9.212571080331416473e-01
3.882968950946169007e-01
2.217742188445217255e-01
4.582816147838127130e-02
-1.329263811653365324e-01
-1.894850400828094195e-01
-2.209768196340791135e-01
-2.604800078866120194e-01
-2.133680314389033994e-01
-2.760045348019160572e-01
-3.839995877452803685e-01
-2.665361193387792427e-01
-1.877589474957766236e-01
-1.298476898052096373e-01
1.230013487898979664e-02
8.455837213158094723e-02
6.128256028105017600e-02
4.920461725286001502e-03
6.780335449872962328e-02
1.076403794535832487e-01
1.333547675914018016e-01
1.824982187907493447e-01
2.164722646675300011e-01
1.399053606556642515e-01
-1.041095522107159284e-02
-7.158646370590106278e-02
-1.110434973539520254e-01
-7.328679037295607324e-02
-1.180211325354113272e-01
-2.860644461671513761e-01
-4.464382536531593115e-01
-5.961046410023166375e-01
-6.826221192581206632e-01
-6.034266433055658352e-01
-7.307909465278741301e-01
-5.079067766610055878e-01
-2.349829496825190378e-01
-1.960125558448308769e-01
8.485882516366959061e-02
7.857664577013213913e-02
8.093478757679363478e-02
3.359450267293412895e-01
5.330229473523836470e-01
6.716301537441241587e-01
7.593888771884227396e-01
7.859232937359686977e-01
4.006869418317552389e-01
1.419561038344170079e-01
5.426526798797291079e-02
-9.030305202923423480e-02
-4.475383464104712439e-02
-3.068877905387541391e-02
-1.360615334979364821e-01
-2.364056765682482908e-01
-4.514659688209963218e-01
-7.023834596236830929e-01
-5.850118523231897516e-01
-5.904943919915038864e-01
-4.256754031806347371e-01
-1.859188127064073937e-01
-1.117402974507422792e-01
7.641141228608684666e-02
1.348182718461393703e-01
1.537497255369393578e-01
5.342036986417999372e-02
-1.099933680762491955e-01
-2.058351966947925826e-01
-1.403651142886589431e-01
-2.581297078816828794e-01
-2.245712774967176251e-02
1.683442147667848221e-01
1.669062523805469322e-01
2.583963291405833029e-01
3.210388818935038246e-01
2.002350300004928918e-01
1.446993901318766873e-01
-6.814032792174329334e-02
-2.411958971693335951e-01
-2.596398148438585074e-01
-1.914336157875633215e-01
1.923289254939214822e-03
2.393026621796623676e-01
9.522411869351100899e-02
3.618341750200525578e-03
-1.028089333805334987e-01
-1.638208394760780062e-01
-1.839075025877945357e-01
-1.195758257417224163e-01
-3.572635248674735364e-02
-7.452355453188924672e-02
1.540452494365105243e-02
-2.642687183807351445e-02
-9.414732728991812016e-02
-2.028519512643224641e-03
1.303074434382043602e-02
6.732746915931403162e-03
-3.311503250986946173e-02
-2.658572433602344239e-03
-9.570560531987828967e-02
-8.154308733974717505e-02
-4.153511110712796925e-03
1.264132046979113688e-01
6.211155074990029612e-02
1.589719173877389979e-01
3.798031035610741624e-01
2.945044653459578665e-01
1.551166636046298064e-01
9.383365522062347627e-03
6.731133745289318016e-02
2.165383598535599308e-01
1.391633021603043419e-01
5.220645895600973391e-02
-2.604755268570506377e-02
-5.107186227107540083e-02
-6.694770190398945109e-02
2.231227846910105797e-02
3.235101696965894669e-01
3.736439284289957974e-01
3.478331981556082031e-01
1.469645505751401293e-01
-8.051379484950461907e-02
-2.513409480962345843e-01
-3.984621106545439551e-01
-3.179805792178810875e-01
-1.475589591464534778e-01
-8.746902488315713708e-02
-8.797829389280481180e-03
1.845854823604271000e-01
9.982322338380465732e-02
9.114458938085613637e-02
2.129461425057020962e-01
3.068810689944121428e-01
3.180433136317399878e-01
2.303518056308617445e-01
1.529612883856194816e-01
-6.520816622827260711e-03
-9.583734758898203310e-02
-1.293473828546846949e-01
-1.380762043887203416e-01
-1.909344290944287315e-01
-1.938663667364213250e-01
-1.381682895462061356e-01
-1.463262279141255284e-01
-8.536562960705850953e-03
4.890685283850817328e-02
1.150748555988223842e-01
2.334683616907820558e-01
2.124113316275547392e-01
1.466479658366306137e-02
-6.025595640854441992e-02
1.263713070715127493e-02
1.070569494046952203e-01
2.391054968789628823e-02
1.710417945627187297e-01
1.146522945111868724e-01
-5.784359414419056045e-02
-7.926650027110228314e-02
-2.104723901363577121e-01
-1.772737864251690276e-01
8.021065319967915497e-02
2.007606547680394760e-01
2.244838974202712778e-01
1.273367448905060317e-01
-5.425809834067474996e-02
2.106092855894570182e-02
1.488911692350434329e-02
3.948078310472613595e-02
4.238224974570157372e-02
-7.717990885585872263e-02
-1.953442102857552432e-01
-1.334367704323745352e-01
-8.990468850123002620e-02
-2.703965263058840107e-01
-1.394872805975901076e-01
-6.141743927084686999e-02
-8.681367430980942157e-02
-1.439573316365168054e-01
-1.441455348780935897e-01
-4.964734297352158682e-02
-9.608290800894413175e-02
-2.123420997208318450e-01
1.826528143106159741e-02
-3.026733822363025794e-02
1.523117631507014957e-01
1.590980583698910766e-01
1.782069608313206072e-02
1.601578218611507953e-01
1.176821426490950451e-01
5.828923253406702309e-02
4.422305668950497759e-02
1.103677580961001520e-01
1.666810806450890192e-01
1.316990271684822245e-01
-5.348355238099505166e-02
-8.359405456997799633e-02
-1.905400984930297192e-01
-2.344362640760341010e-01
-1.877587234442985586e-01
-1.568597841039957308e-01
-2.379381886782306887e-01
-1.461355601062900023e-01
1.313844588932753035e-02
1.656898769061179166e-01
1.324885845771924531e-01
2.649520753888413016e-01
3.341481338752391173e-01
6.616016095858183454e-02
1.559281780581906474e-01
1.245690369819369564e-01
-3.355103668618901469e-02
8.367717766834106841e-02
1.122197676138069478e-01
-6.682402548809614207e-02
-2.986740633527959141e-02
7.569175893853371563e-03
-5.059978580678696491e-02
-1.551818625847474487e-01
-3.962910518320688497e-02
6.752194584227670660e-02
2.518809121583774902e-01
2.707236414638626854e-01
8.578258940774231844e-02
1.405981278258492673e-01
2.274413769307635693e-03
6.548218118594928416e-02
5.565326689460169812e-02
-1.290186993363595103e-01
-2.981094536280655682e-01
-3.827247348350756861e-01
-1.199654512620819680e-01
-6.983796597106151083e-02
-1.074031089383096632e-01
7.037031228295012597e-02
-5.123317933528407503e-02
4.188776813360637480e-02
1.289987587548115100e-01
-7.471041346459762235e-03
1.556496820709526163e-01
-6.738079341109412534e-02
-6.348901923705989325e-02
-3.802579280615514534e-02
-2.066955543705721876e-01
-7.853407598929930400e-02
-1.220007348888480642e-01
-1.110697113768859406e-01
3.973216886311798507e-02
-1.222400218674242478e-01
-1.955189704386479654e-01
-2.268610836025685140e-01
-1.542740059956175525e-01
1.301788378897935326e-02
-6.221954356232887312e-02
8.072193867262941747e-02
1.814429363290509523e-01
-7.156853958765566071e-02
3.680986543468227346e-02
-9.459050111353582702e-02
-5.587978293892804232e-02
1.662244637327872365e-01
-2.930145230168083176e-02
-4.949498796843562753e-02
1.904399474823335187e-02
-2.295967521497739028e-01
-2.406156038411385312e-01
1.139169575601690215e-01
-9.551852233569184392e-02
-1.321988860160510371e-01
3.131701939837697179e-01
1.219823626676465184e-01
-9.717381465565527732e-02
-3.211195404256081409e-02
2.790807615957842033e-02
3.944963994927473683e-02
1.322681179227739312e-01
3.182135927550713284e-01
8.216034916182342329e-02
2.795154214632353806e-01
3.402647392264846471e-01
-4.350967678333773556e-03
-5.723395007236862370e-02
-2.032810098448219194e-01
-4.067363317395804589e-01
-1.703586616060906167e-01
-8.261629391969098346e-02
-1.463517697826252455e-02
1.484083382998077627e-01
1.782000152355004974e-01
2.453856598091977426e-01
1.262828067376760288e-01
1.531506118845865905e-01
2.567069809959536264e-01
1.454811057388545603e-01
1.525940680130666860e-01
9.973091417484081234e-02
-9.326389231189757822e-02
-2.068579916921711725e-01
-1.748815887938412750e-01
-1.752270761730214954e-01
-3.466748520139987244e-01
-1.187685682662448505e-01
1.966235442255212258e-03
-3.007241343771144826e-01
-1.108965195843396867e-01
-5.201758355999874101e-02
-8.871631946155948342e-03
-1.088715423255647158e-01
-1.242183964187611733e-01
-2.675779587117936217e-02
-1.620535214170807647e-01
-1.581028217043147777e-01
2.861719908766238024e-02
-1.511345966849343136e-01
-7.596980682281559948e-03
1.210928782997181333e-02
-2.301008679754260045e-02
-6.526955633326313351e-03
8.109744894987072628e-02
1.731449657873392889e-01
2.404408436882457811e-01
2.673583882632873387e-01
1.799117685279369716e-01
2.166721185859663001e-01
2.017890510523697722e-01
1.048088168737649067e-01
3.040020075012434542e-01
1.012750769616826974e-01
-4.574190165932524865e-02
1.397066269946182770e-01
-7.442922885962277579e-02
8.098363079901237105e-02
8.561880777727490233e-02
-7.429748659051903237e-02
-7.538055143549782233e-02
-5.208502305489708800e-02
-3.849069962314541349e-02
-6.278012036045400868e-02
8.657461138271128898e-02
2.618579244767277880e-01
3.050550494481611974e-01
2.520534317964895354e-01
2.937561334092120835e-01
2.327245107835976268e-01
-1.609377450563041073e-02
8.764064831535692268e-02
-5.469096579630135929e-02
-1.753460475078753768e-03
9.542733338411833743e-02
-3.277716288094352504e-02
-1.417468397539018432e-01
-2.847022131805003187e-01
-4.969170516617897881e-01
-5.614192316826713824e-01
-4.286866550458633407e-01
-3.281906050734216262e-01
-1.510835129479349281e-01
-1.816553371302590258e-01
-2.449801266338953731e-01
-2.707482871264501600e-01
-2.981878716453892353e-01
-1.253404462209237180e-02
1.611548509385516137e-01
7.603455769997713443e-02
2.822802167025895703e-01
2.048950766928209488e-01
2.284944188776813212e-01
3.355955064235558449e-01
1.751887633702719493e-01
1.063865873823169605e-01
6.034244027907851443e-02
-6.744106325869431151e-02
-1.113208730837997179e-01
-1.275914914210689033e-01
-1.895874316082863179e-02
-1.172678714661480517e-03
-4.819660965303387834e-02
-1.422480429103390731e-01
-2.254226731133744943e-01
-3.002357021549271199e-01
-2.684338353580118519e-01
-1.562678400989411243e-01
-6.169952008173397451e-02
5.914130030515810793e-02
2.666234994152256177e-01
3.841138539990948120e-01
4.442604732863422168e-01
4.356053646885908459e-01
3.839973472304996638e-01
3.489646581198496134e-01
3.232838777037411737e-01
2.878210097552013069e-01
2.021141497470458903e-01
1.557814243400563736e-01
1.996793823348852470e-01
7.320949261302275857e-02
-1.100668569610553649e-02
-1.383889802521026946e-01
-3.813916285405734019e-01
-3.646124133480908025e-01
-3.953903648902371559e-01
-3.249351370970993691e-01
-3.486845937722650723e-01
-4.352222366610952187e-01
-4.925278832064454715e-01
-3.231852950533914970e-01
-2.992745213140170918e-02
1.313716879590254571e-01
2.580468088347978584e-01
4.385919708912319748e-01
3.650560352746646808e-01
2.091027634509304567e-01
1.907233726020890474e-01
4.594018721741507244e-02
3.515591742358724348e-02
-3.833767246362523862e-02
-3.263959527341001726e-02
-6.097538570461948776e-02
-1.578099864224804250e-01
-2.298185631130608420e-01
-3.066099667059503098e-01
-3.650403516711999141e-01
-2.819105317637780050e-01
-2.349829496825190378e-01
-1.433833117497076148e-01
-5.103489377719424430e-02
-1.744664214049820167e-02
1.204471619399273136e-01
1.966040517469293536e-01
1.709445562212373870e-01
1.751226681842420196e-01
8.070692722359888716e-02
-1.590953697521542420e-02
3.054000887243852810e-02
1.557655166851135697e-01
8.500423457293546092e-02
1.664617342480608497e-01
3.695034571143065993e-01
2.929473075733880494e-01
1.386845041516738819e-01
2.253711412734189512e-01
1.650638770763970531e-01
1.811250072816730228e-01
1.976615747234084230e-01
1.816078382169087069e-01
-9.459184542240424041e-04
1.009071844346957070e-01
8.977137787177981443e-02
8.071925005489261062e-02
1.358327769388294470e-01
3.758194682810321596e-02
-1.313795297607578128e-01
-1.758710001209878027e-01
-3.573374618552357940e-01
-3.610589569059386439e-01
-1.098504232332420533e-01
-1.467115964564018327e-01
-5.765113392453049407e-02
-1.074098304826516803e-01
-1.464438549401110290e-01
-1.049031425460313777e-01
7.009159224423403521e-03
3.878980834636565778e-03
-2.397418030766748642e-02
-7.854438235729041540e-02
-1.099467653688111363e-01
3.510685014989043534e-02
1.329960611750155564e-01
1.681490659293879142e-01
2.235753686767071383e-02
-3.463656609742653963e-02
-1.075382119795844221e-01
-1.479557543141112042e-01
-7.026366377938994545e-02
6.725689294372273926e-03
1.162860778892558372e-01
1.686823084471888168e-01
8.555629741489403917e-02
7.124635356219444215e-02
-6.000658711345518287e-02
1.104013658178102861e-02
1.138997055963578003e-01
1.410782701433481445e-01
8.487809359078340998e-02
-1.476149720159703740e-03
-8.578751854025980228e-02
-2.078299270040284419e-01
-1.830989008034485943e-01
-1.346473205683737795e-01
-8.775536267212753760e-02
-5.107948002132969845e-02
-1.093252465686516128e-01
-1.524697194427391544e-01
-1.913894776463840319e-01
-1.974825575924324117e-01
-2.220504743169790518e-01
-2.886880889753229429e-01
-2.335803874298158500e-01
-2.069328248858457453e-01
-2.355273947742232976e-01
-2.595972450630256723e-01
-1.348603935240160756e-01
-4.424411752844333370e-03
4.683056779125571029e-02
9.509775365988087925e-02
5.375689518423752700e-02
-7.059794858466680867e-02
-1.282770889439557582e-01
-1.911669945286628702e-02
1.323949310593601769e-01
3.719837069765148940e-01
4.344537400913233705e-01
5.025900350864613841e-01
3.683787186944071923e-01
7.090669152144396525e-02
-2.701119809287381556e-03
-1.011811993923723840e-01
-7.146233918705161003e-02
6.851763061080913542e-02
1.791264680973100321e-01
1.126544274812580904e-01
-3.801593454112016379e-02
-1.578751854025980672e-01
-1.788616392502341279e-01
-4.358249351370970665e-02
3.850884779286888743e-02
8.013514785157035969e-02
1.748932394707007898e-01
1.006811164933254926e-01
6.137419733557981927e-02
2.090958178551103816e-02
-1.058654436443317096e-02
1.358968556615567924e-01
2.651828484112509488e-01
3.422610378960669886e-01
3.089893934030282785e-01
3.101768662367865859e-01
1.929820355524885234e-01
1.406362165771207484e-01
1.099971769513763409e-01
-7.650641011278749848e-02
-1.468099550552735000e-01
-1.689699905450276207e-01
-2.658908510819445459e-01
-3.302160304351527409e-01
-3.955651250431299060e-01
-3.633689276448156535e-01
-2.143164413455635464e-01
-1.518753108714258060e-01
-7.157055605095827278e-02
6.617875723126144527e-02
9.741153327388500649e-02
4.717717542782629003e-02
-4.107222075344030970e-02
1.767817693793325914e-02
2.553066592580311225e-02
1.820523563493947963e-02
7.845633012640984560e-02
9.099917997159026606e-02
8.024829384799450627e-02
1.097433266267257429e-01
8.823684929849480441e-02
-1.133299426876318954e-02
-9.430057850091637384e-02
-1.649818742354243195e-01
-1.492843795790520511e-01
2.741449075339549846e-02
1.523561253433588780e-01
1.342962319022418527e-01
5.107791166098322316e-02
-6.101817953693040170e-02
-1.119040790812096953e-01
-7.210693528945209688e-04
1.053373543105263904e-01
1.344835389379063773e-01
-4.307255234962784757e-02
-1.454618373117407548e-01
-1.721400949082060872e-01
-1.436752508256296801e-01
-3.414746172080496828e-02
2.512401249311041473e-02
2.360942450137343274e-02
2.524858511491600427e-02
-5.953675116394742395e-02
-1.576399313506270938e-01
-9.172443460609509824e-02
8.947540586925251810e-03
1.241677607847178760e-01
1.799879460304799339e-01
9.941701805406809311e-02
1.283028548639335298e-01
1.188575167030376800e-01
1.603222756460524201e-01
2.058663398502439956e-01
2.007335445391932871e-01
2.274212122977375128e-01
2.496672835550695912e-01
2.568862221784077304e-01
2.203199007003849297e-01
1.420490851978150615e-01
5.886033975166133497e-02
-1.580801925050299289e-02
1.352361278527354450e-03
1.658939878026375117e-02
1.948219462903796884e-02
1.879608178775155070e-02
-1.980498559348995921e-02
-1.297683755819737106e-01
-2.191705166178981312e-01
-2.719155953271823467e-01
-3.117743532754085334e-01
-3.100715620420947394e-01
-2.762644345164744775e-01
-2.165076648010646754e-01
-1.521320738652912896e-01
-5.505101652155599407e-02
5.621429179568297047e-02
9.805299265559254407e-02
2.777723009638694354e-02
-2.785654431962287722e-02
-8.264855733253272108e-02
-8.449787823250269614e-02
-2.221174657089212620e-02
1.900178344976541714e-02
6.094581090951456392e-02
6.948799756231992253e-02
6.020688913484761873e-02
4.646760439678620375e-02
-2.514171255987775536e-02
-1.010906825952330723e-01
-7.969533480012366833e-02
-1.816949942418770100e-02
-3.453663913820839010e-02
-6.293045890223736456e-04
3.246326676017081275e-02
4.605355726531727700e-02
3.744348301465744849e-02
-1.773051536320984954e-04
-5.992368806657016878e-02
-1.112337170588314356e-01
-1.594937332801584506e-01
-1.712497143343654771e-01
-1.541711663671845034e-01
-1.650963645407168556e-01
-1.690347414221891609e-01
-1.094121785421418441e-01
-2.956874571501548303e-03
8.762474066041411880e-02
1.424512576009464015e-01
1.016671670483010048e-01
2.567114620255149526e-02
3.151015177247123988e-02
1.148586459224871514e-01
1.323830563310225972e-01
1.499475719541321639e-01
1.945492756415714009e-01
1.705887624740660413e-01
1.024762169356031177e-01
2.658124330646209274e-02
-5.341588883461863974e-02
-8.847949704924201741e-02
-1.023431303576309570e-01
-9.860729601233178543e-02
-4.236118890676321413e-02
2.097556494580194233e-02
3.389405949911051402e-02
6.887454461537081962e-02
1.012896403077570978e-01
1.103399757128197683e-01
1.446359835635835367e-01
1.142525866743142882e-01
9.572442564403596532e-02
9.463083037958801291e-02
2.849822775280848319e-02
-2.435865264403149280e-02
-3.632120916101683195e-02
-3.257798111694142768e-02
-5.277532565882336879e-02
-8.946106657465618950e-02
-1.205300609868123207e-01
-1.152440144647634140e-01
-8.151418469907645292e-02
-5.422650708226722099e-02
-2.740664895166313245e-02
-3.857673539072336427e-02
-8.223966338505935003e-02
-8.037465888162463601e-02
-5.990217912467567934e-02
-4.220390476915976408e-02
-2.318731151669407506e-02
-8.699134713191702603e-03
-4.769294193033790652e-02
-3.306417282434812033e-02
1.887669550956027481e-02
3.878331085350169433e-02
6.168226811792276720e-02
7.182821525073600222e-02
4.958752122887754438e-02
1.684766291903227672e-02
-2.999332326595358436e-02
-2.016886759901954929e-02
2.612036941607703833e-02
6.868141224127655153e-02
8.238059176476386636e-02
8.552000107544707741e-02
8.974449169441170437e-02
9.813454739360914780e-02
1.105333321383921152e-01
1.194837405842366224e-01
8.874947908031348420e-02
2.311583909519051086e-02
-3.117609101867244853e-02
-7.562992073058705245e-02
-9.498415956050060283e-02
-1.125002800643475770e-01
-1.044969372162947996e-01
-7.487800397019218901e-02
-6.949225454040319772e-02
-1.108615675537611422e-01
-1.390920537902788356e-01
-1.090498873021065324e-01
-6.327549817846148117e-02
-2.821726719931171370e-02
-3.715938574046772584e-03
1.571595649816501933e-02
3.326380269130635448e-02
4.805971419993457228e-02
5.479111680699757375e-02
5.757069944390422883e-02
6.004019483516531697e-02
6.314061918866478718e-02
6.578173801212566785e-02
6.305727203882363630e-02
5.375241415467617995e-02
4.578850436676330099e-02
3.419092770755008392e-02
2.170798922760493535e-02
7.937875006161415614e-03
-2.727557883699358726e-02
-6.199145915765605364e-02
-8.960625193244398101e-02
-8.467599915756644779e-02
-4.851386654597759918e-02
-4.480245381178779573e-02
-3.346007178609357313e-02
-2.990773560133175996e-02
-2.931444728740875347e-02
-2.021475334172779387e-02
6.468926300506804179e-03
2.736900830334777768e-02
4.496130630973772108e-02
5.890851081944586953e-02
6.661632976792747352e-02
5.925534250749452114e-02
5.060359468191411025e-02
4.399631659370056846e-02
4.014711220049918539e-02
3.593897733943350603e-02
2.644770862553380217e-02
1.332947217952796734e-02
4.809556243642538857e-03
5.169248486532265633e-04
-2.542580983406747108e-03
-2.240581996119428432e-03
-6.913175571219242182e-04
7.555665589725894023e-04
3.159260271640011806e-03
5.764956556418401705e-03
7.107114530634557441e-03
7.337417044940244826e-03
5.878371414616221638e-04
-6.559868795454443582e-03
-1.082130550315240324e-02
-1.348816784144324897e-02
-1.101768662367865609e-02
-5.115677778126302006e-03
-1.587019353566675346e-03
6.782486344062410837e-04
1.434933210254387900e-03
4.875337757603186227e-04
-2.312099227918606482e-03
-2.680484668157355737e-03
-3.382505164386569521e-03
-4.589358450997700969e-03
-5.352657026478403052e-03
-5.859147797798021536e-03
-6.264591352509151986e-03
-6.641445938618856411e-03
-6.914407854348615309e-03
-7.072879464785828546e-03
-7.101468433387254572e-03
-6.976044415965011389e-03
-6.761851202932385452e-03
-6.485058006927670385e-03
-6.011390777144956163e-03
-5.404502538503245732e-03
-4.704677746759095523e-03
-3.950610092174777592e-03
-3.175750460425787094e-03
-2.393183457831271274e-03
-1.613791264680972939e-03
-8.451132132118675247e-04
-9.740503578102104292e-05
6.242253420145812146e-04
