7.973165209609233556e-03
8.295543341058298631e-03
8.933554173818381364e-03
8.452558254469682078e-03
7.079295536662415234e-03
6.246488703074180165e-03
4.535787512272008125e-03
3.586892493872344441e-03
3.809912442981079270e-03
4.776345579739666412e-03
6.215065684460800190e-03
6.124650206036158333e-03
4.543240878642365935e-03
4.571765365889495121e-03
3.536421983423606533e-03
4.090562408586064999e-03
6.072750465835398057e-03
6.021692234740968347e-03
5.228296077632554363e-03
4.590418817746491804e-03
4.575378512131756011e-03
8.914186107085372845e-03
1.515798331674803566e-02
1.707134795065818125e-02
1.883030234220034460e-02
2.082861932398768351e-02
2.214651608551335485e-02
1.807414630236891390e-02
1.445766073825727541e-02
8.835177752102102433e-03
9.053702974000038886e-03
1.392450461160347694e-02
1.823890844247350387e-02
1.953229458161636484e-02
1.811729034067761576e-02
2.581182253507957602e-02
2.168188284323219542e-02
-5.182974801477315853e-03
-3.489310830756490317e-02
-4.808610107459377475e-02
-4.256580133706447389e-02
-3.253975462663042523e-02
-3.606567778215600401e-02
-4.086187896961884780e-02
-2.952868811401780647e-02
-1.031897202316153610e-02
8.234901256252879359e-03
1.647180610561607000e-02
1.138561820865418607e-02
3.035623885501332470e-02
5.696221891258322623e-02
7.689656784500203957e-02
7.632153662234274216e-02
5.586017591547508959e-02
4.679879250121885687e-02
4.170565881480789439e-02
2.925619945101548894e-02
9.845456184757999524e-03
-1.413741977279254006e-02
-3.332636528173858054e-02
-1.926942316554354148e-02
-3.426918941301400345e-02
-5.210878174860249235e-02
-6.220275026547609359e-02
-5.209281979015701475e-02
-4.506935771483527170e-02
-4.489137186020263764e-02
-4.998510662454668657e-02
-3.884586358202376383e-02
1.168989721567344035e-02
7.429790758092846663e-03
-1.213135556431199896e-03
7.157569240838571219e-03
5.808162638331408091e-03
2.250368995064482621e-03
1.882215439688508102e-02
2.062525462329110187e-02
2.605866520626991256e-02
3.109242575017865523e-02
5.632594452718542311e-02
6.180416880939818697e-02
2.204266317596222449e-02
1.436001896734811177e-02
-1.013250429102857810e-04
-3.913685208807795440e-02
-6.193600523605666264e-02
-2.500891598934088661e-02
-4.885995552023294879e-03
-2.921131896534451614e-02
-4.494687138935824638e-02
-5.637429790758092391e-02
-8.646439281110791797e-02
-9.350769045822174275e-02
-4.360359578176863787e-02
4.218879190014091646e-02
8.678897489497833240e-02
6.660504504745176635e-02
5.592462482719010031e-02
3.097895559369803070e-02
-3.397392657499114996e-03
-6.627465254356146307e-03
2.599054304051933578e-02
5.102804362490065415e-02
6.189359584855507607e-02
5.097581663115854228e-02
2.500530952174232630e-02
6.930962860062378668e-03
-6.658768057382907259e-03
-5.033252966987464272e-03
-3.686217282994169644e-03
3.644141827677635243e-03
2.476935303978467992e-02
4.536615664090935807e-02
4.379266818494499669e-02
2.274392076457113290e-02
6.511557392924644493e-03
-4.728680099645364739e-03
1.043377790838236540e-03
1.459443936125451660e-02
1.342854853036445570e-02
1.342768030668331850e-02
4.431406989868497646e-03
-7.614522042863535942e-04
-3.219747413695226747e-03
-1.888132718007626970e-02
-6.846878735866319954e-02
-1.270705465134140399e-01
-1.709786216615129806e-01
-1.994389939291128788e-01
-2.235322010806045645e-01
-2.514549425302709529e-01
-2.984291830015160518e-01
-3.301874695286881600e-01
-2.991237619464239272e-01
-1.806826909591200125e-01
4.792207358529630180e-04
-2.132397432729361483e-02
-1.076437077158370753e-01
-1.924451182453867371e-01
-2.189426371292517715e-01
-3.088044559910773645e-01
-2.948394120122085904e-01
-3.152413327901369966e-01
-2.760143190120950552e-01
-3.258697263759675611e-01
-2.670742865538866528e-01
-3.297333217570175834e-01
-3.333377857624673229e-02
9.645230446600905339e-01
9.438459637616792852e-01
1.000000000000000000e+00
8.599087697270438868e-01
3.658327266898637742e-01
-1.304092004995625331e-01
-2.865926227701678375e-01
-1.654720799300078149e-01
-1.952174232456872494e-01
-2.166658874915682043e-01
-2.334793730089293473e-01
-2.238494366564038329e-01
7.454969244845756349e-02
2.826669160026981653e-01
1.399970613967715383e-01
2.182620833361161028e-01
1.347443081259057894e-02
-8.379427105943325349e-02
-1.141353493932452112e-01
-1.190929066125251401e-01
-3.546152767296018027e-02
2.433811301600870974e-02
5.258036078033272859e-02
-3.196986595962092448e-02
-6.283094349199565276e-02
-8.497371953703643233e-02
-1.178934222038188415e-02
1.462582898664939179e-01
8.667677368080091427e-02
-3.288630944827724417e-02
-1.513400698586131292e-02
3.964282613486853207e-02
7.744755595033760154e-02
7.184550961390760715e-02
5.318357587941040937e-02
3.772825934509219797e-02
3.959761171701251317e-03
-4.795840540702994009e-02
-1.160521201354429016e-01
-1.419879650840507324e-01
-9.931143183442306399e-02
-3.601097969024450677e-03
8.206116301901410226e-02
1.285745770748876193e-01
1.701658307230967393e-01
1.307464720064649422e-01
9.834770354836340489e-02
1.066258824157989976e-01
5.454161128957930871e-02
-6.902845770081012314e-03
-1.477182413795406421e-02
2.671724626162918712e-02
5.340410469441866231e-02
3.798952788667677577e-02
7.998076550614102069e-04
1.227601498687646599e-02
5.738076951332723302e-02
9.048827564098282927e-02
7.229898952120804301e-02
-2.579385698352378714e-02
-1.125351463624767179e-01
-1.218505185966833881e-01
2.458121564672646059e-02
1.051011480588522201e-01
7.370818334212687895e-02
4.885060541905150017e-02
8.768925606587814336e-02
1.205835798865966257e-01
1.670021572019154410e-01
1.488562822661973761e-01
3.315545878942904173e-03
-8.671818127174732438e-02
-1.522964516366016319e-01
-2.859781875496724204e-02
1.538993261248505773e-01
2.636868784687205758e-01
1.848848935758126422e-01
4.853316948394120756e-02
-2.154904462001856758e-02
-1.084745309922461043e-01
-1.381303804823316439e-01
-1.253995498594145663e-01
-7.508531967328074819e-02
2.142174967107679691e-03
7.088979570028919319e-02
9.781274418791031933e-02
8.164775497391989212e-02
2.346768538245253347e-02
1.672018486485764375e-03
-3.489244044319479710e-02
-8.994864122993902200e-02
-1.202242688554808342e-01
-3.276215346187496408e-02
3.641022901069251166e-02
8.484882889982701959e-02
4.513173624700295844e-02
-1.190287916329951616e-02
4.626062739178927324e-02
1.437110551589183272e-01
2.001215513153588865e-01
1.264868330539433983e-01
6.168061390092900720e-02
2.229832165683793069e-02
-4.745203064161730017e-02
-1.358983777574450102e-01
-2.112268000614435370e-01
-1.312440309621921986e-01
1.888914119320648510e-01
2.650466503262517426e-01
1.969151344744909382e-01
9.685836600303210364e-02
2.973245353333645036e-02
3.427072550106524673e-02
2.695373703508291766e-02
1.942563664171080215e-02
-2.698379093173758000e-02
-6.999218598686979265e-02
-7.665680453613481216e-02
2.252218979369669666e-02
6.845609793563123269e-02
6.637957403610475482e-02
4.747326872858659980e-03
-3.485617540789816282e-02
-4.356893362096025263e-02
-6.777754773560586143e-02
-9.919455556965491028e-02
-1.087897629749350614e-01
-8.211526003299250698e-02
-7.216875596903780943e-02
2.183642665847419784e-02
1.312086341505767084e-01
1.686684788053242345e-01
8.786089720899480093e-02
8.199036939578310812e-03
-1.462856723056681595e-02
-2.196238587867575809e-02
2.247129852869479347e-02
2.168148212461013316e-02
-4.746278325797597536e-02
-5.613219707341833564e-02
3.939404665700489694e-02
2.285251551114999419e-02
-4.319459564151712644e-02
-9.399055639780673488e-02
-1.403870941889121260e-01
-1.582130620913504981e-01
-1.782456538726115772e-02
1.076490506307978962e-01
8.937494573601992287e-02
5.818260747607376104e-02
-5.266117236911528610e-02
-1.697477476274118213e-01
-2.262110050690905871e-01
-1.843666308246121599e-01
-3.921051752810039703e-02
2.529042082133960492e-02
-1.645557700142255336e-03
-3.842851513714595074e-02
-6.600817465989007593e-02
-2.878308433123401636e-02
-1.740902017618262132e-02
2.142315218625401307e-02
1.975609593203812159e-02
-2.719036138141066664e-02
-7.481884178960937493e-02
-7.367011507303097839e-02
-5.344043651615230234e-02
-7.731131161883644798e-02
-1.052901536755915524e-01
-6.421402381604345011e-02
8.044493124336310474e-02
1.795620145460859740e-01
2.054056942116194995e-01
4.631919909704737548e-02
-8.446547475138749261e-02
-1.162397900234420495e-01
-1.014158724646199022e-01
-1.151331387621801761e-01
-1.070646693069571553e-01
1.111867281992373136e-03
1.631358903633850221e-01
2.066238788226886780e-01
3.428662067307371338e-03
-1.232196405553960122e-01
-1.808743680333397830e-01
-1.515965297767329356e-01
-8.022253240811856589e-02
4.190949102056354403e-02
1.973626036024604402e-01
2.763656156707695599e-01
1.476734944667436877e-01
1.047779017037220144e-04
-2.755274458862894127e-02
-5.870761565741228899e-02
-7.647514542746658428e-02
-1.007800655842811532e-01
-5.126059399857077481e-02
7.143677661940413259e-02
2.011106584474824654e-01
2.134608063794404542e-01
7.445752716538325822e-02
-3.701230874034101143e-02
-7.617327073217970701e-02
-1.321409728112414930e-02
5.908589403663904588e-02
2.306289278773266879e-02
-3.464339381958311814e-02
-8.029332603134956003e-02
-7.712898464579813484e-02
-7.204854038241914616e-02
-1.088832639867495788e-01
-1.505927296284670369e-01
-1.401072590178386590e-01
1.095531319499635919e-01
2.218284790724699695e-01
2.951025505740293986e-01
1.683679398387775694e-01
-8.127775811288243113e-02
-2.030641617300358581e-01
-2.711182053148646354e-01
-2.584621755013991606e-01
-1.365962960242033952e-01
1.261709332068843559e-01
1.916176342908282315e-01
1.299857744889167943e-01
-1.823884165603649118e-02
-8.623598319653244526e-02
-4.508625468339889919e-02
6.901843973525856324e-02
1.470750879911307540e-01
7.573181238354115274e-02
-9.693249894811361428e-03
-2.436709832967121070e-02
-3.495909330733114329e-02
-1.470196552484121476e-02
-4.903533670382218337e-03
-1.254095678249661158e-02
-1.133132083536475369e-02
-1.016796788908108477e-02
2.552310476788373708e-02
8.732393425543141796e-02
1.182079863221377064e-01
5.380168435394139942e-02
-3.528240644889835825e-02
-9.203171020029253524e-02
-1.077412159138722153e-01
-4.562328442339930179e-02
1.610635072229531575e-02
4.672806566442486848e-02
6.021097835451576230e-02
5.309915782302930543e-02
4.709986575926161656e-02
2.425596569848595396e-02
1.147137199377550390e-03
-1.234006317996941271e-02
-3.286093060221330353e-02
-1.805290821539961774e-02
1.920283708784420104e-02
2.743232864269923993e-02
1.461828211926721917e-02
-4.184363959367131715e-03
7.979977426184291928e-03
1.187977105609392889e-02
-2.161062171494212980e-02
-5.441364847626743717e-02
-8.032004060615370589e-02
-1.072677000754686805e-01
-1.275654340116609275e-01
-1.390747407016583170e-01
-1.186213943672319027e-01
-5.691960916577062241e-02
-1.337732333317749774e-02
9.908235435547748521e-03
3.789562615624018915e-02
4.885922086942583870e-02
4.327534044386265738e-02
1.214771824137954141e-02
-1.735652603669246910e-02
-1.032892320227608157e-02
2.082441177845603241e-03
4.565681121477850601e-03
1.297386646719784044e-03
2.566729668538912830e-03
7.229030728439668615e-04
1.480675344451048980e-02
4.751113663837148310e-02
5.827063200005343224e-02
2.267372821927323215e-02
-1.346748502314150039e-02
-1.886583272668986358e-02
-2.071361307945582264e-02
-3.528113750659515879e-02
-5.276636100740661472e-02
-6.618128510462095715e-02
-5.264287288537443377e-02
-3.403009396851687518e-02
-4.000808115887825867e-02
-4.440416480221196643e-02
-2.806392797750632828e-02
1.939117484021345150e-02
6.964890370063647751e-02
7.411090555729941964e-02
2.806880338740808806e-02
1.569821880572493502e-03
-8.513066766401079441e-03
-3.213589704202870351e-02
-3.447188624934048595e-02
3.608344297440075916e-03
1.735672639600350023e-02
9.209916450167299554e-03
2.182473903199738316e-02
2.614361755414710414e-02
1.211726362610281160e-02
9.989113810767308310e-03
1.357574583753531385e-02
1.947038355450775304e-02
4.356833254302716098e-03
-2.410048687312580512e-02
6.307932225123722217e-03
4.444617347109149075e-02
4.604236931563938234e-02
4.143731091090021440e-02
1.670088358456164879e-02
-7.314717727123975707e-04
-6.226118839786016004e-03
1.030354435621214050e-03
1.328295409768184138e-02
5.957857758246455637e-03
3.763763015006912210e-03
1.538686043638257984e-02
3.050670869759769532e-02
2.373690151004134025e-02
1.320261001395836402e-02
1.019381424020410036e-02
7.524293566462523196e-03
9.799707475405894722e-03
1.729468179602086306e-02
2.011373730222866529e-02
4.233305060408332557e-03
-8.090508979436455278e-03
-1.538686043638257984e-02
-4.192845836867449202e-03
2.245540335668632509e-02
3.659636281064041624e-02
4.053469221470503564e-02
2.105268782015748061e-02
6.048961136972303559e-03
7.429323253033774319e-03
9.477997208326932252e-03
4.501178780613232684e-03
2.594252359230887132e-04
1.348144338847666844e-02
3.140258196365482146e-02
4.139904228249326884e-02
3.161897001956842645e-02
1.380936479419759590e-02
4.786096399543180759e-03
-1.668939631739586350e-03
-8.799780940486607098e-03
-3.883143771162952430e-03
5.344223974995158770e-03
2.003052140171374031e-03
-2.517314383794939069e-03
-6.697744622022159741e-03
7.516746699080351047e-05
1.458949716491574934e-02
2.311044473088405549e-02
1.439307825366824625e-02
-7.247797717239583097e-03
-1.982495274859581713e-02
-2.514783177832246100e-02
-2.777581128824358619e-02
-1.637463183976597958e-02
-4.919722702713532833e-03
-4.760804375847352797e-03
-1.281605011654233378e-02
-2.484488850004340846e-02
-3.073451723424007118e-02
-3.179435120315766278e-02
-2.800041407590946399e-02
-2.015053662902138026e-02
-1.250502567938503208e-02
-1.199671410729909009e-02
-1.453887304566188650e-02
-1.740801837962746568e-02
-2.413154256633563005e-02
-2.613760677481617029e-02
-1.930341746198182065e-02
-1.405654139757298027e-02
-1.137920671070119169e-02
-9.943097955667163160e-03
-9.671811448531032404e-03
-1.339869499302081754e-02
-1.483393552437371234e-02
-1.175675043912082461e-02
-1.314163399696789518e-02
-1.857430992913958884e-02
-1.712931857798318316e-02
-8.240043811902679483e-03
-4.679919321984091565e-03
-8.318985380448938941e-03
-1.215486439013965109e-02
-8.586598633549498427e-03
-6.277958472193466768e-03
-1.353841221924651471e-02
-2.191536822702045556e-02
-1.977366076497184821e-02
-4.053796475011854639e-03
5.248251865011254250e-03
4.876264768150883992e-03
1.623377924411110659e-03
7.022994570262670704e-04
3.361040799834369777e-03
5.317422577822895902e-03
4.902465087390052607e-03
4.798705678850738975e-04
-5.581756616866246669e-03
-1.256099271359972271e-02
-1.882769767115694340e-02
-1.876718915922554604e-02
-5.892968056047177480e-03
7.627077893021486088e-03
1.206229838844327489e-02
1.060702192598727070e-02
5.552831410997055225e-03
1.437344304118719478e-03
7.817753170686097186e-04
-1.769533363164608845e-04
5.369970146462657058e-03
1.391695774422130327e-02
1.517354455657145273e-02
1.541370858406075108e-02
1.384389338213195750e-02
1.152673795005710287e-02
9.408472527399135837e-03
8.449619651241226104e-03
1.263191990970473876e-02
1.427807200913638538e-02
1.032451529743339848e-02
8.865632367378832243e-03
1.167593885033827404e-02
1.266598099258002715e-02
8.778476067080298248e-03
2.708283521782396067e-03
2.773186581269076242e-03
8.643433891445324521e-03
1.048493631913231111e-02
1.060635406161716636e-02
1.068823423339188353e-02
8.787692595387728428e-03
-7.329410743266257747e-04
-1.078701137373022298e-02
-1.327747760984699169e-02
-6.214551428895820351e-03
-6.945923021952701707e-04
-3.020276362276348801e-03
-7.611717012509100141e-03
-4.175661686624680506e-03
1.204760537230099328e-02
1.804502741583239450e-02
1.470557199243977681e-02
1.260660785007780733e-02
9.635012121738317434e-03
2.383287362002524737e-03
-5.442733969585457007e-03
-1.009223206951132337e-02
-1.125184497532241354e-02
-5.657886476414369752e-03
1.126613727284263115e-02
1.960883183843025249e-02
1.167440276228703597e-02
3.368641096366149779e-03
3.287949723170218667e-03
9.275567517748495305e-03
1.232984485510682689e-02
4.182046470002872586e-03
-8.854879751020162254e-03
-1.298214798538712723e-02
-8.653385070559869996e-03
-2.214230853998170115e-03
8.337752369248853422e-04
-9.535500330592862686e-04
-7.824832533009196123e-03
-1.264501005135876960e-02
-1.264147037019722024e-02
-1.293566462522790887e-02
-1.645136945589089836e-02
-7.083770227942110149e-03
4.387341298729053977e-03
3.474537670889795739e-03
3.061042803427479857e-03
8.225350795760396141e-03
4.382566068482812369e-03
-8.737803126940980880e-03
-1.126520226272448646e-02
-7.289071735311992983e-03
-6.652904208213396460e-03
-9.267553145307251897e-03
-1.049188210858138966e-02
-1.530217523425342861e-02
-2.045314597511537630e-02
-2.814433884766681659e-02
-1.504952214304319108e-02
3.609566489237365713e-03
5.801437244124463266e-03
8.418363598720371779e-03
3.712130420554194017e-03
-1.212594586291415935e-02
-2.674876945989808699e-02
-2.859801911427827317e-02
-2.409086962619631095e-02
-7.056654934515899438e-03
1.337518616719316888e-03
2.450033727150690253e-04
1.076917939504845384e-03
-2.453059152747260208e-03
-5.285485303644536954e-03
-1.127675631632727923e-02
-1.844046990937080535e-02
-1.517053916690598407e-02
-5.933200205702226539e-03
-4.589296805604718113e-04
1.237940039136852270e-03
2.500891598934088401e-04
-1.406061537023061336e-03
5.414202803694625945e-04
3.947372287635826822e-03
4.778970286714173676e-03
9.331334192652156537e-03
1.696014853303591183e-02
1.850425095671570999e-02
4.951593190454882778e-04
-1.918153221443789219e-02
-8.298682303597785734e-03
1.453139296471672552e-02
1.873827063200005430e-02
1.282553379059780604e-02
8.032004060615370936e-03
6.436142148252533245e-03
4.469648903700636569e-03
-9.765512819656584857e-04
-7.219146335762134312e-03
-1.130634270792287531e-02
-2.337284864189780303e-03
1.297326538926475009e-02
1.393104968243049149e-02
5.479165970974614330e-03
-6.327721046409895368e-04
-2.118198636220956028e-04
2.215306115634037287e-03
1.025792921973405587e-03
-2.455369963467818762e-03
3.328048299951245816e-03
1.503329303884967140e-02
1.434913277811541987e-02
-8.647975369162030608e-04
-9.336076029679892668e-03
-5.467678703808829914e-03
1.699821680213182236e-03
1.609846992272809252e-02
1.954645330626256575e-02
1.621280830288985078e-02
1.683706112962579660e-02
1.246662347810406635e-02
6.589897883537811432e-03
1.764303985146696259e-03
5.489370938549799871e-03
1.215045648529696626e-02
3.465675110698519454e-03
-7.362937534645465007e-03
-1.860102450394374163e-02
-1.257495107893489075e-02
7.678436663082461623e-03
7.190628527158703966e-03
-1.185232183048266601e-02
-2.568392650820471371e-02
-2.875022540422491127e-02
-2.424614809224542866e-02
1.307618328869773186e-03
3.123822054217229374e-02
3.188518075749176978e-02
-8.417161442854184954e-05
-2.916717313048066210e-02
-2.146562836019261233e-02
1.291389224676252681e-02
3.795045782102570570e-02
3.189940626857497991e-02
-4.374024083189186236e-03
-3.306482959440596586e-02
-1.874194388603562383e-02
-1.845476220689102600e-03
-1.750392370317436011e-02
-3.240691640341679391e-02
-1.285712377530371167e-02
2.482264861651895665e-02
2.548543721740989185e-02
-2.055686531179248301e-03
-1.035984532261188459e-02
7.407684447442413299e-03
1.690384756663616816e-02
4.005436415972644590e-03
-3.847853817846671499e-03
9.781808710287115058e-03
9.156954805618075857e-03
-9.403196398875317275e-03
-1.651207832713332685e-02
-7.424848561754079403e-03
6.976711569414483036e-04
3.049154817639633617e-04
6.966893963173958169e-03
1.374865592295516740e-02
1.859441264667971438e-02
2.540068522884372793e-02
1.494613673855113567e-02
-4.415398280917111687e-03
-1.982795813826128059e-02
-2.676473141834356459e-02
-2.325911133966913902e-02
-1.512939872170759696e-02
4.510869492623438386e-03
1.527960141854392377e-02
4.561159679692248191e-03
-3.879276836460051909e-03
9.142929653845897127e-05
3.422931791011881580e-02
4.934001642946350685e-02
6.289292130554127551e-03
-3.770087690591794605e-02
-4.049415284743974192e-02
-1.334092472500684676e-02
-2.213536275053262174e-03
-4.758947712898464570e-03
-9.022446921479186296e-03
-3.196365482097895516e-03
1.592095157315452647e-02
3.289993388142736092e-02
2.369542713265790010e-02
-2.166625481697176869e-04
-2.407497445418784604e-02
-3.632460879844521401e-02
-2.582424481236350253e-02
-5.860336202923910158e-03
1.498093247223353762e-02
2.015614668973024839e-02
1.175387862232937612e-02
6.058097521555322502e-03
1.680286647387648630e-02
2.240644889835772050e-02
7.699340817866708216e-03
-1.350321576694205050e-02
-2.340023108107205929e-02
-2.520780599875777073e-02
-8.843125338106336622e-03
7.289939958993127585e-03
6.086541865078040452e-03
3.893295309588528600e-03
2.894884826789375590e-03
1.182253507957603880e-02
1.500878241646686449e-02
2.171694572266263945e-02
3.389732253174025656e-02
4.350541971936338487e-02
5.191450000333932419e-02
5.043357754907133728e-02
3.153308266157309192e-02
1.666067814948140463e-02
7.850411738384167892e-03
-1.649785281605011672e-02
-4.223039985039837851e-02
-3.896814954818975801e-02
-1.027662942209696048e-02
-9.749550861211105091e-03
-3.577649250990108665e-02
-3.821072456605512785e-02
-7.218144539206977801e-03
1.799560545244471843e-02
4.441578564225177189e-02
5.912028905169938037e-02
3.205294828726182321e-02
8.157963280816931404e-04
-1.939444737562695878e-02
-3.621220722495675781e-02
-3.226639773994697397e-02
-1.791105382318958694e-03
1.840046483360159232e-02
1.529756697009971265e-02
4.868831437711629642e-03
-6.726195644188579133e-03
-2.238407544195924678e-02
-2.996947859828626159e-02
-5.852896193840955233e-03
5.084645130266945978e-02
4.839265082047138067e-02
-1.903754065624353037e-02
-3.600349960929934839e-02
7.050844514495996709e-03
2.107292411057162806e-02
-5.153642198342360710e-03
-3.954672045201060998e-02
-6.823303123601659470e-02
-7.285598840587453884e-02
-4.318270765572927716e-02
-3.616338633950217599e-03
1.876752309141059560e-02
3.411364380121684886e-02
2.601077933093347630e-02
1.101795887291208940e-02
-1.015654740835231218e-03
-8.643834610067386778e-03
-6.952935597838790990e-03
-2.667263292170626247e-03
2.409267285999559197e-03
-1.977312647347576426e-04
-1.325403557045635138e-02
-1.849603622496343719e-02
-3.023896187162311219e-02
-1.424942062765893400e-02
2.770488409213857015e-02
4.308606768137527437e-02
3.313328569234159915e-02
-1.214972183448985270e-02
-5.601859334406368574e-02
-3.654333437965417986e-02
1.784920958251798306e-02
1.604504077311979734e-02
-4.515878475399215733e-03
-9.066058464846959639e-03
-1.125111032451529824e-02
-9.479666869252192235e-03
1.545130934809758882e-02
4.289452418002952239e-02
5.958398728386238991e-02
4.107953596783565225e-02
-7.354522443582156739e-03
-2.866500591059967587e-02
-1.425503068836780733e-02
1.570109062251637960e-02
1.308800448804856888e-02
-6.663276141881106784e-03
-1.211165356539394000e-02
1.582925379513928314e-03
4.608878588936158802e-03
1.103752729895612732e-02
3.335835598506655536e-02
4.588522082935397178e-02
3.915394941595260608e-02
1.355757992666849210e-02
-2.084024016402748897e-02
-4.605178620325783845e-02
-4.141760891198215805e-02
-2.766741690097574910e-02
-2.430178119427506625e-02
-2.182854585890697460e-02
-1.139503509627264911e-03
3.108127241519792125e-02
5.411571418076417672e-02
5.741035590492282736e-02
4.857384242408051972e-02
4.353233465347857573e-02
2.664785515357541434e-02
5.947739613039383644e-03
-1.273730890730710545e-02
-3.073638725447636055e-02
-3.443869339014633130e-02
-2.143951486332155640e-02
3.694892841161816818e-03
2.550493885701692054e-02
1.657552544229317845e-02
-3.160274091537490504e-04
-6.263779711616165001e-03
-5.217449960262070252e-03
9.895412439641758026e-03
1.564078246989601337e-02
1.594993688681702743e-02
1.707315118445746141e-02
2.598954124396417667e-02
3.890463564659289025e-02
3.115353534004314598e-02
6.871856863308199205e-03
-1.632460879844521012e-02
-2.843018479807120705e-02
-2.993528394253694783e-02
-1.639900888927476805e-02
-3.659776532581763414e-03
-7.971562335120982792e-03
-2.075502067040225357e-02
-2.892594051999919716e-02
-2.801624246148092315e-02
-1.271981086081038631e-02
-2.399723504150776988e-03
-9.220535493651949369e-03
-2.020503436162184377e-02
-2.249921525936512609e-02
-1.157969959460632831e-02
-1.078934889902558557e-02
-2.779317576186628169e-02
-4.950224068496169444e-02
-1.997255077438873927e-02
4.733088004488048700e-02
7.088378492095824546e-02
3.204980932472233784e-02
1.300632467558488110e-02
5.030387828839719133e-02
8.745349994323153853e-02
6.383835010786009789e-02
-5.086996012849710758e-03
-5.300144926568312737e-02
-6.481937608110543980e-02
-3.993715396277323915e-02
3.008976097134193929e-03
4.235756122646613248e-02
3.864884359284316562e-02
-5.104807955600376874e-03
-3.530965531519859174e-02
-5.205428401600202537e-02
-6.011133299049628564e-02
-1.923415992680206632e-02
6.994677120970273221e-02
8.559082621501225285e-02
3.161583105702894282e-03
-4.919535700689903895e-02
-1.308139263078454163e-02
3.956715710173577816e-02
5.435754786917873504e-02
4.468379961397440231e-02
1.318925272655629109e-02
-2.061810847453099046e-02
-5.727030474651208236e-02
-9.395048453560050916e-02
-1.021745663890577249e-01
-3.326058064128337155e-02
8.745884285819237325e-02
1.697470797630417361e-01
1.312573882495942923e-01
2.038923135489644975e-02
-3.595240798498641061e-02
-2.144158524286887690e-02
-1.311077866306910485e-02
-3.378365201594860090e-02
-7.575251617901436474e-02
-3.223226987063466942e-02
7.714835271253114857e-02
4.957924544683465357e-02
-4.333391214912075962e-02
-8.839318511196746220e-02
-5.123187583065631073e-02
3.137720311759088082e-02
4.798745750712945374e-02
-1.606714708377022724e-02
-6.571184323887505063e-02
-5.046536789308827403e-02
4.030955513554307715e-03
3.603134955353266833e-02
2.027936766601438554e-02
-7.311511978147477650e-03
-2.859768518209322014e-02
-2.730343081926922197e-02
7.314918086435007053e-04
1.939958993127675543e-02
1.308119227147350877e-02
-6.942717272976204300e-03
-1.625040906692669027e-02
-1.583018880525742869e-02
-1.363064428875783787e-02
-3.455396678042623251e-03
2.481303136958946595e-03
-3.448885000434112006e-03
-7.773473762948220588e-03
-1.006117637630150191e-02
-5.153809164434886361e-03
7.890016095531318663e-03
1.091991638338086351e-02
7.581729902291442676e-03
4.253007059326392053e-04
-8.325196519090902192e-03
-1.638498373750258905e-02
-1.893428882462549687e-02
-9.838844327493972280e-03
3.537370350829153673e-03
1.279427773807695172e-02
2.205455116175007377e-02
2.605986736213609586e-02
2.038569167373489865e-02
5.702406315325484615e-03
-1.092305534592035061e-02
-2.225885087256480183e-02
-1.819222472300325438e-02
4.770328121765031980e-04
7.656864643928110691e-03
6.909925132404111034e-03
6.400084150910633277e-03
5.209702733568867192e-03
2.761779457827704364e-03
-2.356539393979870806e-03
-1.046844006919074805e-03
9.806052186921879882e-03
9.728780279300880407e-03
-5.640548717366477421e-03
-1.445311926054057040e-02
-1.572867342100166266e-02
-1.236924885294294653e-02
-2.115099745543675032e-03
3.243763816444156407e-03
4.306870320775257129e-04
-8.741609953850572323e-03
-6.662815315465735883e-03
2.455703895652870932e-03
3.405012989961998457e-03
1.589931276756316372e-03
-2.118946644315472527e-03
-8.344965304445972967e-03
-1.586865779297540538e-02
-1.927510001268942230e-02
-1.910779998797844381e-02
-1.364947806399476396e-02
-5.160394307124109570e-03
3.439728579919989603e-03
7.729795433143437158e-03
6.966493244551895912e-03
5.073097755307852223e-03
4.420881447395662821e-03
5.099091036592289135e-03
3.566061804168809378e-03
2.271172970193213432e-04
-4.550560672138702703e-03
-9.821413067434265828e-03
-1.204727144011594024e-02
-1.302095090529015349e-02
-9.906031483126407841e-03
-2.533516773413655256e-04
5.859688374484910145e-03
8.013437431126486932e-03
1.114959494025953395e-02
1.482658901630256980e-02
1.642518917258283320e-02
9.818474464205809854e-03
1.045521635466269443e-03
-2.541310750612765703e-03
-4.275213549632341306e-03
-2.966085847286132997e-03
-2.515965297767329347e-04
2.595741696776218688e-03
5.834109169109937508e-03
7.976370958585729878e-03
1.065410636407958418e-02
1.313976397673160407e-02
8.828231962653025622e-03
-9.992119200432777407e-04
-8.252933594245680932e-03
-1.519184404031229292e-03
1.328709485677648586e-02
1.400431440383087013e-02
1.450040405794391458e-03
-5.888813939665132717e-03
-4.914025819636548553e-03
-6.080304011861271431e-03
-8.961871623110779714e-03
-3.285959487347309832e-03
6.386713506221156599e-03
1.031055693209822870e-02
8.152486792982081495e-03
4.534571999118419336e-03
3.340443862660370886e-03
4.192725621280830178e-03
5.037527298956128059e-03
2.686050316901643972e-03
2.875850692241419676e-04
-5.176362944213289477e-03
-9.963133886770274283e-03
-5.885895372367779335e-03
2.247383641330118718e-03
6.878535507009237403e-03
6.702953964108968217e-03
5.303965110765305677e-03
6.487374024083189398e-04
-5.849182867943177912e-03
-1.124623491461354020e-02
-1.267853684273797729e-02
-8.444410309154416761e-03
-4.832960442393358785e-03
-2.098877319993855926e-03
2.926862172829941457e-03
5.483867736140144410e-03
5.756075896107018704e-03
6.906385451242561674e-03
7.797850812457006453e-03
6.130701057229298243e-03
-3.164087597090782522e-03
-1.412579893275273807e-02
-2.136805337572045618e-02
-2.379059780539767924e-02
-1.273991357835051012e-02
-2.006712036919542416e-03
1.900701925452979090e-03
1.410162224255498246e-03
-5.742638464980531722e-04
2.894510822742117802e-03
5.202503155659148580e-03
4.791078667744154071e-03
3.141901142715937487e-03
1.494793997235041409e-03
8.884132210430705293e-03
1.415625354802946788e-02
5.199678089373610188e-03
-2.531326178279715185e-03
-4.679011026440750044e-03
6.218111145988473388e-04
5.755755321209368551e-03
1.069691647020323128e-02
1.159098650246108073e-02
4.772325036231641823e-03
-1.831751607883470943e-03
-7.264761472240217205e-03
-8.972891385217490051e-03
-5.697784693884365773e-03
2.160581309147738185e-03
5.995685596169130285e-03
5.020029252459410653e-03
4.848241179181331760e-03
2.606253881961651496e-03
4.893736100072797364e-03
1.097020657044967332e-02
9.472854652677133863e-03
2.991771910960322207e-03
6.232269870634671478e-04
-5.306683318751627496e-04
-1.120482732366711014e-03
1.210818067066939899e-03
5.551749470717486611e-03
1.175928832372721659e-02
1.367986589283448455e-02
9.270625321409728045e-03
2.714187442814113352e-03
-1.622108982107913584e-03
-1.255224369035136314e-03
-4.584521575358476830e-04
-3.180156413835478427e-03
-2.755942323232998033e-03
3.012295383053609785e-04
3.609125698753097404e-03
2.126707228296077605e-03
6.790644555903586812e-04
2.819075542138902444e-04
1.014933447315519242e-03
4.153388409881721491e-03
3.502921906619203742e-03
3.708096519758767627e-04
-1.322525061610488155e-03
8.850271486866448194e-05
-2.512826335227842135e-03
-6.021498554073638661e-03
-3.806472941475045474e-04
3.649157489097114033e-03
7.898030467972563372e-04
7.098797176269443709e-04
-3.325737489230687046e-04
-5.527499315439020778e-04
6.903780780199156785e-04
-1.112187856890022855e-03
-2.253935390800836450e-03
-1.384669841248639156e-03
-1.546045908996800805e-03
-2.731939277771470390e-03
-2.115961290581109058e-03
-6.654386867115027332e-04
-1.426972370451008666e-04
-2.180236557559890565e-04
-1.445933039918253539e-03
-1.510949636347850645e-03
-4.433644335508345538e-03
-4.718608704944200240e-03
-3.033426611723691324e-03
-2.442246428595280707e-03
-1.214751788206850942e-03
-1.328542519585122804e-03
-3.510468774001375674e-03
-2.799199898484616179e-03
2.644562582230800506e-03
1.637209395515958456e-03
-1.191683752863468638e-03
-3.163553305594700091e-03
-3.205468473462409415e-03
-2.106290614502007250e-03
-4.593591173504484276e-04
2.301420547515210888e-03
3.139844120456018132e-03
1.801136705157916707e-03
1.075582210764638004e-03
2.815415645390734276e-03
1.493892380335401547e-03
-1.157996674035436952e-03
-6.155912937200713449e-04
6.993742110852127882e-04
-1.508879256800528838e-03
-3.170746204860717260e-03
-3.479646833321089084e-03
-2.315011587446821287e-03
8.463377657265362805e-04
-1.619824885962158848e-03
-4.058685242201013829e-03
-5.019234493858986713e-03
-9.079950043745116731e-03
-1.130747807735205113e-02
-7.287468860823743955e-03
-1.705318203979136037e-03
6.322144378919529245e-04
-2.349854071635132467e-03
-6.833254302716204077e-03
-5.568492830475986997e-03
-2.944614007787298496e-03
3.072496677374758796e-03
1.321009009490352673e-03
-5.641076330218859278e-03
-3.512198542719944302e-03
-1.788567497712564706e-04
3.683485717720445373e-04
2.959961531012282425e-03
3.486178546860703355e-03
4.598813872878696179e-04
-3.708076483827663951e-03
-1.217583533136090863e-02
-9.786216615129799887e-03
-7.178606968496837118e-04
-1.731505165930902852e-03
-4.772391822668652778e-03
-3.255164261241826843e-03
-1.689503175695079981e-03
-1.914025819636548057e-03
-1.992019020777260809e-03
-1.348531700182326867e-03
1.972223520847386433e-03
2.213930315031623422e-03
-1.622336055993748910e-04
-7.502855120182193847e-05
-3.774128270030921851e-04
-1.343916757384910335e-03
-6.767803594446040539e-04
-1.946290347356259033e-03
-3.458923001916770594e-03
-1.324221437110551739e-03
7.403810834095812419e-04
1.896314056541397505e-03
1.825433610942289817e-03
1.543447916597097576e-03
1.596015521167961325e-03
2.617360466436475814e-03
4.356098603495602538e-03
4.934796401546774104e-03
1.313154924497933040e-03
-9.943365101415205676e-04
1.074420126760657502e-03
9.463103832873619300e-04
-3.527412493070907081e-04
5.241065644388937222e-04
3.337745690605152093e-03
5.113957697470797835e-03
5.456966159312367712e-03
5.880432241820330794e-03
5.780800235088258757e-03
4.899205909263946480e-03
3.111666922681341832e-03
-1.806125652002591245e-04
-3.797750632801490805e-03
-3.997802726222359111e-03
-3.044459731117804546e-03
-1.000400718622062278e-03
-1.097341231942617181e-03
-2.252813378659061783e-03
-2.170425629963067087e-03
-2.099531827076557382e-03
-3.854913144238668061e-03
-7.263559316374030433e-03
-8.037814480635271930e-03
-6.663369642892921774e-03
-3.043571471505566919e-03
-1.475519431513848097e-03
3.934028357521155046e-03
1.209375480027515860e-02
9.372407851413534427e-03
2.216401413201007052e-03
-3.083870407597625197e-03
-1.068930281638405012e-02
-1.596215880478992280e-02
-1.326118171921646278e-02
-1.351396838330071876e-02
-8.251397506194442857e-03
-8.647574650539967918e-04
1.686684788053242163e-03
5.507336490105589621e-03
1.609159091971602406e-03
3.833888773867802878e-03
-1.196292017017184161e-03
-1.191523465414643691e-02
-1.712103705979389767e-02
-2.052894858112214518e-02
-8.896020196218551099e-03
1.125832325971241757e-03
-1.482044466409761577e-03
-9.287522289973352066e-03
-1.114111306275921559e-02
-6.260012956568780478e-03
-1.790965130801236860e-03
-4.926675170806312822e-03
-2.662447990062178586e-03
4.125151104313736113e-03
5.816611122613220101e-03
4.232176369622856447e-03
1.734704236263699684e-03
-3.333711789809725703e-04
-4.986656069885327461e-03
-1.086668759308359600e-02
-8.951786871122212330e-03
-3.002424347663476632e-03
-4.988512732834215688e-03
-4.756563437097194487e-03
2.181298461908355666e-03
4.688494700496223175e-03
-5.348384770020904108e-03
-1.451262597591681039e-02
-6.948327333685075033e-03
5.358810132838222502e-03
1.447916597097461365e-02
1.114712384209014771e-02
-4.448564425536462308e-03
-1.201755147564632573e-02
-7.222619230486672717e-03
-2.319058845529649911e-03
-3.082982147985387136e-03
5.305828452357895346e-03
1.651575158116889638e-02
1.112274679258136272e-02
1.089614041180517147e-03
-8.844394280409534348e-03
-1.848788827964817014e-02
-1.730162758546994334e-02
-2.453673587967755611e-03
1.442894257034281653e-02
1.675484702566602813e-02
8.360059039210316831e-03
-1.001562802626042780e-03
-1.789949976958679200e-03
3.163326231708864927e-03
3.398133986949930432e-03
2.074366697611049019e-03
-2.736814687673227563e-03
-4.228890476921947153e-03
1.048760777661272544e-03
6.574229785415178218e-03
6.492770368193627635e-03
3.104300378679097569e-03
4.405547281458081776e-03
6.718648776806406334e-03
2.777935096940513816e-03
-1.591006538392183327e-03
-6.978047298154689928e-05
2.620312426952334673e-03
5.343636254349467402e-03
7.802125144425670240e-03
8.844661426157576431e-03
4.098229491554855088e-03
2.067547802392290127e-04
2.435006778823356911e-03
4.914059212855053163e-03
5.008895953409780999e-03
-8.935090261869619275e-05
-2.176443087937701519e-03
1.203171020029252403e-03
4.298308299550527428e-03
7.058591741189199770e-03
7.736340503970454315e-03
6.444370237292210667e-03
3.593677995872598344e-03
1.278913518242715246e-03
1.507116094863455221e-04
9.038342093487654891e-04
2.697190294594973767e-03
4.980919114946137129e-03
6.350809117684380264e-03
5.627338360125825820e-03
3.864009456959480952e-03
1.513347269436522962e-03
-7.929820811989501429e-05
1.172910085419852930e-03
4.287395395743033230e-03
6.570750212046937502e-03
6.348204446640976460e-03
4.760871162284363751e-03
3.226285805878542027e-03
1.683666041100373434e-03
1.344784981066045153e-03
1.314170078340490700e-03
2.032471565674442721e-03
2.324969445205067771e-03
2.960582644876478403e-03
4.029212387548337070e-03
6.018105803073512360e-03
5.745510281771978693e-03
3.681255050724298924e-03
3.965337839191617440e-03
2.462602934596041983e-03
-5.889408338954525094e-04
-9.002077058191022569e-04
1.047291476047044556e-03
1.610548249861418289e-03
1.246475345786777610e-03
2.088251597865505536e-03
2.797730596870387325e-03
2.855594365896173964e-03
2.826154904462001814e-03
2.369956789175254545e-03
1.292524594105429105e-03
6.781361241159145677e-04
1.073979336276388976e-03
1.377650586718849081e-03
9.788620926862172562e-04
7.146215546546807193e-04
9.496029546319733174e-04
6.518242715269383699e-04
6.399897148887004165e-04
6.573368240377744408e-04
3.582604804616278961e-04
3.098182741048947545e-05
-2.209555803407444016e-04
-8.686310784005984303e-04
-1.351590518997402082e-03
-1.101976210671136956e-03
-9.045755387995805998e-04
-9.018573308132585634e-04
-1.032297920938216040e-03
-9.937955400017364771e-04
-1.050463831805037137e-03
-1.309541778255671933e-03
-1.452665112768898939e-03
-1.678864096279327790e-03
-1.878054644662762070e-03
-1.907267032211098622e-03
-1.867442279821813697e-03
-1.932559055906926367e-03
-2.000106858299216615e-03
-2.050089827757778718e-03
-2.170071661846911890e-03
-2.297633756536722471e-03
-2.399456358402735773e-03
-2.477676633429283255e-03
-2.535700689903894103e-03
-2.581309147738277288e-03
-2.631272081265736799e-03
-2.681649090702660151e-03
-2.726242394694485677e-03
-2.768538245253153798e-03
-2.803861591787939773e-03
-2.833027228830368831e-03
