6.620085785542718926e-03
1.440832142780812918e-02
1.501225625183925938e-02
1.570728683903784700e-02
1.548927187506678703e-02
1.622405513422691889e-02
1.437511199961858353e-02
1.414422427214633363e-02
1.533770864809678655e-02
1.117727422931932141e-02
1.252434399049092394e-02
8.648343392063603113e-03
1.244033400135797010e-02
7.547006959183638966e-03
3.099146583456772585e-03
-2.599180286094291900e-03
7.865883231047197596e-03
4.584216315035814608e-03
-3.356141524773082613e-03
-8.109890326685419842e-03
-1.122687464756083262e-02
3.907270069920643074e-03
-1.619306514802033858e-02
-1.124956227672002651e-02
-2.408291835248355453e-02
7.184613184142991070e-03
-1.866978155758794097e-02
-3.806984172912614844e-02
-5.548292591502660027e-03
-1.252649767122994938e-02
4.764204839698747349e-03
-2.527089522425406132e-02
-3.401648305579348802e-02
-7.190827621695291931e-03
-5.012716580546837386e-02
1.304053687479552262e-02
-2.293472703329656193e-02
-2.139476310333886591e-03
-4.125317914513670914e-02
-2.578925822960866782e-02
8.885708602063916925e-03
-1.206584015743241735e-02
1.056585906379004999e-02
-1.896406312421805573e-02
-3.863769007054537047e-02
1.377426795405261792e-02
-1.927971709512857346e-02
2.822028701494917746e-02
-5.338810148932777305e-02
1.424401695982480988e-02
-3.703015646243964197e-03
1.735126861659714963e-04
-8.920644262906876967e-03
-3.184438916846551310e-02
1.758850230410958365e-02
1.832502823623411575e-02
8.503126125133781549e-03
-1.561928185433555591e-02
-3.522468151007544096e-02
-6.710359533160929410e-03
2.383828652502790676e-02
2.308433386325935577e-03
2.425208915251841207e-03
-2.292420523426620931e-03
-4.242899018677837725e-02
6.233705596775068573e-03
2.592637042322292265e-02
2.517784306407939987e-02
4.491114833928198241e-03
-4.977057546020539902e-02
2.724603418598265867e-02
5.507175373729369071e-03
1.764916705164394639e-02
6.576107953658051272e-03
5.458544933835968692e-03
-1.520960574490226938e-02
1.514709968253759483e-02
1.163360794132781845e-02
1.958863053853526597e-03
1.573124037214287951e-02
2.380524149994821259e-02
-2.305835817190318021e-02
-3.858228622252618360e-03
1.439618847830125524e-02
2.252766493330987674e-04
2.370544881226973460e-02
-1.564459993325233861e-02
-1.271769848798459841e-02
1.299672344602070470e-02
1.382904707025437926e-02
-7.724036227869286904e-03
2.448504835917476169e-02
-2.076888046414286084e-04
-1.436496832774088704e-02
1.471595252695799896e-02
-2.076986688280195448e-02
6.237601950478494778e-02
-5.752727858600172745e-02
6.481954292647400251e-02
-3.518966364767756039e-02
2.084203984802576390e-02
-1.781866665789849993e-02
8.906226110173099536e-03
2.811621984641461333e-02
-2.554972289855834966e-02
1.360146384529009600e-02
-3.341657610795365635e-02
3.574830541494523201e-02
-4.033022008644315121e-03
5.573248983577772792e-02
-5.789734998627233536e-02
2.318922304734316250e-02
-3.303220163712616841e-02
4.435135575024536786e-02
2.421131718127579949e-02
6.805368090342797487e-03
-4.048788266878856207e-02
1.111103621636106917e-02
4.476269233108812889e-02
-1.117128995612080925e-04
-1.100547297952688026e-02
-1.082484328273553703e-02
1.814665086204770347e-03
-5.003953894791873629e-03
6.485488959509158602e-02
3.043874257925462470e-02
-2.283411233006883354e-02
2.648846465579742654e-02
-2.143701470257011396e-02
3.839815473949505231e-02
6.985340174694744386e-02
1.215128045362105953e-02
5.625973060906419576e-02
7.081696837377375597e-02
-1.271154981167623745e-02
1.200716468752722893e-01
1.193056927864847433e-01
8.281954621453618826e-02
1.189349637737747434e-01
3.012275980212441445e-02
1.155282025314790899e-02
7.213959139251077679e-02
8.165721622790217404e-02
-6.216837837704537045e-02
-1.119586822104326820e-02
1.284341754608629982e-01
-1.957958836749355835e-02
-3.037807783172026196e-02
-8.039229870072221729e-02
-3.561678292706584731e-02
1.364193989093497594e-01
1.510524265076998267e-02
-2.714081619567915854e-02
-1.446055229580722745e-01
-8.112833142351720539e-02
-1.692464254653840983e-01
-7.083554592518671866e-02
-1.868046775972814211e-01
-1.353889202168148120e-01
-7.712363607069991356e-02
-7.614477995465762650e-02
-8.768160378521719367e-02
-8.511592885291018040e-02
6.553387443876888818e-02
-1.889665784917987645e-02
1.037321149966872885e-01
3.141283100511129134e-01
1.998336240528325869e-01
2.543858639630027230e-01
2.209298311086852484e-01
8.866325475412693835e-02
-9.088532718684906586e-02
-9.444975101149012675e-02
-1.470689391560530690e-01
-2.840359648243105661e-02
7.888554419895407385e-03
-1.018090918207808782e-01
-4.985902433330428873e-02
1.353188844920190370e-01
1.622344684272047644e-01
1.714757316349396210e-01
-4.766983252255199699e-02
2.590006592564704849e-02
-3.868438055374255179e-03
-1.254089938365273993e-01
-1.588074856023976578e-01
-1.731986762261594759e-01
-6.500564724682332540e-02
-2.272642829311759261e-01
-8.926694297349328788e-02
-1.112979461119486535e-01
-2.020596421601910872e-02
-4.063732509564151052e-02
7.256901231543695652e-02
-1.775339862328835783e-01
1.015774478390033264e-01
-1.723980330811937522e-02
1.230927184218616639e-02
1.381397130508120741e-01
1.080080754807557775e-01
2.650835743208918571e-01
2.702622722811424683e-01
4.970021092918993494e-02
-6.973059262389007251e-02
-1.351830875232835905e-01
3.600789792539715872e-02
4.196192095169672120e-02
-6.702287340467331933e-02
6.641639033243952606e-02
8.845512041705780315e-02
4.501932558556277775e-02
1.428725497771515807e-01
-1.348745028860965922e-01
1.266490864941201278e-01
-6.122289609230248397e-02
-1.930947405801128058e-01
-1.022406499841350958e-01
-1.135484602826747208e-01
6.376095130215483388e-03
-1.700207641127739547e-02
-1.737872393594197193e-02
-1.399149378309640090e-01
2.160881595236255684e-02
-4.547570861850423057e-02
-1.132319842962149353e-01
-8.146979668267403810e-04
-1.655276271205946004e-01
-2.200683588130753210e-01
-2.112366237519748904e-02
-8.335385632154618252e-02
1.135680242527467576e-01
2.345604929462845600e-01
1.068939156053076017e-01
1.013081555450702775e-01
-8.059796699114360474e-02
-8.605499941636896022e-02
-1.187690810359368597e-02
-1.307004723301345983e-01
6.231749199767862984e-02
-9.700112287324026694e-02
-2.593261774139719589e-01
-6.149005114580747590e-03
-1.551505028269114794e-01
1.833883809746145177e-02
-1.332677912935401054e-01
-3.247323106363880080e-02
1.734304846110469034e-01
6.049294628457192041e-02
9.715714142448718393e-02
-2.155259008879411853e-01
-1.358416863813395881e-01
-1.959980995000501491e-02
-1.812067517069152756e-01
2.069029577763492958e-02
-2.950707015573906800e-01
-3.185014327731023470e-02
-5.080779468024416989e-02
2.187334055610995823e-02
3.293290215877723182e-03
-3.022041524937486012e-01
-3.904475217053205993e-01
-1.647467123488108032e-01
-8.955349759396047382e-02
-1.076202485446214607e-01
1.183309467481886840e-01
-3.223205170148998322e-01
-2.322867979370697722e-01
5.306176131627705905e-02
-1.282891719179760082e-01
2.322391210352134916e-01
8.323597929178427847e-04
1.357109859090094572e-01
-1.443405051449953291e-01
1.684408502271229069e-01
8.067425003411363149e-02
1.159267156697535994e-01
1.539054780760232832e-01
-1.420479037781478653e-02
2.021845885236764895e-01
2.750151661868835973e-01
8.173465009264115066e-02
3.841163579450268539e-01
-4.260884718895342760e-02
-1.173790527421616769e-01
-3.982665336097497288e-01
-3.335163687956321232e-01
-1.965061051094842415e-01
-2.035935231750843691e-02
3.195470365517434352e-01
5.331921658630094374e-01
3.114468953294720621e-01
-8.433748012777410319e-02
-2.982864263860414700e-01
-4.940708018432876658e-01
-4.284756050445450160e-01
-5.448319060403346015e-01
-4.537312107795830607e-01
-3.604686146243142320e-01
7.825390745091333200e-02
-7.616631676204786705e-02
-1.914424893261280902e-01
-2.153614977780919648e-02
1.746026787842718808e-01
4.463774596760271551e-01
6.712266609235180148e-01
8.796306190927907220e-01
9.299692072975250801e-01
3.681100711701062456e-01
6.400788477314836022e-01
4.866480014335951565e-01
3.471174380734585729e-01
-2.329641387496485805e-01
-7.613557338050606083e-01
-7.171082808202399184e-01
-4.028139236281793600e-01
-3.773380177259432755e-01
7.474291463697327331e-02
-1.868901672144030190e-01
8.191319186993741008e-02
1.434269170635631696e-01
-3.515283735107133101e-01
6.022907929326390963e-01
1.460225133618627547e-01
-1.582361847956715861e-01
2.491167442923350114e-02
2.531413324214440985e-01
3.870953422954948597e-01
5.511647138317268269e-01
-1.129839000034524588e-01
-4.415851090239222287e-01
-2.900103738362314609e-01
9.746079396837870057e-02
6.130657727521573452e-01
4.354693133375310277e-01
5.287878065501486757e-01
2.487632776061591833e-01
2.055910209597524574e-01
2.782802119484892311e-01
6.165330343388775169e-01
9.259742117281890561e-01
-1.219895735547733701e-01
-1.214251776786609699e-01
-1.445530783660303742e-01
1.470028491058936737e-01
1.028550244056416693e-02
1.344733592980644765e-01
6.097892187728622959e-01
2.068914495586598665e-02
1.870742986974341660e-01
5.006041814286959178e-03
-1.104326925448121804e-01
-7.591182074800126856e-01
-3.274811306330670524e-01
-4.665036883837694881e-01
-6.023762825497607221e-01
-7.147589603804944680e-01
-1.000000000000000000e+00
-4.166336490421052585e-01
-2.446268953623526865e-01
-2.640626310087281770e-01
2.731015139882385645e-01
-2.702984409653093056e-01
2.252437687111289236e-03
3.290857049851955013e-02
1.672555038051099785e-01
2.322095284754406574e-01
-4.084743227002882171e-02
1.654109009126016605e-01
2.260411237938976803e-01
1.927429179250354507e-01
2.392870823544498426e-01
2.800163087884970370e-01
3.568435260521388153e-01
1.475110191184376418e-01
1.945825887242483010e-01
3.201208034051172269e-01
3.465666876554636677e-01
4.319477987245606831e-01
3.484523913254343186e-01
3.148007187703962817e-01
3.963347970690213606e-01
1.841479233421179362e-01
4.439114130282887927e-01
2.992580487652504173e-01
3.717927008307289061e-01
5.165660793639572645e-01
-3.892292946613377935e-02
-8.063331365976118825e-02
1.748131147648788741e-01
2.366221079437938468e-01
-1.982109653586207332e-01
-4.650076200841414820e-01
3.222136549934978555e-02
-1.124061874754422735e-01
-1.545463213982155859e-01
-2.824231703166896756e-01
-4.235961207442200394e-01
-3.813757581038402789e-01
-3.409819140138855009e-01
-2.148189675155895151e-01
-5.662191066006205115e-02
-1.066624360266398702e-01
-1.740371320863905447e-01
-3.341608289862411096e-01
-3.996590279501727183e-01
-3.963232888513319035e-02
-6.225584083148516523e-02
-8.043504350928302182e-01
7.136196468292393957e-02
7.561852560003023971e-01
-1.017106143579811911e-01
-2.717731368606568845e-02
3.322767693473689943e-01
1.152758437578605133e-01
-3.176859933482501647e-02
2.418468387748022308e-01
2.046720075756952861e-01
-8.644183993384418896e-01
-3.401648305579348386e-01
6.864207963357834563e-01
-2.240847267866918988e-03
-4.337874695237734501e-01
-5.319443462592537974e-01
2.638587711525151036e-01
-3.507852714541948025e-01
-8.479057509851856134e-01
-2.051323362832731256e-01
6.279804228776790787e-01
1.112949868559713756e-01
-1.634939606517596677e-01
4.332761758521423423e-01
-5.727459100616346666e-01
3.208967860836055563e-01
-3.369244452628065711e-01
-7.366360822081310378e-01
-4.920206950634678500e-01
-2.203215396022430994e-01
-8.038901063852524342e-02
-3.856683233020035684e-01
-1.519180088810559714e-01
1.740420641796860124e-01
-2.103537790520845496e-01
-3.032168756504197704e-01
1.271084287830388515e-01
-1.690902425110273333e-01
1.392954669130521128e-01
1.064151737494266337e-03
-2.511043778904121712e-02
2.976518303820234745e-01
1.333756397336011978e-01
2.321881560711602233e-01
-3.944688217722326362e-01
-1.579507809969733501e-01
4.035241450627279902e-01
3.670759756091546144e-01
5.064372037661464265e-01
-1.022860252424534766e-01
-2.875920040903493513e-01
-2.192907321034884838e-01
2.134790821703183294e-01
-2.093953089216635810e-01
-5.411015994778557436e-01
-2.922150195393096173e-01
-3.124152296464839940e-01
-5.481955936678498120e-02
-1.257933683073549080e-01
-2.347659968335961134e-01
-3.752632504796460378e-01
4.255870424044940759e-01
2.979855686950174110e-01
1.980103935646046476e-01
8.354061825433489741e-02
-2.713374686195564080e-03
-4.204264287863269112e-01
-2.178324765191258505e-01
3.731769750156593846e-02
-1.499385954384713227e-01
-9.361951530675154121e-02
3.763614632534388604e-02
3.975168554288373013e-01
5.813704972043250846e-02
-1.629902295231816511e-01
2.517669224231045555e-01
4.176019833591171904e-01
3.427180108538933068e-01
6.049935800585602985e-01
7.727702417218924591e-01
6.879612534750707553e-01
1.241024823225556212e-01
-6.803954223598093209e-01
1.034133373666896172e-01
2.293653546750490033e-02
1.803502115046008158e-01
-5.412725787120989396e-02
5.538346203356783182e-01
6.072130220415249656e-03
9.825962867913609622e-02
1.783675099998191516e-01
-1.378115644435529974e-01
-5.146655794141002244e-02
-3.805093537149348282e-01
-3.822059938085788366e-01
5.753516993527448692e-02
-3.894117821132704604e-02
-1.768747297623881887e-01
-3.232872073008133396e-01
-6.038493344140097308e-02
-2.800656297214518253e-01
-3.174311685279838646e-01
-1.209022113862305708e-01
-2.814712763106627103e-01
-9.572995802788604458e-02
-1.328064761673031779e-01
-2.343566330900715422e-01
-1.317743534436697228e-01
-2.133985246464921992e-01
-7.706165609828674601e-01
-6.551529688735592272e-01
-2.857293168557576424e-01
-4.230207098597477122e-01
-7.795551580653699297e-02
-3.807740427217921053e-01
-9.949725529008106306e-02
1.406859884161568985e-01
4.582440761449443345e-01
4.756806699755531942e-01
1.585681146744571945e-02
-4.639965409585687650e-02
4.052766822137207625e-01
-1.507836274230963391e-01
3.751695407070319843e-02
-9.786160875019112027e-02
4.691571545767359575e-01
5.025129015340453753e-01
3.090268815524914170e-01
2.287159623911445838e-01
8.929785075814493378e-02
1.796827348786129638e-02
-4.294028385840946427e-02
3.194434625925384186e-01
1.985068909563493245e-01
6.637890642339390190e-01
4.253108451799473833e-01
3.600855553783655072e-01
2.278775065309135428e-01
1.560100022852032309e-01
4.502557290373704335e-01
5.340635023452103836e-01
2.819825699822937626e-01
2.517307537389377181e-01
5.706908711885194663e-01
2.061302631600579194e-01
3.020972904723465829e-02
-8.127432138506332504e-02
-6.933405232293373896e-03
2.309551327472910420e-01
2.542954422525856573e-01
-9.897905668783629762e-02
-3.047787051939874203e-01
8.053220574720391933e-02
2.928118028280622398e-01
-2.116755800552723443e-01
-1.727399915496801580e-02
-3.009908575430612632e-01
-3.965518091740223294e-01
-3.708325866692094297e-01
-1.616970346611076303e-01
-9.982014299782494826e-02
-1.208681799424917852e-01
-1.852346278982213226e-02
1.789297686355035000e-01
3.531017112719703893e-02
-5.923756413776322394e-02
-7.326197142345144964e-02
3.026809215123113170e-02
2.026136806403829871e-01
-6.116897187227193777e-02
-2.064985261261201854e-01
-3.343696209357496091e-02
3.034914288438679830e-01
3.958925527035269121e-01
1.993815155007472029e-01
-1.851474942500012100e-01
-4.024719651596929682e-01
-1.465781958731531276e-01
-3.026118722061746369e-01
-2.119764377462964033e-01
-7.758758164669442292e-02
-2.513033056533297005e-01
-1.978624307657403658e-01
3.721543876723972244e-01
1.573562993517585440e-01
1.308773700763323500e-01
-1.739302700649885403e-01
9.771331714510711475e-02
2.352509860076513193e-01
1.362827799250650737e-03
-1.183459074311849629e-01
-1.848548567144696064e-01
-1.528943989504505385e-01
-2.330298999935882798e-01
6.656139387532654383e-02
6.484683384270896467e-02
-2.261282574421177582e-01
-2.131371237018319653e-01
-2.669281772134001751e-01
-1.450854156357221647e-01
2.342251106021921714e-01
9.686927157914120012e-02
-1.271104016203570553e-01
-1.673196210179511700e-01
-1.748476394179472315e-01
4.465155582883005847e-01
1.110620276493149983e-01
-2.860383947022741569e-01
9.306103794259372453e-02
1.482401469106189515e-02
1.939233322537529114e-01
1.860023904212172174e-01
1.282643470483887660e-01
2.704924366349313603e-02
-2.713276044329654413e-02
-2.076690762682466621e-02
1.224788372096846517e-01
2.397112423778607893e-01
1.087197765432930813e-01
-2.361091702410642590e-01
3.566528184447136790e-02
3.276126531209464648e-02
-2.943259554697736508e-02
-9.916532541129548239e-02
8.087515063434939921e-02
1.363602137898040634e-01
4.098059878900668640e-02
-1.243037117290110571e-01
-6.346321727021789205e-02
-2.310718589552840027e-02
1.919784434642365645e-01
2.507985881060926028e-02
-1.158346499282380399e-01
1.188642704365395764e-01
5.057187621761053548e-02
-8.102179820833489698e-02
-6.967305153544284257e-02
-9.734554738837440310e-03
8.650447751869673463e-02
1.095508342635809207e-02
6.727556098451158151e-02
-3.337481771805195230e-02
-1.321565906740692076e-01
-7.475623128887105839e-02
-2.547738553022468877e-02
-1.339290206013536988e-01
-8.050277759054090543e-02
-9.207346846172941024e-02
7.385612426244654583e-02
5.701483409260169055e-02
5.458331209793164385e-02
3.808693965255046526e-02
8.001828162581523657e-03
3.114847080447373517e-02
-6.103103766310843253e-03
1.468691893775862789e-02
1.299432316061690552e-02
-2.656852897029400237e-02
-2.945166630771987870e-02
-3.751596765204410350e-02
-2.807314623163411488e-02
-2.277311877631477133e-02
-2.799834281665272012e-02
-3.133835639634958981e-02
-2.837696317863548645e-02
-2.783591254412168259e-02
-2.722696342524014851e-02
-2.680099496762080799e-02
-2.632702080192548741e-02
-2.600248906308311528e-02
-2.525889379723506717e-02
-2.502133130350293541e-02
-2.462068092480037065e-02
-2.462627063053524773e-02
-2.392689980123664101e-02
-2.339324730666604915e-02
-2.297681422941796198e-02
-2.272018097494332006e-02
-2.240945909732828395e-02
-2.198266862415969303e-02
-2.128905190370581138e-02
-2.100364810500755103e-02
-2.046111784250510823e-02
-2.008611434893902564e-02
-1.957942396438371035e-02
-1.927379858317399691e-02
-1.854204034123509148e-02
-1.819334134524488653e-02
-1.756614348117008922e-02
-1.702410642799719390e-02
-1.687482840425409691e-02
-1.638053401418141167e-02
-1.634479277810018880e-02
-1.588140617267916332e-02
-1.538411964600722159e-02
-1.461119486536207289e-02
-1.407884115535929306e-02
-1.391521074012636028e-02
-1.314851683734449481e-02
-1.282985428952373996e-02
-1.208788661446319815e-02
-1.207708533014610446e-02
-1.120964520164863427e-02
-1.077955022597207324e-02
-1.018179695887127395e-02
-9.834692673046603606e-03
-9.163418335221228811e-03
-9.013055250953127054e-03
-8.318534313395072738e-03
-7.847881090518708108e-03
-7.478796108907195123e-03
-7.099863381015715166e-03
-6.460417485257150851e-03
-5.853852211468431842e-03
-4.984587208451634818e-03
-4.912463564160779450e-03
-4.748553663641101250e-03
-3.904836903894873951e-03
-3.926817599681714857e-03
-3.605130034639735317e-03
-2.611263914668209615e-03
-2.180609968418162521e-03
-1.596074711349239773e-03
-1.278590933826104356e-03
-6.814788388537156667e-04
-6.989877700526583165e-03
-5.581452698759249882e-03
-3.883941268633036951e-03
-2.370988769623565921e-03
-4.767723066249520813e-04
1.100241508168368562e-03
2.590664205004101703e-03
4.317274985573627336e-03
6.027955104798762322e-03
7.030945597366919202e-03
8.833461293753832808e-03
9.596045118789467074e-03
1.136863944918382191e-02
1.217645056973897660e-02
1.362970829956219355e-02
1.471825417049588830e-02
1.611064986905292110e-02
1.653303433887755303e-02
1.741867389163533411e-02
1.844520690953390177e-02
1.914342691706356209e-02
1.983605721885835227e-02
2.037513501605396279e-02
2.075457739358597606e-02
2.109670026518221594e-02
2.142665730664961021e-02
2.174559933975710874e-02
2.176828696891630263e-02
2.162870872865431046e-02
2.148041712357030841e-02
2.160585669638526857e-02
2.118925921602732992e-02
2.086341225230616339e-02
2.018903069570463990e-02
1.993815155007472306e-02
1.931309092642796363e-02
1.857311252899659579e-02
1.791878815179668086e-02
1.729717999345675369e-02
1.645083278395294279e-02
1.562454275385073178e-02
1.472634280350047092e-02
1.359457535498741383e-02
1.270617382998416763e-02
1.161493174804894592e-02
1.058423933147119474e-02
9.408296767341650310e-03
8.345184057501632210e-03
7.283222169430557044e-03
6.200216683298780986e-03
5.145241927396298695e-03
4.044760390687550562e-03
2.991413225572575000e-03
1.927708664537098509e-03
9.919064349021226423e-04
-4.611720955313590366e-06
-9.322182418402626168e-04
-1.851409181256072692e-03
-2.660880773220706229e-03
-3.521383090482539321e-03
-4.198510179018545563e-03
-4.876261999371979926e-03
-5.492132489178165253e-03
-6.049787837786739335e-03
-6.543325973554114938e-03
-6.949385214570717728e-03
-7.289354405427932171e-03
-7.567672430091686338e-03
-7.750422927000087669e-03
-7.871916825178666352e-03
-7.918179860290237501e-03
-7.906293515448139034e-03
-7.809131277527245514e-03
-7.650696000565546107e-03
-7.430445154300538424e-03
-7.138876238982937335e-03
-6.791508908182507416e-03
-6.391516141919340727e-03
-5.940130963517305934e-03
-5.443863736126432554e-03
-4.908419247658489006e-03
-4.339765331001000682e-03
