3.576358614828978062e-03
-3.052814956447843717e-03
-3.078648820905035156e-03
-2.983182494157637574e-03
-2.926653919694072615e-03
-2.830354790737199880e-03
-2.674586785638410728e-03
-2.592139366900361470e-03
-2.597289143828341185e-03
-2.547287019332908613e-03
-2.453231357552581454e-03
-2.378466114297854254e-03
-2.260327172296579690e-03
-2.063649883152751316e-03
-1.881572126619927626e-03
-1.895049925642660173e-03
-2.527775653282345221e-03
-3.122107499468876248e-03
-1.565972381559379688e-03
-1.415167197790524788e-03
-1.583529211812194706e-03
-1.618549394518801901e-03
-1.679537709793923984e-03
-1.728353516039940561e-03
-1.061216061185468393e-03
-1.641424261737837184e-03
-2.872266836626301278e-03
-4.757493095389845120e-03
-2.654531548757170251e-03
1.773307839388145587e-03
9.344176758019970676e-05
-2.847384746122796038e-03
-1.970376035691523333e-03
3.202753346080306472e-04
6.019511366050563517e-04
-1.346010622477161744e-03
-3.730240067983853908e-03
-4.892492033142128820e-03
-4.416010197578075616e-05
1.898364138517102343e-03
8.772262587635436260e-05
-2.110456766517952113e-03
-4.492916932228595978e-03
-5.795011684724877578e-03
5.328744423199490918e-03
3.076184406203527014e-03
-5.108136817505842635e-03
-1.465646908859145892e-02
-1.542030167835139239e-03
7.337191417038453969e-03
3.983904822604631898e-03
-9.030057361376672698e-03
-2.115300616103675188e-02
1.098262162736350243e-03
3.471085617165923023e-03
5.237153176120671466e-03
1.571067771404291566e-03
-4.887427236031443266e-03
3.147040577862757899e-03
7.977752283832590524e-03
-1.234821329934140651e-03
-1.230038665816868444e-02
-1.594719354153388557e-02
2.347448480985766040e-05
-3.723475674527300296e-03
7.084189504992564543e-03
2.694217123433184733e-03
-1.852780964520926374e-02
8.600790312300828078e-03
-1.357404716379859849e-02
1.161306989589972437e-02
-3.449279796048438512e-03
-1.447586998087954310e-02
3.229063097514340425e-02
-8.030490758444870647e-03
-2.031663479923518506e-02
5.741967282770342462e-03
4.246305502443170100e-03
-1.550869768429997964e-02
2.588706182281708037e-03
8.731251327809646384e-03
-6.771854684512428404e-03
-2.453962183981304654e-02
1.954977692797960423e-02
-8.327716167410240816e-03
3.101185468451243300e-03
-3.927733163373698343e-03
9.989904397705544684e-03
1.113798172933928290e-03
-2.281878053962184058e-02
1.360800509878903886e-02
-6.535610792436796377e-04
-1.511299766305502536e-02
-1.721011259825791463e-03
1.042228170809432822e-02
1.259035479073719946e-02
-7.827660930528999514e-03
-1.866632674739749156e-02
3.889407265774378480e-02
2.163382196728277484e-03
-1.106515402591884412e-02
-1.913388570214574150e-03
4.047095814743998515e-03
-2.448268536222647160e-02
-6.215134905459953306e-03
-1.681349479498618930e-03
-2.638436371361801633e-02
-1.227152751221584955e-03
2.032411302315700278e-03
7.336885489696197242e-03
4.354331846186530915e-03
-1.279977905247503718e-02
-3.755785001062247712e-03
2.509912895687274256e-02
8.943683875079667597e-03
-8.145638410877415608e-03
4.399643084767368428e-03
6.441861057998725729e-03
-3.006568939876779530e-03
9.995852984916082397e-05
5.530231570002124702e-02
8.025765880603356883e-02
6.527078818780539249e-02
7.438844274484811281e-02
6.534064159762056900e-02
1.205928192054387142e-03
-1.241422562141491492e-01
-1.669515190142341343e-01
-1.970919906522201059e-01
-1.599009135330359266e-01
-6.957705544933077968e-02
8.025306989589972573e-02
2.368455491820692926e-01
3.229623964308476758e-01
2.819205438708307088e-01
2.167954110898661635e-01
1.841155725515190023e-01
-5.996430847673677594e-02
-2.760943275971957100e-01
-3.251463777352878726e-01
-3.521002761844062023e-01
-3.519405141278946769e-01
-3.760934777990227462e-01
-3.036226896112173557e-01
-2.300250690461015379e-01
9.303556405353728687e-02
3.240892288081580475e-01
3.605132780964521166e-01
-4.790193329084342644e-02
-1.137346080305927376e-02
2.844801359677076591e-01
4.076243892075632202e-01
3.040237943488421912e-01
2.053758232419800323e-01
8.992768217548333110e-02
-3.846067558954748694e-02
-7.481096239643084123e-02
3.267100063734863086e-02
-2.751204588910133916e-03
-7.054582536647546927e-03
-3.749530486509453781e-02
-1.281104737624814138e-01
-1.940905035054174554e-01
9.139069471000638156e-02
2.865094540046739247e-01
3.558971744210749910e-01
3.651072870193329267e-01
1.997331633736987577e-01
9.316932228595709020e-02
2.238640322923305948e-01
-6.478385383471425840e-02
-2.713626513702995791e-01
-4.475343106012322214e-01
-5.450401529636711428e-01
-5.854089653707245100e-01
-6.143649883152750846e-01
-4.047163798597833151e-01
-2.654327597195666466e-01
-1.925370724452942495e-01
-7.166534947949862455e-02
7.924181007010835942e-02
-1.308667091565753147e-03
-8.950108349267049679e-02
-1.205457403866581900e-01
-6.962838325897599545e-02
1.997229657956235693e-01
2.177403866581686942e-01
2.349165073295092776e-01
5.986760144465690103e-02
1.121050350541746427e-01
1.015456129169322319e-01
1.260714680263437526e-01
2.126144040790312606e-01
1.791527512215848883e-01
2.037816018695559894e-01
-1.092507329509241620e-01
-7.855245379222434987e-02
1.934922455916719963e-01
2.106955598045464340e-01
-4.087206288506479990e-02
-8.362455916719779836e-02
1.098350541746335451e-01
2.653392819205439013e-01
2.573273847461228225e-01
1.837909496494582462e-01
-1.170904610155088302e-02
-2.499970257063947321e-01
-2.001631612492033307e-01
-6.474986190779689899e-02
2.429148077331633737e-01
3.014489058848523473e-01
-3.147397493095389631e-01
-4.006883365200764602e-01
-5.454871468026343262e-01
-2.207741661355428486e-01
3.316116422349692505e-01
1.867890376035691580e-01
-3.140939026981092175e-01
-3.193541533885702610e-01
-1.297126832377310524e-01
-3.961895049925643481e-03
9.398563841087742565e-02
2.023114510303802849e-01
3.003050775440832543e-01
3.050928404503930325e-01
-1.499666029318036942e-01
-4.004520926280008553e-02
2.310329296792011933e-01
3.567571701720841371e-01
3.730478011472275202e-01
-2.194892712980667238e-01
-4.259120458891013095e-01
-5.284809857658806509e-01
-1.716422349691948124e-01
2.572916932228595521e-01
2.631790949649458478e-01
1.204884639898024246e-01
-5.431994901210963206e-02
-2.081002761844062340e-02
1.749258551094115266e-01
3.563441682600382299e-01
4.377225408965371156e-01
4.463140004248991044e-01
3.858134693010410454e-01
2.770528999362651401e-01
1.294696409602719422e-01
6.857820267686424998e-02
1.255986403229233106e-01
9.070082855321862092e-02
2.536324622902060705e-02
-5.946462715105162167e-02
-1.524315275122158642e-01
-1.509025706394731270e-01
1.605005311238580923e-01
2.242600382409178084e-01
1.482986190779689850e-01
4.497267898874017511e-02
5.989751434034417538e-02
1.086922455916719821e-01
1.953040152963671228e-01
2.437187168047588726e-01
1.336560866794136437e-01
-1.768922880815806259e-02
-7.294310601232208147e-02
-1.796031442532398659e-01
-3.018364138517102280e-01
-3.882710856171659453e-01
-1.507790099851285537e-01
2.091370299553856060e-02
2.304244741873805180e-01
6.185052050138092339e-01
-6.914025918844274310e-02
-2.732407053324835133e-01
-5.293256851497769588e-01
-6.414973443807097109e-01
-1.769891650732951030e-03
-2.386743148502230849e-02
-2.352428298279158822e-02
-2.579324410452517591e-01
-4.185697896749522307e-01
-1.314360739324410554e-01
-1.980624601657106632e-01
-1.811259825791374511e-01
-2.296324622902060908e-01
-2.604155513065646854e-01
-3.582817080943275778e-01
-2.132993414064159876e-01
5.124418950499256414e-02
2.495007435734013512e-01
5.337225408965371454e-01
8.666224771616741762e-01
6.727291268323772888e-01
1.918419375398343063e-01
-1.849313787975356005e-01
1.421562778840025631e-01
1.819655831739961926e-01
2.807716167410240216e-01
2.382851072870193210e-01
7.509139579349904600e-03
-6.981278946250264739e-02
-1.816069683450180772e-01
-3.823717867006586335e-01
-4.889976630550245118e-01
-5.427270023369450413e-01
-5.830873167622689923e-01
-5.885243254727002826e-01
-5.847784151264074914e-01
-5.244325472700233082e-01
-4.536069683450180690e-01
-3.393176120671340668e-01
-1.953482048013596706e-01
-1.106379434884215140e-01
-2.204716379859783179e-02
1.469013809220310329e-01
-8.230159337157426022e-03
-9.092347567452729526e-03
9.492126619927766795e-02
1.789691948162311641e-01
2.115283620140216703e-01
2.079252177607818219e-02
5.172432547270023467e-02
1.119141703845336899e-01
2.086679413639260794e-01
1.780412152113872992e-01
1.904567665179520142e-01
2.330180582111748555e-01
3.451574251115360203e-01
2.855899723815593649e-01
2.765175270873168056e-01
2.635683025281495562e-01
2.465315487571701492e-01
1.905434459315912543e-01
1.039821542383683878e-01
1.596908434246866251e-02
-6.531667728914382354e-02
-1.705935840237943757e-01
-1.774667516464839556e-01
1.059329509241555278e-01
2.833397068196303326e-01
3.383454429572976818e-01
2.899511366050563366e-01
1.273777777777777842e-01
3.597569577225408904e-02
8.536324622902061177e-03
-5.797867006585936123e-01
-6.459281920543871180e-01
-6.906921606118547885e-01
-3.918844274484810097e-01
1.638166135542808502e-02
-1.099273422562141583e-01
-4.035844486934353492e-02
-5.509734438070958140e-02
-3.347439983004037167e-02
5.559039728064585351e-02
3.175236881240705022e-01
4.055899723815593605e-01
3.067618440620353271e-01
2.939774803484173082e-01
2.167478223921818770e-01
1.325450605481198474e-01
7.007231782451668611e-02
-1.154333545782876627e-02
-8.411285319736563904e-02
-2.943904822604631599e-01
-3.751892925430210801e-01
-4.086203526662418040e-01
-3.972296579562354379e-01
-3.477391119609092862e-01
-2.025425961334183234e-01
-7.946598682812831826e-02
-2.103930316549819379e-02
2.923764605906097741e-02
2.024576163161249387e-01
4.168514977692798218e-01
4.499528362014021954e-01
5.745383471425536959e-01
6.423709369024857008e-01
7.301533885702146121e-01
6.283679626088803927e-01
2.614676014446569163e-01
1.613554280858296164e-01
6.428502230720203880e-02
1.330942001274697251e-02
-1.765591671977905300e-02
-8.042489908646696661e-02
-1.722880815806246135e-01
-3.129415763756108193e-01
-4.735058423624389223e-01
-6.401376673040153342e-01
-8.256944975568303313e-01
-9.957323135755259402e-01
-9.865561929041852807e-01
-9.475470575738262902e-01
-5.596974718504355018e-01
-2.669640960271935648e-01
-1.295712768217548438e-01
-1.303004036541321464e-01
-8.490571489271298011e-02
-1.604520926280008503e-02
-2.281164223496919344e-02
1.597748034841725007e-01
4.414293605268749254e-01
5.146241767580199689e-01
3.785527937114935848e-01
1.802778840025494045e-01
1.078162736350117001e-01
1.641225408965370780e-01
1.903207988102825488e-01
1.363484172509029368e-01
1.384200552368812509e-01
1.869420012746972892e-01
2.005540684087529224e-01
1.492136817505842483e-01
2.098814531548757190e-01
1.851098364138517027e-01
2.074153388570214585e-01
1.945154025918844343e-01
1.551095814743998491e-01
1.185871255576800426e-01
1.044408752921181238e-01
8.509114085404716199e-02
3.758334395581049842e-02
-4.422264712130869434e-03
-5.280050987890376468e-02
-1.152989165073295130e-01
-1.677136180157212664e-01
-1.154943700871043227e-01
-1.307040577862757513e-01
-1.369298491608243185e-01
-1.457142128744423060e-01
-1.339711918419375369e-01
-1.066068408752921248e-01
-6.497913745485446591e-02
-2.944091778202676674e-02
5.422970044614404015e-04
2.610308051837688728e-02
3.019264924580411860e-02
5.181321436158912996e-02
8.175551306564690646e-02
6.202404928829403918e-02
4.131531761206713033e-03
-9.366645421712343697e-03
4.234119396643297450e-02
9.244087529211812704e-02
9.519354153388570605e-02
1.001934140641597693e-01
7.478580837051200525e-02
1.399724665391969269e-01
1.759065222009772722e-01
2.058092203101763440e-01
2.347397493095389753e-01
2.735330359039728210e-01
2.972695984703633276e-01
2.065723390694710060e-01
1.405251752708731872e-01
1.281463352453792170e-01
-4.291072870193329142e-02
-2.148442744848098607e-01
-3.371931166347992281e-01
-6.950924155513065195e-01
-8.123968557467601270e-01
-1.000000000000000000e+00
-6.019120458891014103e-01
-3.869895899723815869e-01
-1.377283195241130187e-01
-3.539902273210112499e-02
8.492254089653707497e-03
1.414616528574463850e-02
4.590779689823667499e-03
1.075725515190142367e-01
1.803016783513915477e-01
2.199209687699171800e-01
3.499774803484172470e-01
5.068910133843212984e-01
6.893426811132356002e-01
7.914442319949013260e-01
6.743046526449968381e-01
4.091778202676864540e-01
2.337624814106649684e-01
2.114552793711493572e-01
2.003994051412789634e-01
1.319491820692585693e-01
6.962039515615041710e-03
-1.315433184618653162e-01
-4.199838538347142602e-01
-4.430677714042914883e-01
-3.947448480985765729e-01
-3.686424474187380840e-01
-5.748153813469301932e-02
-4.650112598257913898e-01
-3.278317399617591277e-01
-1.934650520501381143e-01
-1.704729126832377484e-01
-1.018041215211387407e-01
-9.010325047801147347e-02
-4.151739961759082220e-02
-3.337412364563416278e-02
-5.128328022094753164e-02
-2.673855959209688049e-02
-1.732041640110473790e-02
-1.980913533035904076e-02
-6.824695134905460481e-03
-4.059723815593796470e-02
-2.183879328659443439e-02
5.920271935415339498e-02
8.748604206500956715e-02
1.131807095814744146e-01
2.838699808795411283e-01
3.816273635011684928e-01
2.673804971319311830e-01
1.397948587210537663e-01
5.666641172721478825e-02
1.276604206500956025e-02
3.870524750371787115e-02
3.078206925855109591e-02
8.150380284682387511e-02
6.554697259400893428e-02
-1.147331208837901045e-01
5.130809432759719790e-02
3.024176758019970351e-02
7.456622052262587563e-02
-9.827253027405991742e-03
3.843994051412789881e-02
-5.561164223496919967e-02
-1.675171446781389614e-02
-4.713660505629913705e-02
-4.779094964945825724e-02
-3.307737412364563506e-02
-3.278963246229020523e-02
-2.421176970469513662e-02
-5.073278096452092656e-02
-5.827270023369450491e-02
1.221768429997875487e-02
3.953006161036753952e-02
-2.261771829190567431e-03
3.367478223921818725e-02
1.682020820055236954e-02
8.063496919481624378e-03
-1.554466114297854522e-02
-1.146794136392606869e-02
1.225757382621627586e-03
1.956677289143828394e-02
3.623709369024856464e-02
4.095296367112811337e-02
4.332628000849798183e-02
4.173052899936265103e-02
2.943173996175908400e-02
2.037323135755258335e-02
9.800909284045039235e-03
-1.075888676439345701e-02
6.297004461440407729e-03
3.576409602719354819e-02
7.564546420225197465e-02
7.719005736137667106e-02
7.397476099426386620e-02
5.295177395368599882e-02
2.317705544933078288e-02
-3.918810282557892884e-03
-7.774395581049500792e-02
-1.005117484597408128e-01
-3.423021032504780514e-02
-3.808897386870618157e-02
-2.684546420225196461e-02
-4.288982366687911496e-02
-4.993142128744423175e-02
-6.171846186530699496e-02
-2.915181644359464766e-02
-3.733231357552581342e-02
-1.364998512853197316e-02
-2.446330996388357618e-02
-2.272785213511791316e-02
-1.124724877841512712e-02
7.912963671128106502e-03
4.334888463989802765e-02
1.062048863394943754e-01
1.498199277671553031e-01
1.114554493307839400e-01
8.856613554280858003e-02
5.874450817930742044e-03
5.850044614404079080e-02
4.585935840237943817e-02
2.988485234756745046e-02
3.984703632887189734e-02
4.033923943063522782e-02
4.056103675377098483e-02
4.205770129594221113e-02
3.283994051412789800e-02
2.639065222009772879e-02
2.859264924580412134e-02
4.273397068196303078e-02
5.814200127469725671e-02
5.554042914807733738e-02
4.812390057361377177e-02
2.654208625451455472e-02
1.147285319736562545e-02
2.524308476736775338e-03
-8.313337582324198047e-03
-5.984176758019970482e-03
-1.641330783938814561e-03
-2.777021457403866696e-03
-9.967622689611217723e-03
-2.577522838325897736e-02
-7.611931166347991884e-02
-1.425781176970469522e-01
-4.982315700021244798e-01
-2.867626938602082509e-01
-2.157467601444656990e-01
-1.506267261525387757e-01
-2.499188442744848179e-02
1.097373273847461299e-02
-1.286587635436583880e-02
1.359043127257276431e-03
-1.605736137667303914e-02
-1.584210749946887709e-02
-9.180590609730190574e-03
2.370019120458890811e-03
1.591937114935202888e-02
3.864032292330571439e-02
5.686543445931591806e-02
3.956388357765031061e-01
-3.244223496919481642e-01
3.284198002974293429e-01
1.208552368812407102e-01
1.126805183768854884e-01
1.014329296792012003e-01
6.809058848523476086e-03
1.895474824729126775e-02
3.666947100063735338e-02
4.877501593371574851e-02
4.915130656469089004e-02
6.997017208413002474e-03
-9.370571489271298238e-03
-2.268893137879753746e-03
-3.696944975568303149e-02
-2.129526237518589507e-02
-5.795912470788188234e-03
-8.282965795623539740e-02
-1.742681113235606538e-01
-3.499179944763118888e-01
-2.837323135755258630e-01
-1.665111536010197568e-01
-1.829411514765243163e-01
-4.744066284257488983e-03
9.076609305289994045e-02
5.085940089228808275e-02
9.393821967282769969e-02
5.977191417038453525e-02
7.012245591671978362e-02
7.368871892925431266e-02
9.460616103675377475e-02
9.158342893562779197e-02
8.867287019332908971e-02
8.802702358189930243e-02
7.016783513915446358e-02
5.453613766730400908e-02
4.574208625451455651e-02
3.565821117484597319e-02
1.556281283195241200e-02
-1.645975780752071543e-02
-6.807291268323774347e-02
-1.446167835139154367e-01
-1.387700021244954174e-01
-5.170104100276184944e-02
-3.465986828128320152e-02
-3.813469301041003123e-02
-6.079932016146165352e-02
-7.039796048438497211e-02
-7.227176545570428157e-02
-4.139910771191842448e-02
-2.745833864457191895e-02
-2.294421074994688892e-02
-3.241827066071808344e-02
-4.038070958147439715e-02
-2.203645634161886802e-02
-6.234612279583598947e-03
6.196014446568939502e-03
2.627915869980879809e-02
3.601206713405566417e-02
3.113541533885702192e-02
2.683679626088804338e-02
1.836413851710218953e-02
-6.369577225408966197e-03
-1.561342681113235716e-02
-2.063241980029743156e-02
-1.716405353728489569e-02
-3.578058211174846119e-03
1.338131293817718462e-02
5.236218398130444013e-02
7.374378585086041604e-02
1.005353728489483678e-01
1.301496494582536634e-01
1.227144253239855626e-01
1.219943063522413579e-01
7.735593796473337613e-02
2.766874867219035888e-02
-2.420259188442745041e-02
-6.065468451242830850e-02
-3.856078181431910057e-02
-4.287809645209263165e-02
-5.274850223072020949e-02
-3.843263224984066334e-02
-4.685532186105800107e-02
-4.404096027193541568e-02
-5.075776503080518809e-02
-5.286152538772041776e-02
-6.626998087954111272e-02
-5.269224559167198091e-02
-5.911213086891863727e-02
-4.847197790524750138e-02
-4.513872955173146156e-02
-2.245489696197153218e-02
-1.198067558954748341e-02
-6.703445931591247003e-04
1.117190567240280465e-02
1.462444869343530914e-02
1.409585723390694746e-02
1.249895049925642612e-02
-8.537701295942213414e-03
-1.327558104950074362e-02
-8.940471637985978465e-03
1.224922880815806220e-02
1.117244954323348173e-02
2.772704482685362307e-02
2.269674952198852749e-02
2.784295729764181201e-02
3.471119609092840341e-02
3.525795623539409313e-02
3.254659018483110205e-02
3.102341193966432972e-02
2.811880178457616675e-02
1.744176758019970463e-02
-1.330863819842787593e-02
-1.939630337794773923e-02
-6.859264924580412565e-03
2.734446568939876906e-02
3.419876779264924282e-02
6.861559379647334811e-02
5.928277034204377377e-02
4.232555768005098751e-02
3.230745697896749563e-02
2.772653494794986503e-02
2.091506267261525331e-02
2.121980029742936286e-02
1.863913320586360958e-02
1.811837688548969746e-02
1.609662205226258802e-02
1.429710643722116245e-02
1.138850223072020509e-02
1.334930953898449089e-02
7.168795411089866516e-03
8.831051625239005887e-03
7.435326110048864033e-03
1.202399830040365436e-02
3.680747822392182317e-02
4.830507754408328025e-02
5.879974506054812949e-02
6.077620565115784967e-02
3.252483535160399092e-02
1.209748884639898041e-02
-3.716473337582323899e-02
-9.352487784151264361e-02
-1.658938602082005442e-01
-1.965838113448056257e-01
-1.779035479073720061e-01
-1.086737199915020213e-01
-6.666921606118546284e-02
-1.238898661567877646e-02
-1.230132143615891328e-02
-7.741950286806883845e-03
-1.553089441257701417e-02
-1.768888888888888941e-02
-1.401283195241130250e-02
-6.185171021882302986e-03
3.671383046526450079e-03
-5.562149989377522573e-04
-5.461635861482897446e-03
-1.772695984703633043e-02
-5.285251752708731987e-02
-9.080484384958571742e-02
-3.896052687486722260e-02
1.127751858933503243e-02
3.720025493945187944e-02
5.783658381134480775e-02
5.428272785213511531e-02
6.472487784151263746e-02
9.523909071595496045e-02
1.763535160399405111e-01
2.983896324622902219e-01
1.148225196515827579e-01
1.054461865306989543e-01
-5.341899298916506778e-02
-4.832088379009984863e-02
-4.156447843637136458e-02
-3.297420862545145936e-02
2.636158912258338913e-02
3.881317187168047828e-02
5.257599320161462225e-02
4.830082855321861379e-02
4.279770554493308315e-02
3.509496494582536874e-02
2.993957934990440148e-02
2.501363926067558946e-02
9.356685787125557444e-03
1.216662842574888631e-03
1.102686212024644313e-02
1.552576163161249224e-02
1.359908221797323340e-02
1.624819205438708322e-02
1.539042277459103623e-02
4.245829615466326784e-03
-2.905663904822604598e-03
-1.830550244316974870e-02
-3.307584448693435403e-02
-3.366492458041215469e-02
-4.242753346080306576e-02
-3.372067134055661830e-02
-3.321895049925642496e-02
-3.289500743573401526e-02
-2.024746122795835837e-02
-1.169184618653069940e-03
1.020481835564053530e-02
1.966653919694072786e-02
1.909751434034416898e-02
-5.925965583173996992e-03
-2.957229657956235783e-02
-6.237280645846611515e-02
-8.522183981304440326e-02
-9.444214998937752736e-02
-1.058659868281283251e-01
-8.198155937964733686e-02
-5.877374123645634496e-02
-3.406263012534523071e-02
-1.386989589972381642e-02
-2.146046314000425032e-03
-2.522031017633312444e-03
-9.531285319736563415e-04
-6.596558317399618503e-03
-2.109623964308476873e-02
-2.343437433609518034e-02
-3.204996813256851679e-02
-3.039762056511578769e-02
-3.044214998937752603e-02
-3.047376248141066973e-02
-3.292644996813257063e-02
-2.707983853834714308e-02
-1.552241342681113384e-02
-2.486645421712343432e-03
1.737769279796048602e-02
3.560705332483535268e-02
5.514833227108562053e-02
6.529016358614829485e-02
6.646577437858508519e-02
6.541457403866582365e-02
4.353057148927130110e-02
2.785162523900574019e-02
2.676235394093903069e-02
1.215496919481623070e-02
1.084459740811557181e-02
-1.886042065009560162e-02
-4.163042277459103740e-02
-4.858687061822817427e-02
-2.104015296367112847e-02
-1.052650095602294554e-03
2.350541746335245430e-02
3.092840450393031376e-02
4.106207775653282488e-02
4.748893137879753312e-02
6.150312300828553874e-02
7.629352028893138238e-02
8.046246016571063919e-02
7.281784576163161105e-02
3.874093902698109299e-02
4.124444444444444469e-03
-2.568633949437008901e-02
-4.639779052475036941e-02
-5.014336095177395619e-02
-4.160543870830678281e-02
-2.370257063947312642e-02
6.286568939876779893e-03
2.760654344593159448e-02
5.919116209900148612e-02
8.199566602931804282e-02
9.113779477374124582e-02
8.766857871255577528e-02
9.097905247503718096e-02
7.515598045464202959e-02
5.221278946250265673e-02
3.845302740599107743e-03
-3.671179094964945738e-02
-6.914773741236455995e-02
-8.394102400679838427e-02
-7.979893775228383279e-02
-6.588893137879753281e-02
-5.646025069046101824e-02
-5.207716167410240266e-02
-4.690121096239643211e-02
-5.314824729126833153e-02
-4.376426598682812974e-02
-4.201028255789250598e-02
-2.609951136605056371e-02
-1.369205013809220509e-02
2.909742936052687936e-03
2.015704270235818898e-02
2.335891225833864812e-02
3.009203314212874347e-02
2.888311026131294354e-02
2.297905247503717954e-02
1.572901635861483072e-02
5.650053112385808492e-03
-7.975984703632888265e-03
-3.628621202464414434e-03
-2.075037178670065838e-04
5.344295729764181584e-04
-4.188876141916295787e-03
-1.950303802846823850e-02
-4.117680050987890250e-02
-5.424431697471850805e-02
-5.232819205438708765e-02
-3.025179519864032440e-02
-4.594773741236456675e-03
1.065905247503717845e-02
2.136290630975143379e-02
1.669911196090928529e-02
1.673522838325897794e-02
2.441878053962184131e-02
5.120322923305715285e-02
1.136683237731038881e-01
1.303656681538134798e-01
1.039692373061398001e-01
5.743309963883578423e-02
2.905986828128320071e-02
-2.410894412577013150e-03
-3.532441045251753092e-02
-7.680169959634586263e-02
-7.031654981941788674e-02
-6.914416826003824679e-02
-4.636022944550669683e-02
-2.801070745697896783e-02
-1.864304227745910633e-02
-1.762685362226471333e-02
-3.076150414276609263e-02
-3.881878053962183744e-02
-4.212483535160399528e-02
-4.153490545995326688e-02
-3.696146165285744967e-02
-2.672275334608030864e-02
-1.507467176545570532e-02
-3.212644996813257114e-03
1.084102825578924997e-02
1.241731888676439292e-02
4.040943275971957058e-03
-1.587045676651795481e-02
-3.987270023369449828e-02
-7.461176970469514391e-02
-9.109071595496069651e-02
-8.402685362226471055e-02
-6.111221584873592627e-02
-2.363815593796473463e-02
-4.721597620565115908e-03
1.924690885914595237e-02
1.064372211599745079e-02
1.353407265774378768e-02
1.284993414064159768e-02
1.384654344593159135e-02
1.497573826216273829e-02
8.304822604631400401e-03
9.038011472275333733e-03
1.197513490545995367e-02
1.668373061397918078e-02
2.588910133843212377e-02
3.286917357127682598e-02
3.456384108774166602e-02
2.968005098789037663e-02
2.581839813044401952e-02
2.221117484597408265e-02
2.095024431697472059e-02
1.041461652857446352e-02
-4.922880815806246479e-03
-7.032810707456978866e-03
-6.459808795411090335e-03
-1.092028043339706919e-03
1.079585298491608260e-02
1.610476311875929517e-02
2.667040577862757680e-02
3.847427236031442793e-02
4.077943488421500312e-02
3.810512003399192660e-02
3.242302953048651487e-02
1.520416401104737747e-02
7.615160399405141063e-03
-6.651421287444231854e-04
-8.538908009347780798e-03
-4.786675164648396263e-03
-2.513550031867431422e-02
-2.253205863607393375e-02
-2.619366900361164499e-02
-1.394364138517102322e-02
5.814268111323561521e-03
3.384100276184406203e-03
-1.663879328659443463e-02
-3.190686212024644586e-02
-4.322124495432334845e-02
-3.909445506692160732e-02
-4.318946250265562337e-02
-4.013324835351603920e-02
-3.719056724028043520e-02
-3.246042065009559913e-02
-2.495738262162736434e-02
-2.021007010834926718e-02
-2.439838538347142635e-02
-2.937514340344168223e-02
-3.903768854896962071e-02
-3.586964096027193960e-02
-3.536010197578075276e-02
-3.863777352878691729e-02
-4.070431272572763715e-02
-3.155555555555555891e-02
-1.183636286381984336e-02
-8.019375398342894288e-04
8.455678776290630194e-03
1.208956872742723669e-02
2.429487996600807401e-02
3.417837263649883828e-02
4.549989377522838802e-02
5.510142341193966647e-02
5.908697684299978742e-02
4.987805396218398385e-02
3.082048013596771011e-02
1.295202889313788047e-02
-4.216120671340557215e-03
-1.572864244741873849e-02
-3.307584448693435403e-02
-4.957824516677289406e-02
-6.383768854896962330e-02
-6.230465264499680800e-02
-4.110218823029530844e-02
-2.260616103675376978e-02
-2.946403229233057232e-03
5.510499256426599005e-03
5.208396005948587662e-03
4.543836838750796997e-03
2.929900148714680366e-03
-3.623454429572976927e-03
2.518019970257064175e-03
2.057786275759507233e-02
3.165702145740386525e-02
3.447155300616103896e-02
3.766186530698958923e-02
3.079719566602931793e-02
2.883739111960909735e-02
2.719592096876991688e-02
3.597552581261950766e-02
4.853775228383259283e-02
6.250248565965582648e-02
7.206526449968132797e-02
7.459375398342893426e-02
7.904244741873805991e-02
6.604410452517528451e-02
4.468884639898024203e-02
1.586717654557042584e-02
-9.073057148927130000e-03
-7.846781389420012451e-03
-1.002783938814531687e-03
1.019132356065434626e-02
1.824975568302528162e-02
2.064329721691098712e-02
1.357396218398130433e-02
8.398045464202251106e-03
2.305672402804334088e-03
-3.857403866581687185e-03
-1.568312725727639620e-02
-4.270490758444869805e-02
-7.893520288931378526e-02
-1.041045251752708845e-01
-1.007065222009772693e-01
-4.316991714467813962e-02
-3.106522200977267917e-02
-3.624797110686212021e-02
-2.731506267261525275e-02
-4.200773316337370195e-02
-3.317884002549394834e-02
-1.997348629700446132e-02
3.011888676439345943e-04
1.165640960271935485e-02
2.900123220735075988e-02
4.076328871892925809e-02
4.828876141916295384e-02
5.989751434034417538e-02
6.566747397493095939e-02
7.309114085404716521e-02
6.184270235818993544e-02
3.864610155088166882e-02
1.992895687274272645e-02
-6.152181856809007914e-03
-6.555886976843000070e-03
7.001028255789250310e-03
2.725744635649033493e-02
4.371208837900999317e-02
5.349921393669004183e-02
5.396847248778415679e-02
5.744363713618015621e-02
6.300964520926279067e-02
6.881546632674739872e-02
7.225323985553432082e-02
6.225774378585086782e-02
4.539315912470788528e-02
2.381032504780114870e-02
-4.914399830040365284e-03
-3.090987890376035996e-02
-4.883195241130231651e-02
-6.065655406840875230e-02
-3.411633736987465526e-02
-7.684673889951136594e-02
-4.386182281708094627e-02
-5.628927129806671203e-02
-3.516498831527511970e-02
-2.784397705544933155e-02
-2.372432547270023409e-02
-2.826751646483960378e-02
-3.413350329296791635e-02
-4.056273635011685419e-02
-4.087359252177608093e-02
-3.806806883365200511e-02
-3.442991289568727437e-02
-2.775066921606118495e-02
-1.653148077331633575e-02
8.444240492882940183e-04
4.374608030592734391e-03
7.799515615041428297e-03
-3.952802209475249210e-05
-4.567733163373699154e-03
-4.886917357127682632e-03
2.528472487784151537e-03
9.316133418313150491e-03
1.461199065222009916e-02
1.841801572126619893e-02
1.754187380497132173e-02
1.403586148289781219e-02
2.078623326959847147e-03
-7.690928404503930872e-03
-2.104542171234332140e-02
-3.800807308264287504e-02
-5.073244104525175685e-02
-5.327690673465052679e-02
-4.435232632249840740e-02
-1.788519226683662686e-02
-4.194943700871043082e-03
1.628240492882940607e-02
2.823216486084555166e-02
3.865629912895687803e-02
4.970860420650095868e-02
6.012254089653707584e-02
6.429182069258551624e-02
6.926551943913321352e-02
6.558538347142553460e-02
5.887146802634374981e-02
4.971319311663480178e-02
3.900947524962821572e-02
2.585646908859146054e-02
1.199728064584661136e-02
-4.447214786488209309e-03
-1.587096664542171284e-02
-1.940242192479286337e-02
-1.844384958572339167e-02
-1.256715530061610492e-02
-9.360135967707669535e-03
-1.004046738899511473e-02
-2.181142978542596408e-02
-4.393337582324197826e-02
-4.591000637348630065e-02
-4.036983216486084852e-02
-2.718334395581049889e-02
-1.614353091140854207e-02
-9.638682812831951899e-03
-7.615381346930104496e-03
7.823326959847036292e-04
4.786386233269599062e-03
5.721266199277671646e-03
4.396702783089016971e-03
-2.146811132356065549e-03
-5.931268323773103771e-03
-1.388755470575738470e-02
-1.981355428085829554e-02
-2.521521138729551983e-02
-2.706437221159974787e-02
-2.302681113235606827e-02
-1.806059060973018784e-02
-1.331562353940939254e-02
-6.285379222434672036e-03
2.805795623539409592e-03
3.867703420437646183e-03
9.744550669216062166e-03
1.574040365413214432e-02
2.252831952411302532e-02
3.397459103462927704e-02
4.392946675164648151e-02
5.140667091565753050e-02
4.969840662842575640e-02
3.737327384746122472e-02
2.326849373273847527e-02
3.368633949437009265e-03
-9.766067558954748609e-03
-2.823097514340344380e-02
-4.404860845549182086e-02
-5.495525812619503347e-02
-6.156991714467813931e-02
-6.107431485022307011e-02
-3.910176333120883585e-02
-4.298500106224771578e-02
-3.441495644784364066e-02
-3.572772466539197306e-02
-3.454565540684088193e-02
-3.023802846823879509e-02
-2.222715105162523935e-02
-1.410243467176545452e-02
-8.247036328871894251e-03
-3.608735925217760980e-03
-7.153872955173146662e-03
-1.094351391544508278e-02
-2.016061185468451256e-02
-2.779621839813044629e-02
-3.328421499893775143e-02
-3.667066071807945776e-02
-3.130452517527087392e-02
-1.998929254302103317e-02
-7.497786275759508318e-03
7.163237731038878987e-03
1.666885914595283777e-02
2.252814956447843700e-02
2.423335457828765596e-02
2.832768217548332218e-02
3.229504992564265903e-02
3.908034841725090830e-02
4.176588060335670316e-02
4.186717654557042811e-02
4.245098789037603237e-02
4.711637985978330001e-02
5.687886127044827073e-02
6.352224346717655346e-02
6.492661992776715962e-02
6.178831527512215760e-02
4.865230507754408212e-02
3.091701720841300363e-02
8.729075844486934577e-03
-1.288299128956872826e-02
-2.699298916507329726e-02
-3.580233694497556712e-02
-4.150193329084343047e-02
-4.406900361164223928e-02
-5.061024006798385544e-02
-5.621261950286807196e-02
-6.184661142978542525e-02
-6.682115997450606415e-02
-6.901346930104100552e-02
-5.953210112598258247e-02
-2.783989802421924994e-02
3.991773953685999639e-03
1.169337582324198044e-02
1.097086042065009530e-02
-1.560946675164648486e-03
-4.037850010622477670e-03
-9.276719779052475853e-04
7.852356065434459506e-03
1.805872105374973710e-02
2.242702358189930037e-02
2.173460803059273569e-02
2.006033567027830714e-02
1.747049075844487112e-02
1.541634161886551967e-02
1.037428510728702000e-02
3.562829827915869971e-03
-4.161087741661355539e-03
-1.289714892712980759e-02
-1.440353516039940586e-02
-1.175864032292330691e-02
-6.200195453579774793e-03
4.899715317612067522e-03
1.543481623114510357e-02
2.692415551306565069e-02
3.531608243042277245e-02
4.245387720416401306e-02
4.529458253664754575e-02
4.308102825578925127e-02
3.707465476949224625e-02
2.175092415551306904e-02
-3.257259400892288312e-03
-3.399447631187593050e-02
-5.400093477799022129e-02
-5.770452517527087377e-02
-4.700318674314850342e-02
-3.973979179944763657e-02
-2.927299766305502607e-02
-2.686059060973019358e-02
-2.553779477374124030e-02
-1.998300403654132418e-02
-4.895568302528149549e-03
1.258930104100276261e-02
2.419341406415976420e-02
3.143199490121096479e-02
3.384151264074782006e-02
3.487860633099638952e-02
3.819519864032292628e-02
4.078946250265562401e-02
4.199906522200977377e-02
4.247036328871893474e-02
4.208098576588060330e-02
3.889152326322498077e-02
3.194017420862545198e-02
1.960909284045039142e-02
7.011837688548970375e-03
-4.717518589335033437e-03
-1.480790312300828485e-02
-1.828170809432759850e-02
-1.220189504992564254e-02
-3.883169747185043555e-03
4.496044189504992683e-03
1.623185893350329381e-02
2.205311238580837108e-02
2.057990227321011487e-02
1.143100913533036042e-02
-9.014659018483110395e-03
-2.555309114085404718e-02
-3.891718716804758865e-02
-4.394748247291268423e-02
-4.981754833227108881e-02
-4.952351816443594651e-02
-4.197425111536010056e-02
-3.119422137242405108e-02
-2.517459103462927825e-02
-1.542135542808583011e-02
-1.876643297216911126e-03
9.193320586360739094e-03
1.672062885064797000e-02
1.877595071170597152e-02
2.113074144890588618e-02
2.318096452092627963e-02
2.547796898236668814e-02
2.444648396005948479e-02
2.253834714255364621e-02
2.009126832377310448e-02
1.819281920543871015e-02
1.447325260250690443e-02
1.063316762268961234e-02
8.913516039940514238e-03
3.269547482472913002e-03
-2.387677926492458216e-03
-1.121708094327597202e-02
-1.677742936052687567e-02
-1.592810707456979169e-02
-9.005498194178881977e-03
-1.850163586148289782e-03
6.308782664117272218e-03
1.085853409815168945e-02
1.545092840450393128e-02
2.023080518376885531e-02
2.373384321223709348e-02
2.133792224346717920e-02
7.485328234544295738e-03
-9.210707456978967089e-03
-2.218398130444019720e-02
-2.523322710856171561e-02
-2.272513278096452080e-02
-1.672893987677926547e-02
-8.465672402804335500e-03
2.848574463564903462e-03
1.507356702783089163e-02
2.796685787125557932e-02
3.991349054599532820e-02
5.303675377097939736e-02
5.652143615891226658e-02
5.512946675164649007e-02
4.626845124282982780e-02
3.188867643934566176e-02
1.465927342256214197e-02
-1.862179732313575670e-02
-4.244164011047376478e-02
-5.126441470150839425e-02
-3.865748884639898242e-02
-2.411251327809645420e-02
-1.304696834501805833e-02
-7.497956235394094039e-03
-1.016785213511790971e-02
-1.452221797323135881e-02
-1.909003611642235212e-02
-1.992079881028255631e-02
-2.007886127044827135e-02
-2.043526662417675943e-02
-2.353652007648183650e-02
-3.034918206925855261e-02
-3.528939876779265544e-02
-3.753456554068409362e-02
-3.971344805608668233e-02
-4.023284469938389479e-02
-3.623981304440195700e-02
-2.369594221372424425e-02
-5.059120458891013146e-03
6.038512853197365408e-03
1.826794136392606918e-02
2.476532823454429683e-02
3.045200764818355860e-02
3.625459953261100932e-02
3.943930316549819348e-02
4.154850223072020093e-02
4.228578712555768060e-02
4.213656256639048553e-02
4.100021244954323713e-02
3.820590609730189352e-02
2.787779902273210264e-02
1.133397917994476319e-02
-9.018126195028680278e-03
-3.066547694922456407e-02
-5.439847036328872287e-02
-6.226556192904185438e-02
-5.914646271510516640e-02
-5.609296792011896765e-02
-5.143641385171022345e-02
-4.788833652007648545e-02
-3.634348842149989073e-02
-1.772271085617166050e-02
-9.738483110261313136e-03
-8.028009347779902979e-03
-7.620633099638835298e-03
-9.704712130868918887e-03
-2.990626726152538842e-03
8.562362438920756089e-03
1.950303802846823850e-02
3.150711705969832382e-02
4.114382834076907303e-02
4.536698534098151936e-02
4.186530698958997737e-02
3.227975355852984868e-02
2.335126407478223948e-02
1.329283195241130408e-02
4.092899936265137137e-03
-2.933690248565966070e-03
-9.317119184193754441e-03
-1.289961334183131574e-02
-1.125649458253664796e-02
-4.915742511153601071e-03
3.873142128744423533e-03
1.634415126407478408e-02
2.962481410664967452e-02
3.781516889738686937e-02
4.369679201189717588e-02
4.178389632462290587e-02
3.529619715317611900e-02
2.182332695984703919e-02
8.190371786700659587e-03
-1.100984916082430390e-02
-3.110941151476524780e-02
-5.205727639685574920e-02
-6.758648820905036048e-02
-7.601580624601657343e-02
-7.233482048013596677e-02
-6.263573401317187872e-02
-4.169041852560016748e-02
-2.454319099213936664e-02
-1.229494794986190839e-03
1.089262800084979908e-02
2.382018270660718126e-02
3.006925855109411627e-02
3.197688548969619682e-02
3.199320161461653017e-02
2.701287444231995072e-02
1.694110048863394988e-02
3.384423199490121156e-03
-1.131994051412789533e-02
-2.296766517951986594e-02
-2.496265137029955380e-02
-1.985553431060123331e-02
-1.060728277034204449e-02
-4.811438283407690891e-03
7.541907796898237595e-05
4.287639685574676229e-03
4.545927342256213775e-03
7.236150414276608898e-03
1.644512428298279191e-02
2.218840025493945198e-02
2.461610367537709829e-02
2.066471213086892161e-02
1.444507329509241676e-02
4.081070745697896671e-03
-4.678240917782026768e-03
-8.425782876566815377e-03
-1.117440407903123011e-02
-9.674442319949011840e-03
-2.655024431697471793e-03
3.382961546632674756e-03
1.170658168684937314e-02
2.046161036753771020e-02
2.871349054599533004e-02
3.321895049925642496e-02
3.668476736775016372e-02
3.635895474824729634e-02
3.238835776503080910e-02
2.531123858083705186e-02
1.512411302315700042e-02
9.769874654769493405e-03
8.109487996600807380e-03
1.096064584661143003e-02
9.972636498831528168e-03
7.117280645846612436e-03
7.069487996600807688e-04
-7.378270660718079348e-03
-1.566584236243892189e-02
-2.597017208413002209e-02
-3.440679838538347746e-02
-4.224482685362226930e-02
-4.811897174421075202e-02
-5.103309963883578132e-02
-4.509810919906521998e-02
-4.333443807095814504e-02
-3.684113023156999900e-02
-3.028510728701933746e-02
-2.027244529424261990e-02
-1.125989377522838321e-02
-5.927988102825579135e-04
1.295536010197578108e-02
2.206195028680688411e-02
2.814174633524538227e-02
3.046067558954747984e-02
2.611378797535585453e-02
1.810053112385808655e-02
1.066246866369237323e-02
4.215865731888676464e-03
9.271417038453367556e-04
4.187380497131931202e-03
8.396719779052475713e-03
1.756005948587210583e-02
1.864440195453579904e-02
1.832198852772466691e-02
1.650257063947312489e-02
9.045200764818355985e-03
1.507705120033991887e-03
-9.103734862970044861e-03
-1.989139579349904347e-02
-2.764070533248353528e-02
-3.278181431909921173e-02
-3.080416401104737675e-02
-2.404911833439558194e-02
-1.374682812831952428e-02
-4.784346717654557393e-03
4.143462927554706320e-03
1.134760994263862323e-02
2.146964096027193653e-02
3.587779902273210281e-02
5.204979817293393235e-02
6.714901210962395672e-02
7.979791799447631673e-02
8.317144678138942149e-02
7.959294667516464417e-02
6.166271510516253135e-02
3.454531548757170528e-02
1.185942638623327036e-02
-1.018037816018695606e-02
-1.911892925430210347e-02
-2.403212237093690570e-02
-2.698279158699809152e-02
-3.149267049075844815e-02
-3.496647546207775487e-02
-3.617930741448906196e-02
-3.245124282982791292e-02
-2.748587210537497411e-02
-2.699026981091990837e-02
-2.939417888251540101e-02
-3.346063309963883542e-02
-4.017964733375823522e-02
-4.542205226258763662e-02
-4.521708094327597099e-02
-3.703233482048013531e-02
-2.543343955810494980e-02
-1.010986190779689792e-02
1.044915232632249828e-03
1.199886127044826750e-02
1.512433397068196385e-02
1.476937327384746264e-02
8.993719991502018354e-03
2.874340344168260265e-03
-2.112105374973443760e-03
-5.839354153388570667e-03
-5.233736987465476692e-03
-5.302247716167411348e-04
2.918699808795411146e-03
5.447308264287232388e-03
6.944414701508391623e-03
5.563917569577225483e-03
8.025850860420650698e-03
1.185363076269385987e-02
1.601959634586785572e-02
2.189963883577650261e-02
2.650197578075207464e-02
2.782001274697259649e-02
2.652780964520926391e-02
2.159762056511578543e-02
1.383015933715742510e-02
5.264448693435309738e-03
-2.863462927554705998e-03
-6.864635649033354846e-03
-4.291123858083704772e-03
-1.657913745485447253e-03
-2.119668578712555641e-03
-1.839881028255789443e-03
-1.406259613341831461e-04
1.847920118971744206e-03
6.171880178457616987e-03
6.638436371361801716e-03
6.651506267261525149e-03
2.784499681325685282e-03
-7.266437221159974388e-04
-2.858228170809432988e-03
-3.184873592521775959e-03
-4.113991926917357107e-03
-5.950983641385171503e-03
-9.481436158912259424e-03
-1.200016995963458684e-02
-1.311964308476736875e-02
-1.174659018483110301e-02
-8.083229233057149035e-03
-6.963127257276397614e-03
-6.462545145527937886e-03
-8.280926280008498244e-03
-9.464168260038241173e-03
-8.778500106224771879e-03
-4.603254727002337003e-03
-4.953167622689612186e-03
-2.261890800934778043e-03
2.136613554280858505e-03
6.710210325047802349e-03
1.140899936265137027e-02
1.249322285957085200e-02
1.576749521988527608e-02
1.868366263012534445e-02
2.332458041215211553e-02
2.642957297641810102e-02
2.805608667941364431e-02
2.835470575738261931e-02
2.367299766305502526e-02
1.597525387720416523e-02
5.294497556830253353e-03
1.616795411089866331e-04
-4.845243254727002458e-03
-6.880084979817293993e-03
-1.095598895262375229e-02
-1.825774378585085997e-02
-2.478759294667516599e-02
-2.818168684937327403e-02
-3.131183343955810938e-02
-2.956940726577438061e-02
-2.405897599320161451e-02
-1.739502868068833891e-02
-1.170573188867644020e-02
-5.256052687486721837e-03
2.012644996813256568e-03
6.905663904822605115e-03
1.063211387295517375e-02
1.406681113235606732e-02
1.714501805821117691e-02
1.538879116209900325e-02
1.197812619502868110e-02
5.955606543445931926e-03
-6.109114085404716409e-04
-7.698661567877630209e-03
-1.274376035691523329e-02
-1.414575738262162895e-02
-1.019847886127044773e-02
-1.425742086254514623e-03
5.023275971956659910e-03
1.072197153176120653e-02
1.283696622052262620e-02
1.280396005948587247e-02
1.118577437858508591e-02
8.686314000424900233e-03
6.097981729339282259e-03
4.620692585510941842e-03
2.228136817505842453e-03
-2.824797110686212351e-03
-7.233821967282770896e-03
-1.165035903972806534e-02
-1.456236243892075795e-02
-1.312322923305715011e-02
-1.014555343106012322e-02
-3.285251752708732032e-03
1.058736350116847415e-03
3.534922455916720413e-03
4.097097939239431087e-03
5.544321223709369447e-04
-5.048175058423624677e-03
-1.135610792436796308e-02
-1.781856809007860767e-02
-2.365957085192266912e-02
-2.887563203739111975e-02
-2.995470575738262350e-02
-2.913906947100063788e-02
-2.686398980242192536e-02
-2.086832377310388759e-02
-1.355501168472487972e-02
-4.266598682812832236e-03
3.549623964308476834e-03
1.283135755258126183e-02
1.783964308476736899e-02
2.390856171659231158e-02
2.873286594433821853e-02
3.293273847461228310e-02
3.222757595071170517e-02
2.946828128319524398e-02
2.636940726577437916e-02
1.954824729126832319e-02
1.140000849798173017e-02
1.760356915232632333e-03
-5.125064797110686840e-03
-8.823182494157637279e-03
-1.245197365625663917e-02
-1.568377310388782697e-02
-1.898806033567028081e-02
-2.024814106649670820e-02
-1.889305289993626485e-02
-1.697291693222859402e-02
-1.447459528362014108e-02
-1.285549182069258521e-02
-1.086179732313575542e-02
-8.638300403654132487e-03
-3.722659868281283368e-03
1.146636073932441038e-03
7.006959847036329202e-03
1.220808158062460132e-02
1.645103887826641215e-02
1.945697896749521913e-02
2.271748459740811910e-02
2.360280433397068250e-02
2.225179519864032424e-02
1.624712130868918511e-02
8.753346080305928964e-03
-1.663389844911833350e-03
-1.200154663267473908e-02
-1.888132568514977808e-02
-2.429623964308477019e-02
-2.847316762268961576e-02
-3.223675377097939138e-02
-3.349717442107499887e-02
-2.689033354578287960e-02
-1.819604843849585707e-02
-1.364840450393031701e-02
-7.096205651157851124e-03
-5.447376248141066156e-03
-1.390196728277034392e-03
1.014696409602719408e-03
5.576681538134693056e-03
8.493120883790099968e-03
1.353451455279371281e-02
1.517431909921393950e-02
1.420524325472700446e-02
9.945595920968771514e-03
3.763637136180157227e-03
-2.793371574251115198e-03
-2.494820480135967466e-03
1.356291480773316478e-03
4.726390482260462919e-03
1.256487784151264116e-02
1.363015083917569654e-02
1.969985128531973745e-02
2.044342468663692611e-02
2.106190779689823961e-02
1.739196940726577684e-02
1.463561504142766104e-02
8.808701933290844291e-03
6.445804121521138928e-03
6.045702145740386793e-03
5.683008285532186246e-03
6.229190567240280689e-03
6.180667091565753175e-03
5.906794136392607211e-03
4.484418950499256991e-03
2.118308901635861628e-03
-4.559269173571276509e-04
-4.995776503080518599e-03
-9.429360526874867865e-03
-1.484243892075632135e-02
-2.067626938602082007e-02
-2.499834289356277911e-02
-2.868969619715317984e-02
-2.766483960059486213e-02
-2.162260463140004349e-02
-1.459812194603781615e-02
-8.938992989165074274e-03
-3.088319524113023341e-03
5.336902485659656293e-04
5.350822179732313971e-03
9.697165923093265666e-03
1.380123220735075470e-02
1.636201402166985452e-02
1.751094115147652439e-02
1.742477161674102493e-02
1.489534735500318806e-02
1.173746335245379191e-02
5.832436796260888692e-03
1.128397705544933191e-03
-2.317144678138941850e-03
-4.303394943700871236e-03
-4.356779264924580397e-03
-6.084316974718504030e-03
-8.156073932441044311e-03
-1.052189504992564334e-02
-1.133144678138942041e-02
-1.031349054599532689e-02
-7.835428085829616168e-03
-5.705510941151476639e-03
-2.324605906097302211e-03
1.390796685787125625e-04
1.785493945188017890e-03
3.611676226896112438e-03
5.186335245379222400e-03
6.586360739324410157e-03
7.361699596345867846e-03
7.379885277246654544e-03
6.379791799447631466e-03
4.465179519864032574e-03
2.108893137879753327e-03
-7.015338857021458010e-04
-3.158801784576163296e-03
-4.202574888463990466e-03
-4.415568302528150024e-03
-2.949445506692160643e-03
-2.217956235394094068e-03
-1.101652857446356595e-03
-9.518861270448269020e-04
-5.159039728064584995e-04
1.940412152113873067e-04
9.120985765880604669e-04
1.293183768854896899e-03
1.174983641385170989e-03
8.588502230720203605e-04
5.047733163373698461e-04
2.565795623539409722e-04
2.850410027618440682e-04
4.637535585298491777e-04
7.628519226683662348e-04
9.928497981729340720e-04
1.290829827915870040e-03
1.590832377310388802e-03
1.707924367962608938e-03
1.868791162099001394e-03
1.893316337369874798e-03
1.911586998087954140e-03
1.825706394731251448e-03
1.560236243892075807e-03
1.203288718929254294e-03
7.360475886976843322e-04
1.579382196728277166e-04
-2.713031654981942244e-04
-6.707083067771404776e-04
-8.476447843637136730e-04
-8.721903547907372718e-04
-7.540361164223497630e-04
-6.170724452942426448e-04
-4.527180794561291876e-04
-2.753906947100064040e-04
-1.429690248565965507e-04
-4.926517951986403846e-05
2.188434246866369367e-05
7.956337369874655926e-05
1.189003611642234907e-04
1.500599107711918570e-04
1.713414064159762156e-04
1.843841087741661627e-04
1.918776290630975307e-04
1.942281708094327714e-04
1.945205013809220512e-04
1.948400254939451962e-04
1.969390269810919816e-04
1.975151901423411848e-04
1.980607605693647966e-04
1.978109199065221911e-04
1.994510303802846986e-04
2.036218398130444044e-04
2.070907159549607065e-04
2.119192691735712921e-04
2.166118546845124167e-04
2.212194603781601657e-04
2.253698746547695133e-04
2.287894625026556342e-04
2.312504780114722931e-04
