3.394973492589507293e-03
3.357257874699713911e-03
3.319646866745622638e-03
3.282984820351116540e-03
3.248183336384456721e-03
3.215246150914776932e-03
3.177104621143909784e-03
3.141402744516384911e-03
3.107464292519269110e-03
3.077803639678548895e-03
3.065168253873369868e-03
3.019061424712603595e-03
2.974557369209560129e-03
2.955028935855429778e-03
2.934577693425639237e-03
2.905268231083348550e-03
2.879392216273570382e-03
2.802526329947209374e-03
2.794228520404542105e-03
2.812751951162104861e-03
2.795771516956150043e-03
2.790892210669466793e-03
2.663518405744580431e-03
2.672810009676419678e-03
2.659128524514217835e-03
2.668408920238660598e-03
2.679411643833057646e-03
2.422119770904240972e-03
2.569918665774991590e-03
2.613014223215186661e-03
2.554357937839282083e-03
2.581451911186164946e-03
2.378433914541154721e-03
2.374978050593848800e-03
2.530443359323921587e-03
2.429700255173521985e-03
2.369403835448571395e-03
2.222878940151908761e-03
2.155005772226809609e-03
2.380847415200571145e-03
2.328075438707918280e-03
2.411879205412816984e-03
2.251870836617961107e-03
2.042770519425691871e-03
2.182495768901708370e-03
2.342096906161151865e-03
2.258752675959515947e-03
2.042953586813170668e-03
1.977949719981618708e-03
1.988321047892670224e-03
2.267353107101893923e-03
2.218653445963364446e-03
1.762146894766140979e-03
1.723758784432547278e-03
1.852275826511893880e-03
2.131532049869051381e-03
2.139758874098206861e-03
1.740537470905361914e-03
1.634750673426461432e-03
1.737029301990204071e-03
1.871146711698753497e-03
1.814930079466190544e-03
1.823777091171295073e-03
1.368708926589977653e-03
1.673897205793896175e-03
1.897979160206380656e-03
1.674827487007819748e-03
1.517972360560559952e-03
1.258722787406458274e-03
1.283840380182394965e-03
1.535677592178165927e-03
1.665804880053500673e-03
1.543878263923395772e-03
1.142344233937704926e-03
1.272337023324279694e-03
1.264999383548593434e-03
1.640963756393348620e-03
1.062422243061185694e-03
1.075868355868057034e-03
1.020380257116277906e-03
1.179723605605598148e-03
1.298287759516702318e-03
9.095460302397436608e-04
7.240987667235795422e-04
9.258240834488402904e-04
9.903086366710130758e-04
1.312828540579314860e-03
9.428418783461170113e-04
3.839782411333739990e-04
8.063819532916638184e-04
8.059747217562514363e-04
1.094970877341114486e-03
8.017305472220458444e-04
1.221108043383234930e-04
4.802866312238242025e-04
9.261603296707404502e-04
1.027150014383866388e-03
9.286336074362720695e-04
3.066778499669358554e-04
2.449927333455378616e-04
7.708369915676921078e-04
8.764519298665103845e-04
5.121142041612338543e-04
1.936879112011088738e-04
2.016647924053186812e-05
1.360710002577888045e-04
3.114753363396236549e-04
2.655399927520258967e-04
1.513851476307717582e-04
-3.324914724222057238e-05
3.388166374630596366e-04
1.581784421338932743e-04
1.182234244062452103e-04
-3.539607936905264884e-05
1.280784275632236525e-04
-1.004079787492387902e-04
3.055379752746944849e-04
3.738609659233135037e-04
-3.057849294443344560e-04
-4.111469358629012637e-04
1.994366007748607603e-04
2.405520415749773443e-04
6.568158977213714347e-05
-1.828084778880748854e-04
-3.475448421697595260e-04
-1.200230889072371625e-04
-2.587007445985780939e-05
3.064282805489033099e-04
-2.789233395974759395e-04
-6.674001815729598604e-04
-4.479584250226967073e-04
-1.212840122393624772e-04
-2.267487605590654117e-04
-6.404033460235148550e-04
-3.851289504260987603e-04
-4.369743817739603939e-04
-4.463743317106339827e-04
-2.184901797422859730e-04
-5.412966401530294649e-04
-8.142389066767292526e-04
-6.093678197421365655e-04
-4.340976085421485177e-04
-4.772193184662689531e-04
-5.525945132088725363e-04
-1.195471136997919119e-03
-7.093375575821656486e-04
-4.820425837159690780e-04
-1.253940618917212394e-04
-9.133157239941568821e-04
-1.110042180220502904e-03
-1.008208143883494549e-03
-5.878555336787952496e-04
-4.724222057004943010e-04
-5.726609405180434469e-04
-9.797392970959536117e-04
-1.005996390957218309e-03
-9.152846324268384785e-04
-7.948374996730940860e-04
-7.536099767990107369e-04
-1.269490138645525687e-03
-8.514763077175981380e-04
-8.807857700598892585e-04
-2.778757458128005881e-04
-8.455957349034787674e-04
-9.447360653961542603e-04
-1.169412054800662154e-03
-9.693717052540341134e-04
-5.484362682647079927e-04
-6.216706953945476660e-04
-1.152319538520740977e-03
-1.550595716223133200e-03
-8.411087158756787481e-04
-3.628989654824573362e-04
-7.281897624233639888e-04
-1.352087155020716613e-03
-1.324940876705982696e-03
-1.091421611665502290e-03
-1.183384953355177136e-03
-9.864941100870131593e-04
-1.262372926948640344e-03
-1.074631716985291171e-03
-1.103007162044526484e-03
-6.547162268690620134e-04
-6.143778884484478843e-04
-1.389148960812371060e-03
-1.647770874352259222e-03
-1.001714855731690489e-03
-9.740791523606352666e-04
-1.203824987577570326e-03
-1.071605500988190600e-03
-1.524334886292736269e-03
-1.311334112926425743e-03
-9.750131696436912902e-04
-8.215317136228289258e-04
-1.344331075502221270e-03
-1.366071261782628079e-03
-1.294495649347495803e-03
-1.266882362391233766e-03
-9.117652553042842603e-04
-1.469220394454179204e-03
-1.494214696948752402e-03
-1.318122550539675393e-03
-1.088981958522160665e-03
-8.453902511012064596e-04
-1.414696201538513318e-03
-1.559274604817287649e-03
-1.447696900183441295e-03
-9.411083422687654835e-04
-1.209436563414169417e-03
-9.783793679318242547e-04
-1.661276764265246300e-03
-1.528851793873593941e-03
-1.180018755067043738e-03
-8.090756591359967885e-04
-1.033011906852324482e-03
-1.864847699141825152e-03
-1.675126372538397789e-03
-1.249584362309040389e-03
-1.240057386021871074e-03
-1.184076126144638407e-03
-1.687156515144156484e-03
-1.477294039848913538e-03
-1.098860125307758858e-03
-1.033000698644927998e-03
-1.218982220046999900e-03
-1.574973567310889800e-03
-1.747904999234106043e-03
-1.346453162769323903e-03
-1.026443897317876183e-03
-1.508871296154464187e-03
-1.585165563903594751e-03
-1.708422220644770922e-03
-1.252857158868867947e-03
-1.057823141959418883e-03
-1.160927441801383421e-03
-2.043734425261805113e-03
-1.599732497450132929e-03
-1.183452202599556908e-03
-8.620568555000541946e-04
-1.009829597886879394e-03
-1.645928992270073244e-03
-1.060180601581851801e-03
-7.386432838553245355e-04
-5.526542903149880576e-04
-3.572350846780069202e-04
-1.415092224866528999e-03
-1.469926511520169192e-03
-2.100843978016969302e-03
-1.919809012145960855e-03
-8.893675208566060664e-04
-2.544569436712857281e-03
-1.982119173133179736e-03
-1.673262074041418409e-03
-1.470912833771076270e-03
-3.122524387191261044e-03
-8.202614501178730677e-04
-2.756176656292848564e-03
4.972820097063076437e-06
-3.807203888500752950e-05
-3.700008592959004887e-04
4.157796615868580153e-04
-8.616197354115841874e-05
3.862833957879557010e-04
1.991560219830307895e-03
-8.792502456465455711e-04
1.680506312088799262e-03
5.924845233336198218e-04
-1.969969476315189998e-04
3.840529625160184549e-04
2.950710039938579405e-03
-7.865060655082361726e-04
2.482274220002167117e-03
6.060576624909867803e-04
-1.007905522283784492e-03
-4.296330059291417376e-03
-4.678492570826531249e-03
-1.076290531679998351e-03
1.995307497169927945e-05
1.626116617661893353e-03
7.942285204045416839e-05
-1.984200163639828287e-04
-1.015362716271702039e-04
-3.202270782818565729e-03
1.974624618453940314e-03
1.554522324881099909e-03
4.459446837604283398e-03
6.573763080912050326e-03
5.502893585542907584e-03
1.595499531123324146e-03
4.290539152136472155e-03
8.858107830427295118e-03
5.928431859703132099e-03
-3.642880359858179096e-03
3.038675787656775103e-03
2.963330481467229497e-03
8.479270420419859206e-03
5.999753419437274006e-03
7.385162575048289171e-03
6.610339197716514834e-03
1.328673209769073646e-02
9.631287337340891860e-03
6.660402524088306769e-03
1.593336347095766726e-03
-7.315895853336870994e-03
7.618143846133729885e-03
1.215163957393867837e-02
8.647206727913294907e-03
4.717385050492975407e-03
-3.352528011178319248e-04
1.149099046928764474e-02
6.836894429894531909e-03
1.211939729732759230e-03
4.119501907263292510e-03
2.706034872469280372e-03
-4.612438868568824349e-04
-6.420883132021474975e-03
7.892670205969492397e-03
1.275919913622081819e-02
1.744393094249816270e-02
1.672301904274436923e-02
9.529927781783674792e-03
3.091686872573890313e-02
1.288581451911186351e-02
4.393766742259799102e-03
1.517090648245355243e-02
5.830696291204173418e-03
-1.234882930273742060e-02
-5.362940435849825917e-03
1.763323756542791235e-02
2.820975039322128064e-02
5.349565308356466799e-03
-1.771614093947194773e-03
2.351862990872783526e-02
3.827079776284181278e-02
-2.487209567325834089e-03
-1.999327507556199895e-02
4.258184793451418731e-02
3.106291166811751131e-02
9.396027064084796002e-03
5.184991463082033736e-02
4.285121851894747869e-02
-5.047504119016219155e-03
-6.582804368212029703e-03
2.389163905088900058e-02
3.221227597595466285e-02
5.308767433432588778e-02
4.142217207587210043e-02
8.471835642846736736e-02
7.300988937499300335e-02
9.146569728126250493e-03
3.579591348758318081e-02
2.371167260078980987e-02
3.469388517565129282e-02
2.983751835343961475e-02
1.386784029051673674e-03
-1.753964903366572086e-03
6.151026858600992103e-02
6.007673885997587282e-02
-2.780987891399942964e-03
-1.351332469056007630e-02
-1.809759359787193808e-02
-3.382771490803666500e-04
-6.748685837682740808e-03
-1.411774595477114855e-02
3.505680693115546115e-02
5.139224616212298424e-02
8.189575619907271675e-02
1.153701884099663511e-01
6.186370072591824282e-02
6.283321066573016762e-03
-1.146924654693810657e-02
6.751189004001330839e-03
3.198403951266714368e-02
2.051770709965217501e-02
5.523740851300713156e-02
6.382214816502965182e-02
3.348026047873989969e-02
-6.483761175516791764e-02
-4.380242172001151679e-02
-6.117887925398172305e-02
-4.498750284875271954e-02
3.436731537280366539e-02
7.480058731006759831e-02
4.981487777449834786e-02
-4.223514071904387046e-02
-2.264472597800949727e-02
-4.113374753886446522e-02
-7.612054053448205626e-02
-6.747602377634395743e-02
-3.195426304168332704e-02
-1.471136997919009724e-02
-1.739158861395571562e-02
-2.712072360186953274e-02
6.077015329091650653e-02
1.390968426479763931e-01
6.166494184808396506e-02
-2.394853938377276142e-02
-1.159612345466840694e-02
-9.839236945240435739e-02
-8.401448100395651764e-02
2.332215003306421439e-02
-6.202360448477738965e-03
2.634048292429603394e-02
-3.336631037020709734e-02
-1.385887372459940203e-01
-1.392799100354553121e-01
-3.676501245979055948e-02
-4.586249023951939618e-02
-1.406293782060143438e-01
-5.598686398093111194e-02
-1.157572451720646767e-02
-1.124048703397207832e-01
-1.244458475459630092e-01
-7.229592656382514970e-02
-7.650049876522915793e-02
-2.274675802601051622e-01
-2.071594292780793711e-01
-1.084864810338450614e-01
-6.153193778697681887e-02
-3.726691598701342700e-02
-5.314558340587535040e-02
-8.044952383798910367e-02
-1.763166841639237925e-01
-2.230623811463007533e-01
-1.934928883924068588e-01
-1.062571685826474710e-01
-8.971273364442336473e-02
-1.160247477219318590e-01
-1.900220801685714445e-01
-2.563227365959180326e-01
-2.065650206791426746e-01
-5.279999701114469757e-02
-1.917302109758239198e-02
-3.526703554122565670e-02
-1.564587295123309185e-01
-2.377836143479999387e-01
-2.559793918426666592e-01
-1.596979014499684546e-01
-9.008111006086057249e-02
-8.453117936494297657e-02
-1.206358042449217627e-01
-1.243068657742442962e-01
-1.463321141294398609e-01
-1.281647307601780084e-01
-1.448257310553274502e-01
-1.690537657708818531e-01
-1.511142826186855914e-01
-1.401485461086972029e-01
-1.039482778589335132e-01
-1.113001146973223721e-01
-1.627767960218335919e-01
-1.853934641206601286e-01
-2.545716409936449875e-01
-2.811373341652314006e-01
-2.701850475041190358e-01
-2.664766252834742666e-01
-2.577812979851379360e-01
-2.293285162948655587e-01
-2.418525672399042259e-01
-2.243247989060789815e-01
-1.888119673766443796e-01
-1.879362327720512371e-01
-2.477286567710649257e-01
-3.320162444285869596e-01
-3.072259313086329602e-01
-2.661624218694542687e-01
-2.052727143663066467e-01
-1.546056392227481979e-01
-1.307814735803871364e-01
-1.290942647602751348e-01
-8.634840339085635141e-02
-1.165638624977116816e-01
-9.681313303021360506e-02
-6.605033979548757817e-02
-3.613570897515887975e-02
-1.498705452045684741e-02
9.488307971650709188e-03
5.452904980553761188e-02
8.231681119027427218e-02
1.301859441607107759e-01
1.660596799683181635e-01
2.143042878865430712e-01
2.892378792577178226e-01
3.661867063188137816e-01
4.872282476714949739e-01
5.227395847732767553e-01
4.491838556980659036e-01
4.511340837850864038e-01
4.337202655597939827e-01
4.227623747949832422e-01
4.143225946252909742e-01
4.492174803202558797e-01
5.373177265272117697e-01
6.290755844146140863e-01
6.310967978151468261e-01
5.153608482371359045e-01
1.502863696989849285e-01
-6.893570598630358037e-02
-8.770347566511371706e-02
5.599807218832777989e-02
2.227616275811567792e-01
3.523725907024183868e-01
5.355953986572569159e-01
7.113961316740206042e-01
7.451104195232030047e-01
6.312723930643613368e-01
5.897982896275513198e-01
5.597266691822866402e-01
4.692129223159146045e-01
3.829807106750703904e-01
2.137842270633376063e-01
4.379457597483383743e-03
-1.705063494494902521e-01
-2.362062459603752607e-01
-2.824124545600592007e-01
-2.573355849376637305e-01
-1.386982040715681597e-01
-9.473288973739170393e-02
-3.001991324847475169e-03
1.358673844900826211e-01
3.825547987939969530e-01
5.175202961955608361e-01
5.288219053205360787e-01
5.240509450386870993e-01
4.678081603221986295e-01
4.554230911488786337e-01
3.351291372295553406e-01
3.063883046091885332e-01
2.556166195299278132e-01
3.307160923705732558e-01
3.494408972543628367e-01
3.759755810521518415e-01
3.736629542593056796e-01
3.489372751353391755e-01
2.725697804312171568e-01
2.423453547584444867e-01
1.591359966524820702e-01
1.708074766215474383e-01
1.934798121504440471e-01
1.906998031091567680e-01
2.261625713122195902e-01
2.358543082481198705e-01
2.422000216692009877e-01
2.529251553270742137e-01
2.420767313878376403e-01
2.124474615278281464e-01
1.737257202207269924e-01
1.696526576527772334e-01
1.416168212776609536e-01
1.326192459865277451e-01
1.389156432950635622e-01
1.846895886961492372e-01
2.211401735777719091e-01
1.980706939001199707e-01
1.107568902454971194e-01
-1.167984876392152982e-02
-1.751304822144429396e-01
-2.703725981745566109e-01
-2.700165507862558045e-01
-2.080474929108088455e-01
-1.583301265406615310e-01
-1.538546893271713345e-01
-2.807084334288522109e-01
-3.940469474447155229e-01
-3.953470995027292267e-01
-3.296274018254434224e-01
-2.126088597143401815e-01
-9.238850635692164026e-02
-6.059605246935489964e-02
-2.608482371357799881e-02
-6.767963954405013804e-02
-1.128091130198273333e-02
-5.652298990140514068e-02
-9.496078995445733639e-02
-2.283948726187229883e-01
-3.529950198198467670e-01
-3.662759983710738854e-01
-3.423984069401220798e-01
-3.711676336858937275e-01
-4.471514340901364681e-01
-5.268754133026478659e-01
-5.560690575018401027e-01
-5.536032518745728215e-01
-5.975618412843112237e-01
-5.686932350996223295e-01
-6.673366683977121072e-01
-6.409525481859517093e-01
-6.341491662961732390e-01
-5.973302049981132900e-01
-4.922756770691285033e-01
-3.406506738000680268e-01
-1.489951842068885646e-01
-5.260945748540131472e-02
3.427581903975551736e-02
1.726086355501922354e-01
2.582580204064096052e-01
3.646164364625403831e-01
4.218433017884563596e-01
4.045042049458084099e-01
2.353783330406746255e-01
9.041063135832266839e-02
-8.688975980811550204e-02
-2.298325120208024597e-01
-3.759531646373585057e-01
-4.308845890884365759e-01
-4.209429091275905810e-01
-4.004954027669328509e-01
-3.132682759161775632e-01
-2.162335939864231393e-01
-1.227735830023798935e-01
-7.117585303798461271e-02
-7.151845057740949252e-02
-7.179716133467334283e-02
-1.832769809572556627e-02
2.021187248048838397e-02
6.827143289459429443e-02
7.912209847531019580e-02
1.267409148138877173e-01
1.108159201377862391e-01
8.281781806090540710e-02
-1.411606472366164775e-03
-7.658007703774551145e-02
-9.054027295721081559e-02
-1.721532087229742380e-01
-2.350114510518902800e-01
-3.654436021684145941e-01
-4.702627577420693816e-01
-5.236474495724069422e-01
-5.287770724909494069e-01
-5.317808720732568606e-01
-5.387972099035721607e-01
-5.308244383754078255e-01
-5.335330884962695697e-01
-5.002335043207640775e-01
-4.578515360848237625e-01
-3.662632957360243413e-01
-2.356708672537276839e-01
-1.426901939393486751e-01
-8.569160243741151539e-02
-8.811444326965826856e-02
-1.106971131393815477e-01
-1.164880202943275461e-01
-1.620818871632400682e-01
-2.142243360071135194e-01
-2.776519552717803818e-01
-3.153593538094829341e-01
-3.041119176869249152e-01
-3.105629882575347556e-01
-3.022875951296603025e-01
-3.467688606109967653e-01
-3.695596295313848811e-01
-3.662636693429375812e-01
-3.334591143274515668e-01
-2.868475422269213815e-01
-1.729680454007121171e-01
-1.149749122957771374e-01
-1.238648887959022810e-01
-1.746388155166423428e-01
-2.578365918082948238e-01
-2.864862643418354393e-01
-2.523572728189762970e-01
-1.630136628048165781e-01
-8.575661004031219503e-02
-3.297600322796373322e-03
5.968220995961309727e-02
1.052588909105174192e-01
1.543485976664512316e-01
1.522691015874557963e-01
1.265739125236773621e-01
8.451660869532731657e-02
2.513339634836603276e-02
-8.926291092090368751e-02
-1.859860046850307091e-01
-2.231669910820029967e-01
-2.214147746589903154e-01
-1.985911283302386476e-01
-1.278871408236538221e-01
-9.748525186710056689e-02
2.702231554092677374e-03
7.215843921975934050e-02
1.084939531721095113e-01
8.930587571592425722e-02
7.498851158741841327e-02
5.645611426393835203e-02
7.266430298026235746e-02
4.178232914021842020e-02
3.952947945348780912e-02
1.210471454563795402e-01
2.590089703019864964e-01
5.311083796294567838e-01
7.602004027482525128e-01
9.705261506158910922e-01
9.990921352008698131e-01
8.838045139187256094e-01
4.840862135312952175e-01
1.698390875024751723e-01
-2.698091989494173781e-02
-7.284699676082806441e-02
-1.615879788239601711e-01
-1.322348044728219596e-01
-8.977549960584471633e-02
2.194525911507466676e-02
7.122591636435640639e-02
1.119214229940111022e-01
1.385319489951842009e-01
1.691467938922742165e-01
2.639133082518559381e-01
3.304157124123425215e-01
3.643418353813219213e-01
2.201650595342616312e-01
2.659192037689465590e-03
-2.168881532983886473e-01
-2.928312305490901601e-01
-3.231867922484037980e-01
-2.640900243218101129e-01
-2.040644696089456700e-01
-9.829934133101200788e-02
-1.152330746728137678e-02
1.308561949630316357e-01
1.973821363590512190e-01
2.852627017010322952e-01
3.197892109795599791e-01
3.475287770724910241e-01
4.369071325295804109e-01
4.801670770115930575e-01
4.265133882037353552e-01
3.714523221537692210e-01
3.101643496811265499e-01
2.657850788870997905e-01
2.655172027303193127e-01
2.428549545880797356e-01
2.735553554682976229e-01
2.946159507735531813e-01
3.927281150410407706e-01
4.332644651256627455e-01
5.265839999103343327e-01
5.772488334124135090e-01
5.721976679456477477e-01
5.416739831353840628e-01
5.000691172789462069e-01
4.548477365025163088e-01
4.296255337908773120e-01
4.322295739760368960e-01
4.073921863850168967e-01
3.804289754577619420e-01
3.911776463511681401e-01
3.818337374514778615e-01
4.592226734563497059e-01
5.075711440964504328e-01
5.941209216135335813e-01
6.296882997522986747e-01
5.224967402796821814e-01
3.481358883064772369e-01
1.808858967126327766e-01
4.660746242448470661e-02
-1.054285084491203561e-01
-2.411471973877404862e-01
-4.600221922506455008e-01
-5.861332058088403185e-01
-5.981371959306734931e-01
-4.804883789569642794e-01
-4.096002032421608430e-01
-3.178386092856262390e-01
-2.249520849133792577e-01
-1.609222113045980229e-01
-1.080964354164409558e-01
-3.155435420177014894e-02
8.392369452404348229e-02
1.645801965919577448e-01
2.027912172486840137e-01
1.589981357015030350e-01
1.726336672133781391e-01
3.391517628642201077e-01
5.317547195893314038e-01
6.783132395081838961e-01
6.397981028240947721e-01
4.993816805586171470e-01
3.617475089759061291e-01
3.645473191835942317e-01
3.404567718121056519e-01
2.882067241772242050e-01
1.560223566376872650e-01
-1.008678888594154582e-01
-3.306417445948420242e-01
-4.572425568162713505e-01
-5.352703606427534622e-01
-6.808761829328889847e-01
-7.949234292631350840e-01
-8.596284105641091022e-01
-8.407164286167952971e-01
-7.653300256667950885e-01
-6.020862210034334527e-01
-5.024191047631145768e-01
-4.251908197309283710e-01
-3.391046883931540523e-01
-3.188439854891075287e-01
-2.123372474884275551e-01
-4.113038507664545929e-02
7.859568633457994502e-02
1.416601596795947493e-01
1.645525496803793009e-01
1.517837862071799993e-01
1.540358886800841653e-01
1.355916625881245507e-01
1.033176293894142311e-01
6.426524596411133106e-02
1.007158308457339890e-01
1.886117140711572049e-01
2.854450218746847900e-01
3.862310908201045945e-01
5.032522481796003477e-01
5.868542671513594655e-01
6.790753976111575385e-01
7.259966898427488990e-01
6.706281453032006956e-01
5.455408146872350317e-01
3.952275452904981390e-01
2.151183773504545260e-01
1.046996013614236026e-01
-7.437355460825448294e-02
-3.006937880378539041e-01
-5.004987652291518208e-01
-5.833199457522761922e-01
-6.444046760641259919e-01
-6.852361756101935653e-01
-6.015556991866577441e-01
-3.873855361819615872e-01
-2.122109683517584000e-01
-1.399333485266811561e-01
-1.416138324223551737e-01
-1.619828813312361726e-01
-1.409174291361087461e-01
-6.687115418383701715e-02
5.175651290251475495e-02
1.066397420617871267e-01
7.148258431374014676e-02
-3.552004214285981593e-02
-1.573763080912049528e-01
-2.041014566933546659e-01
-2.347925174007420290e-01
-2.653259159907495057e-01
-2.639835463515417535e-01
-2.459951206937133206e-01
-2.325587216665857548e-01
-2.395556319374134158e-01
-2.675182413575381557e-01
-2.791030445227358769e-01
-2.532957733849907078e-01
-1.742943499426513609e-01
-5.351508064305222911e-02
2.812994795655699223e-02
7.729142460052081109e-02
1.351638826724849696e-01
1.992905204717908552e-01
3.318544726351616569e-01
4.458961148617094361e-01
5.389615969453899202e-01
5.525496803792857570e-01
5.268044279891355153e-01
4.943043626079257624e-01
4.384239765972630098e-01
3.775111054654955445e-01
3.242601649100915195e-01
2.905313063912934868e-01
3.222098101703274597e-01
3.306794788930774720e-01
3.378157445425370442e-01
3.420259208476394419e-01
2.887977703139419372e-01
2.492186011409955604e-01
2.352244069924270264e-01
2.216322138824857180e-01
2.066266658198243622e-01
2.241839490997941664e-01
2.068728727756378727e-01
1.585711029996899335e-01
1.590437157449161587e-01
1.490366545742562443e-01
1.019644251497229814e-01
6.630775495869776007e-03
-1.400200253305487405e-02
2.640870354665042843e-02
6.258252042695798545e-02
8.229327395474127227e-02
1.023899634238832068e-01
1.280758123148310890e-01
1.308666559566018517e-01
1.303413646366112510e-01
1.530981353278961232e-01
1.565289676120167062e-01
1.460433159855190344e-01
6.787578317349184098e-02
-1.759583951341435817e-02
-9.865314707783354176e-02
-1.778746249920608868e-01
-2.232349875402094841e-01
-1.987954913117712663e-01
-1.887521902705287802e-01
-2.198093857528740092e-01
-2.575462992367211212e-01
-2.998158117917814613e-01
-2.777584332420487412e-01
-1.608579509155237675e-01
-5.631675888530641994e-02
-4.947228023507347500e-02
-9.234068467202917463e-02
-1.383795173745895057e-01
-1.516294865520191604e-01
-1.136336634773089938e-01
-1.129678959579468178e-01
-1.316288140595753553e-01
-1.424977863790391763e-01
-1.556786382775227073e-01
-1.537299046181550555e-01
-1.398660992823011484e-01
-9.827393606091287814e-02
-8.018874621255993318e-02
-8.921284759453189384e-02
-1.414176887929134430e-01
-1.949196931940029021e-01
-1.846597001430914931e-01
-1.499202349240270349e-01
-2.065728664243203505e-01
-2.826459588808231671e-01
-3.439197342907633348e-01
-3.521136811115553322e-01
-3.000362398705826439e-01
-2.155995830546848513e-01
-1.891609162335940175e-01
-1.812157916170081262e-01
-1.537732430200888512e-01
-8.064118418447216441e-02
-2.065724928174071315e-02
2.040726889610365580e-02
3.316164850314390344e-02
5.081689151576061075e-02
8.170446945950288198e-02
6.309921878794445826e-02
3.946036217454168549e-02
1.969009306548208382e-02
8.636334766738524085e-03
1.571779228202838715e-03
-4.887899245687642169e-02
-1.332943536787204730e-01
-1.849331804035702076e-01
-1.943208013121074940e-01
-1.491513518966155194e-01
-1.233108297435935863e-01
-1.151329480200701805e-01
-1.231479371294286612e-01
-1.208128939217891495e-01
-1.115564090397928865e-01
-1.089329412951457327e-01
-1.209346897754996347e-01
-1.054871647344962637e-01
-1.036632157841448770e-01
-9.370024022924521023e-02
-1.004554268272180167e-01
-1.241447203739058092e-01
-1.382028013046353587e-01
-1.225841642973761747e-01
-1.485479767317614552e-01
-1.475609072670280852e-01
-1.112926425590579360e-01
-9.278266165037118984e-02
-9.842337882620180722e-02
-1.174612663032716803e-01
-1.587552912079085166e-01
-2.057217898759998997e-01
-2.219707017458651122e-01
-2.058465745850161510e-01
-2.104673448877498187e-01
-2.309350260217215289e-01
-2.505475209313273721e-01
-2.734944575414423595e-01
-2.696978640892771506e-01
-2.399486664101233013e-01
-2.084950739928491947e-01
-1.633248773635307682e-01
-1.255042759311218448e-01
-1.078106261278258815e-01
-1.110266344368436298e-01
-1.071332767941538117e-01
-1.037577383331901304e-01
-1.201157434217162839e-01
-1.279061947762281659e-01
-1.522616294491913325e-01
-1.727535950325224945e-01
-1.897314139900845020e-01
-1.713899297992610427e-01
-1.502090330679479169e-01
-1.204318148703023700e-01
-9.340695880236568605e-02
-3.121343789345478598e-02
-7.999596504533719801e-03
-3.163505329502617341e-02
-6.583476860655830543e-02
-6.404070820926470453e-02
-5.750034558639473964e-02
-3.625414236665035900e-02
-2.470636364655292086e-02
-5.675163733229720425e-02
-8.780061346255151056e-02
-1.413302647752193997e-01
-1.815557739080403965e-01
-2.189258054031032186e-01
-2.417386171313714305e-01
-2.372501036759184778e-01
-2.309552007950355645e-01
-2.419706270244824653e-01
-2.259985578773150150e-01
-2.012276723168485715e-01
-1.429345328605960697e-01
-8.002697441913465826e-02
-3.029313198411423894e-02
-1.591247884450854022e-02
-1.297413519339762032e-03
4.035963401466781397e-02
6.698996118224173624e-02
5.214992098213785954e-02
5.326850008032549266e-02
6.118186810928750996e-02
5.011488412581587004e-02
5.136982974732964835e-02
7.036325800172607559e-02
1.035810222632359695e-01
1.571850213516351180e-01
1.893163367094944927e-01
1.950878163049529213e-01
1.769439701712240687e-01
1.717089901031529087e-01
1.820683625929814531e-01
1.854498787645566804e-01
1.767937801921087015e-01
1.490310504705579242e-01
1.328101591191843678e-01
1.329786558370476268e-01
1.143166169146793976e-01
1.120794587183041313e-01
1.350977542488446537e-01
1.456958615562222448e-01
1.441513705769611742e-01
1.259242101015837223e-01
1.211790286967470293e-01
1.241058652549306834e-01
1.349244006411094710e-01
1.442025547240726180e-01
1.490728944448388160e-01
1.614788856052992438e-01
1.634403218997164398e-01
1.814115616395365893e-01
2.158330873754488177e-01
2.345649907905896225e-01
2.111338596209384466e-01
1.420957853404119509e-01
1.022584537904289437e-01
6.945389877494292930e-02
6.156369437460070676e-02
6.663354018702762060e-02
6.573053227776928797e-02
5.859800269744192686e-02
6.809359600390045564e-02
8.471723560772770334e-02
1.206436499900994247e-01
1.457847800015691642e-01
1.753049566429177308e-01
2.036299647688681047e-01
2.225001027419011568e-01
2.163632355853112865e-01
1.913435278206388201e-01
1.271444102801678466e-01
7.153190042628550238e-02
2.591479520737052095e-02
-2.330231150597210713e-02
-6.031173760839271536e-02
-9.407608878394688179e-02
-1.161947388674480219e-01
-1.107695928805466773e-01
-7.641307474753514239e-02
-6.972812624924812352e-02
-7.806553812471746234e-02
-6.816196606902015509e-02
-2.743018220809157956e-02
2.806998404698480762e-02
5.472183097276032276e-02
3.475538087356769279e-02
-1.868438061577891484e-03
-2.252696507896182268e-02
-3.459162896350233968e-02
-6.001098404324874125e-02
-8.533069815923875756e-02
-1.040659640365985544e-01
-1.084330552452542618e-01
-9.809423113565295116e-02
-7.111981200100127298e-02
-6.119344992359739693e-02
-9.078535909228466205e-02
-6.508344510406821604e-02
-9.807966046603727381e-03
1.600326532442156516e-02
2.422612932029694424e-02
4.552512319687963827e-02
5.348481848308121733e-02
4.821696100664647072e-02
5.670904614418985357e-02
6.180093476449689122e-02
3.514303540672716886e-02
2.486847168620008597e-02
-7.149864941100870543e-03
-3.504309555744020144e-02
-5.410500595903026955e-02
-5.490826082245826162e-02
-4.264050421989008799e-02
2.091006907991825679e-03
4.732927098083022921e-02
8.350376035358159088e-02
7.722865863909947337e-02
6.926223842845989631e-02
8.029559778974151851e-02
7.066998927748160964e-02
4.816913932175401897e-02
3.540605467363568820e-02
2.455109261341772292e-02
-1.165791803811537866e-02
-2.534246677700524239e-02
1.059429651686275009e-02
7.035615947037485163e-02
1.219733169942576884e-01
1.118280212657055128e-01
5.113408378508636776e-02
1.868348395918718527e-02
5.217607346606342560e-03
-2.530290180489500051e-02
-6.956224477977741849e-02
-9.229771987700861879e-02
-1.061551738953377816e-01
-9.691736935900262251e-02
-5.850348014839666655e-02
-2.180313904528489652e-02
1.644042277358300636e-02
5.630779231938908697e-02
5.318257049028436018e-02
2.722918168877797376e-02
1.640862882526778616e-02
2.188832142149958748e-02
5.554526060950232269e-02
5.899215799089146950e-02
3.969947059900397202e-02
3.939722260620711312e-03
1.567351986281154130e-02
3.224100634758145928e-02
3.797153862535072866e-02
3.549527200451317588e-02
2.041376965639372584e-02
-7.432573292336202599e-03
-3.033314528452034812e-05
1.667400181572959925e-02
1.103511531377376724e-02
4.792778925581239399e-03
-9.522380922136583937e-05
-1.458785553367879717e-03
1.650763465727169907e-02
7.174635079447511110e-02
1.292455755601301659e-01
1.658825902914507489e-01
1.851947052428258300e-01
1.872798054255196132e-01
1.517408214121594434e-01
1.294921561228569162e-01
7.399210194985449129e-02
-6.255823597759853534e-03
-7.247338984760574865e-02
-1.163785534687534068e-01
-1.376790044122976620e-01
-1.439399090640773593e-01
-1.259413960195919502e-01
-7.795943376136232894e-02
-2.137625578623707223e-02
2.244264199864754589e-02
6.544659102372030191e-02
4.556173667437542901e-02
2.391002051101953976e-02
-4.649612756434445479e-03
-4.979096693205211505e-02
-8.961596945389878333e-02
-1.129791041653434858e-01
-1.259589555445134179e-01
-1.224298646422153497e-01
-1.329203731585849591e-01
-1.444087857401713526e-01
-1.404478052461882731e-01
-1.318425172139385260e-01
-1.215997100810353587e-01
-9.789323061633932455e-02
-7.513907517344702025e-02
-8.113994941362395741e-02
-8.504339444297077943e-02
-7.707660062541797641e-02
-6.084263303208162915e-02
-7.179790854849978088e-02
-9.493986796731687661e-02
-1.030897291723486126e-01
-8.569720654110984936e-02
-9.553054049712136897e-02
-1.083460048344734722e-01
-1.021740186280407081e-01
-9.441943353719818577e-02
-7.578279988492907238e-02
-7.249094937252720250e-02
-7.556423984069401967e-02
-5.950848274496472329e-02
-5.731428934361001981e-02
-7.629053167999821916e-02
-8.922218776736245971e-02
-1.117312570751809314e-01
-1.370453670874725860e-01
-1.638520367180874571e-01
-1.651331348235267893e-01
-1.488756299946574491e-01
-1.378359193158510132e-01
-1.163348414599063851e-01
-7.728469967608281310e-02
-6.036852585920250702e-02
-6.328863749294817709e-02
-4.624992060853094084e-02
-3.217588666260681046e-02
-3.656621622126496329e-02
-4.065440986920022121e-02
-3.829545581911447671e-02
-1.751028353028644818e-02
1.206253432513515293e-02
2.921370689043230676e-02
4.801334523894030398e-02
7.219542630416835027e-02
9.829074837200789394e-02
8.624752952428632602e-02
7.871299890533176025e-02
7.299643952611700737e-02
5.294943977643362665e-02
1.325811380813790748e-02
-1.867414378635662633e-02
-2.605224519074501172e-02
-1.789371630532651455e-02
-2.689241241719937323e-02
-2.879119483226917978e-02
-6.156593601608004868e-03
3.810641072102398386e-02
6.086093977082952106e-02
9.002731066535657467e-02
1.259357919158936301e-01
1.652239213034398246e-01
1.860969659382577246e-01
2.149379252113681193e-01
2.408654977751708282e-01
2.429618061652613348e-01
2.291196700303742839e-01
2.319699171713473784e-01
2.487904476184427671e-01
2.511785430077598802e-01
2.455609894605489951e-01
2.413026178636409891e-01
2.562222363362611777e-01
2.483200765146958700e-01
2.361322717915572966e-01
2.176372351593994225e-01
1.951292866723206010e-01
1.597150873679766825e-01
1.120607783726430273e-01
8.930475489518459320e-02
8.913326932201554031e-02
1.089736644486869743e-01
1.343770665132387743e-01
1.528896626703180883e-01
1.603976671984338465e-01
1.546598122251654217e-01
1.505239836957943389e-01
1.436544733823754694e-01
1.304773575530241980e-01
1.079070167114372369e-01
9.589854330664536464e-02
8.449232424596786473e-02
5.115425855840036867e-02
3.737899806098012728e-02
4.280713290318724495e-02
4.956642917720549546e-02
4.012426165933774547e-02
4.481414924101756458e-02
4.979395578735789502e-02
4.280040797874924002e-02
3.048281221395720761e-02
1.295097156477783597e-02
-6.876011073708909217e-03
-1.299756034685665973e-02
3.176017425026433222e-02
6.800505116546677609e-02
7.711022524760798025e-02
4.017694023410210008e-02
-3.206231016098722107e-03
-3.783741374350391845e-02
-6.580898972954596360e-02
-8.300237987603724388e-02
-8.047231385969567941e-02
-7.182704988773112864e-02
-9.635695898916915580e-02
-1.098419269150156530e-01
-8.320300678843763065e-02
-5.239052383425303605e-02
-5.020791224720822649e-02
-6.283806755560204793e-02
-8.075027740313307778e-02
-7.544916891142154636e-02
-7.615117630136629401e-02
-8.180609053989935930e-02
-1.011720048867784383e-01
-1.027220999697378567e-01
-8.540429872114353727e-02
-6.349823097126590377e-02
-5.270211199988045214e-02
-4.102839038933576987e-02
-2.561923477832034335e-02
-1.533779669058996445e-02
-6.899623030624559873e-03
6.095957199592021668e-03
4.380279532692473582e-02
7.618031764059762789e-02
8.312230769518159923e-02
9.392290994952570693e-02
1.082257034084158770e-01
1.296942774629101791e-01
1.381355520602553510e-01
1.274212530028655810e-01
1.011465996166793224e-01
9.276622294618940001e-02
9.787865994672366454e-02
1.034349419601660325e-01
1.155532557974452978e-01
1.247615453876358693e-01
1.204460119330048318e-01
9.723493523524161242e-02
5.879489354071008866e-02
3.318029148811369594e-02
3.361438536058671423e-03
-9.234853041720685399e-03
6.911690533921641122e-04
9.608310512177717670e-04
-1.733214775406204458e-02
-3.404541565637130701e-02
-1.807301026298190755e-02
1.646721038926104649e-02
3.418122176932762019e-02
2.797688120420980390e-02
2.626792846174825710e-02
2.330309608048987749e-02
2.123947829530637918e-02
1.264166240132107502e-02
-5.312989191552001424e-03
-1.272318342978618656e-02
-2.013150963345426009e-02
-3.753030886083516537e-02
-3.618143846133729108e-02
-2.224328534975211769e-02
-7.565353189295416503e-03
1.139628111678578533e-02
1.692177792057864352e-02
3.448657069950422649e-02
5.527402199050291537e-02
6.562106545219513476e-02
3.262485009022607352e-02
-3.490048979866323953e-02
-8.258917063001335046e-02
-9.206458916315789220e-02
-9.101848980613538864e-02
-8.414748506506365688e-02
-9.032843783741376087e-02
-1.051602586854267218e-01
-9.643541644094584531e-02
-6.670004221758120411e-02
-6.074848408994960869e-02
-9.349923970993159750e-02
-1.131995322441446544e-01
-1.052600117312570971e-01
-9.216434220898825358e-02
-1.013778622959639331e-01
-1.129637862819013738e-01
-1.248956702694826865e-01
-1.319295676247193572e-01
-1.311494763899111182e-01
-1.303962848528549545e-01
-1.455535173222845535e-01
-1.568726859721812361e-01
-1.527626363198224813e-01
-1.108099424271746791e-01
-7.081494875981185488e-02
-3.131539522007315696e-02
9.113804401836652150e-03
2.969917171347338791e-02
2.046958652922914110e-02
-9.255700307478490971e-03
-1.600580585143147536e-02
4.758108204034207540e-03
-5.350349882874233694e-03
-6.495604514665941076e-02
-1.235379827468327668e-01
-1.415215515147892344e-01
-1.203414019973025745e-01
-1.036987084409009968e-01
-9.615633207676876903e-02
-8.996342388319554517e-02
-8.919491446269722790e-02
-9.101961062687505266e-02
-9.529628896253097836e-02
-9.500562278404400818e-02
-8.884222953661535804e-02
-8.121467079626842889e-02
-7.315073918127781849e-02
-6.496127564344451877e-02
-5.998072188327773641e-02
-5.412181827012527841e-02
-4.509995852963263885e-02
-3.572862688251183388e-02
-1.027004307687709624e-02
3.416321391611031044e-02
6.911316927008417932e-02
9.626878775764867446e-02
8.656733704200463009e-02
7.059452068101068622e-02
6.310332846398990225e-02
4.789341741979594169e-02
4.461128068713784284e-02
3.580536574248770892e-02
-5.110755769424758094e-03
-3.401010980307180021e-02
-2.679437796316983325e-02
-1.289971269628373447e-02
-3.482509592357497640e-03
1.176846832373786358e-02
2.705231617605852526e-02
4.276790417729890714e-02
6.198288133123616706e-02
8.095949727453757849e-02
8.734518663533351324e-02
9.409775798491375187e-02
1.015411285170420980e-01
1.002805787918299718e-01
9.264853676852438658e-02
1.052659894418686432e-01
1.011391274784148725e-01
5.170757039688262530e-02
-1.684757958761269256e-02
-3.480727487381427010e-02
-1.144298198093857653e-02
7.390430432524723418e-03
-5.310224500394156340e-03
-1.195586955141018058e-02
2.970372971781470514e-02
8.890499549803669577e-02
1.201430167263815296e-01
1.392220009639058564e-01
1.348605138589484553e-01
1.184644008652736280e-01
1.006257915796473917e-01
9.560339384519972450e-02
8.365096147739119192e-02
7.231684855096559561e-02
5.273797826354979790e-02
5.080530970145072378e-02
5.429853434007943930e-02
4.383529912837507564e-02
2.265574738194955570e-02
2.377619451470330391e-03
-1.249853359286560300e-02
-3.146958279316001278e-02
-4.746190143502415637e-02
-4.416706206731649959e-02
-5.143147488801132899e-02
-5.567004531851858090e-02
-4.638030942124553996e-02
-1.436488692786771527e-02
1.096379375403962533e-02
2.358584179241652798e-02
5.541412458296128378e-03
-7.671681716798488260e-03
-1.650229207841262188e-02
-2.903093838848394212e-02
-4.439533589129533719e-02
-7.455400674734086186e-02
-9.827991377152445196e-02
-9.813121822006194706e-02
-8.105364621666960590e-02
-7.827924127908063301e-02
-1.013969162485382769e-01
-1.424649089706756244e-01
-1.630760551593246899e-01
-1.765341233874191951e-01
-1.662498458871483065e-01
-1.503835074964227358e-01
-1.179667564568614990e-01
-7.943816992389628184e-02
-7.599052532868068310e-02
-8.202988108091952002e-02
-7.497095206249697330e-02
-6.796395440501232232e-02
-8.049099420535678340e-02
-9.221627356992614932e-02
-9.975491386492615908e-02
-1.083557186142172502e-01
-1.039224989819211714e-01
-1.058364871983591277e-01
-8.249464808096809709e-02
-3.535905492395231831e-02
2.481549422590515960e-03
4.243539402453103820e-02
7.387441577218946398e-02
9.153444095329540953e-02
9.294630147836256684e-02
7.928162862725612881e-02
6.329723045195229103e-02
7.068605437475015962e-02
7.705567863827753050e-02
4.912930908873538310e-02
-2.026096442888579668e-04
-1.561572287333604786e-02
-1.262813783106242656e-02
-5.463029727902085500e-04
2.348104505325766811e-02
4.227511665875866020e-02
6.179495705388532434e-02
8.673732818752079299e-02
1.244529460773142332e-01
1.204146289522941560e-01
9.546478568039423740e-02
5.895292926500312475e-02
4.911996891590482417e-02
5.911133859620939374e-02
6.741624667022839967e-02
6.597561841284312056e-02
7.775880684896194217e-02
1.068736199894643052e-01
1.257643063427245911e-01
1.200701633783031741e-01
1.245986527734709443e-01
1.235749698312417766e-01
1.099977209978293541e-01
1.091888620307030350e-01
1.139885900448702055e-01
1.049357209305801092e-01
8.389268515024603246e-02
6.620202420225584916e-02
5.525833050014757747e-02
2.605904483656566045e-02
1.184524454440505142e-03
-2.386429102484112497e-02
-4.132167181621528712e-02
-3.142822450786630223e-02
-5.166012231890339257e-02
-6.573202670542216408e-02
-2.862314644270178010e-02
1.980352012433638301e-02
4.047769379924606725e-02
5.574850277029526346e-02
6.322325628313427148e-02
5.945991384624582654e-02
3.231314984252469519e-02
1.138567068045027129e-02
5.327036811489160861e-03
-8.109959986699595211e-03
-2.659068747408102271e-02
-2.622899862139049451e-02
-8.432457474193104027e-03
2.985638550255734300e-03
1.798988272478993858e-02
2.884013733790130249e-02
3.749780505938482555e-02
6.354156937319969944e-02
6.823183056179273065e-02
6.035320797576039509e-02
6.831925457948674618e-02
5.798827621506309066e-02
4.322968232204169037e-02
3.825884234161869291e-02
3.797340665991683767e-02
3.085746522653655746e-02
6.444793974467704321e-03
-2.354231658702612973e-02
-2.982156533824502700e-02
-3.827416022506081178e-02
-7.049289960061422278e-02
-1.030531156948528426e-01
-1.149368043906284498e-01
-1.116991268806438176e-01
-9.342937521715902194e-02
-5.960337890092318874e-02
-4.800138981771719104e-02
-6.719843383981978502e-02
-8.525784481116038815e-02
-8.188529520550248686e-02
-6.303906807491566067e-02
-4.489073865822813814e-02
-4.936692308554478659e-02
-7.302483365152190320e-02
-9.327283392051888278e-02
-9.966225935044703554e-02
-9.991519123069854402e-02
-9.015882029881082393e-02
-7.648256563339449199e-02
-7.336107987342199710e-02
-8.045475433477422555e-02
-9.445380537321464154e-02
-1.052667366556950951e-01
-1.059011211943465813e-01
-9.882575347174225866e-02
-9.205674341798021632e-02
-8.813499164988550238e-02
-8.400364640347306178e-02
-7.146278314733936488e-02
-5.214469048535274459e-02
-3.979959725174755242e-02
-3.205689286074549921e-02
-1.784877139366587012e-02
2.273749257456260126e-03
2.176458281184035295e-02
1.599362626606042753e-02
-4.909605807345860350e-03
-2.926044511527641293e-02
-3.717964141208469214e-02
-3.644722241940365204e-02
-2.962516018396404993e-02
-2.726187229368492657e-02
-1.105155401795555013e-02
4.111805604850912038e-03
1.304003945289003777e-02
1.092833845797482745e-02
-1.409824367390094318e-03
-7.270539974071681295e-03
-1.031390452848939682e-02
-2.226469302587975527e-02
-3.499923410582789912e-02
-4.200163639827992484e-02
-2.968228468099574219e-02
-1.732426464819305373e-02
-1.989871516582543062e-02
-2.624569885041153072e-02
-2.959015321619511141e-02
-3.520950007658942699e-02
-2.866719469777068846e-02
-2.275759262649396444e-02
-3.226125584227811094e-02
-3.849272026929586449e-02
-4.289007363792260441e-02
-3.708186848289440896e-02
-2.893974094096637625e-02
-2.801965919577376410e-02
-2.722634227623748487e-02
-2.932593840716428771e-02
-3.369351530480720752e-02
-3.750042030777737956e-02
-4.704420890604159994e-02
-5.697243901801159888e-02
-6.196270655792215226e-02
-5.596295313848488606e-02
-5.015822252774965878e-02
-3.857566100403122394e-02
-2.720870802993339069e-02
-1.422597987753165642e-02
-5.210396733181151810e-04
1.199603229458157984e-02
2.220009639058361309e-02
3.072479741165130840e-02
3.645555385356850919e-02
3.779407534157012277e-02
3.676531134532113471e-02
3.620396695820459615e-02
3.876507970903494277e-02
4.250675294495649681e-02
4.596635296139520849e-02
5.052435730270753156e-02
5.947560533660115750e-02
6.778761194197138740e-02
6.835923051920153592e-02
6.568644666200904036e-02
6.342649844392721226e-02
6.303458479195699071e-02
5.906052805601116201e-02
5.349527947665144723e-02
5.039322127616650132e-02
5.171354810749418524e-02
5.238454612364148305e-02
5.255416366224441305e-02
5.531063546799870612e-02
5.661975409192972902e-02
5.404111917686925393e-02
5.063531855593456782e-02
4.949208140147425689e-02
5.097044395709499076e-02
5.113968788878470173e-02
5.019894568129089352e-02
4.733188622922279015e-02
4.492398967350492295e-02
4.379569679557350492e-02
4.156638434437591456e-02
3.915886139557127332e-02
3.655646508082985996e-02
3.398941198007928571e-02
3.044522735848704392e-02
2.664209578534041528e-02
2.307160923705732503e-02
2.016012792300709081e-02
1.909897220738172863e-02
1.859994545339067190e-02
1.718472246610451559e-02
1.551675440202345685e-02
1.392036942251579680e-02
1.234793264614568453e-02
1.094664519672272109e-02
9.770381191133561960e-03
8.773037536286571597e-03
7.753277466646243607e-03
6.344032189971643768e-03
4.903366571895047092e-03
3.635673482502120579e-03
2.628530118321309797e-03
1.714713761063434800e-03
9.052943835672737100e-04
1.808944896716368903e-04
-6.587810700849209330e-04
-1.479909288241469710e-03
-2.155274769204329564e-03
-2.704069700105731118e-03
-3.231520468054741111e-03
-3.766219210120264407e-03
-4.249629195138627906e-03
-4.680211162627353517e-03
-5.128913065407362387e-03
-5.570777961675404087e-03
-5.958021527230340092e-03
-6.281901360302772318e-03
-6.560089067888113384e-03
-6.817691034554903932e-03
-7.062814530320069700e-03
-7.284550233317518830e-03
-7.464217797886133453e-03
-7.613324316953161072e-03
-7.741471488188418279e-03
-7.848547229517936763e-03
-7.933804327115269797e-03
-7.997616387893643347e-03
-8.040655904296855130e-03
-8.063670090151348405e-03
-8.066957830987705330e-03
-8.050967455101790474e-03
