-4.425844383183438497e-04
-4.332227308826159108e-04
-4.225990744321230191e-04
-4.105783343936200377e-04
-3.995284842890466505e-04
-3.885555569415512635e-04
-3.762541527893855471e-04
-3.680837085916483084e-04
-3.556991447021010610e-04
-3.425557482089471939e-04
-3.289923950420164706e-04
-3.149259254639274141e-04
-3.007222423191587826e-04
-2.861006814940478954e-04
-2.713793289840791059e-04
-2.239886736437686672e-04
-2.091321865605548763e-04
-1.529806528870982147e-04
-1.019773306555898121e-04
-6.887850778167242281e-05
-4.296489411686437967e-05
-1.648751980241246751e-05
9.589773015496818825e-06
3.709880624196989054e-05
-7.348077554771082573e-06
-3.669194722683066166e-05
-3.153791460326568774e-05
-8.324102602483981973e-05
-6.980948104165886695e-05
-1.488663248801460541e-04
-2.442921235254739325e-04
-2.178951438871356454e-04
-1.113288510234884844e-04
-4.794886507748409412e-06
3.275370996378393931e-05
5.066361470430477064e-05
6.767040469686196719e-05
-5.703094789626655264e-05
-2.016251491677789403e-04
-6.604421603236577682e-05
1.440303782520655081e-04
3.166036731656001846e-04
4.424763306597478702e-04
6.336501719327571275e-04
4.598317678512771453e-04
3.420921326730450257e-04
3.128074311541324858e-04
1.622022361653382245e-04
-1.757890819580791922e-04
-3.538384455781889114e-04
-2.674666633402772183e-06
4.360896628288448351e-04
5.760100789601707138e-05
-3.163500359665864445e-04
-5.330643115829040947e-04
-3.675119853971501606e-04
1.034912536746209030e-04
2.496808745077983244e-04
2.590217920091808534e-04
2.539241001076918743e-04
2.484667423420277221e-04
2.395478605078565416e-04
6.073425890121039294e-04
8.615515112203276857e-04
1.059502871089933185e-03
1.183795493573831402e-03
9.157882919405742079e-04
7.320177462879573840e-04
5.172951463819278192e-04
1.118964162311175529e-04
7.644313329258507197e-05
-1.696947206040723356e-04
-1.367231321283487338e-04
-3.511295171329849177e-04
-1.757680841243903439e-04
-1.287225416942133348e-04
5.805651535752450593e-05
6.996582134793619568e-05
6.697934727922130022e-05
6.375836275109043199e-05
6.250244281728558520e-05
6.021492634126262493e-05
5.692304813701399121e-05
5.444675905713490294e-05
5.692263233832708057e-05
2.364958981459536918e-04
3.997135147047206302e-04
4.253745306672322268e-04
6.590513137159513448e-04
3.726845210622825393e-04
2.089118132564937703e-04
1.539631851842611983e-04
3.237387786329371073e-04
3.503769215096818831e-04
5.807356310368773497e-04
3.818819880166818542e-04
3.296431199870271649e-04
7.423087637889240161e-05
9.641893380900704599e-05
-1.280264946923297944e-04
-2.784832495498979410e-04
-3.163167720716338104e-04
-4.951704982515665963e-04
-4.964885800890641394e-04
-4.873181400493137652e-04
-4.776133986968869702e-04
-4.663535702554252090e-04
-4.597860299957173412e-04
-2.313691003363811715e-04
8.684017945871329636e-06
-1.583074498650733486e-05
1.649165699934719955e-04
3.291067396809160893e-04
3.554559024702600529e-04
5.859476675772657848e-04
3.857593107720966460e-04
3.348073396784213580e-04
9.448526201554256418e-05
1.551773173500318277e-04
1.073072461237167520e-04
3.205683136452655460e-04
4.601976706957560119e-04
4.860395590870724412e-04
2.537889655344468458e-04
9.220252722441903896e-05
4.435345383179280476e-05
-1.428089696092739935e-04
-1.551322031925023387e-04
-1.557191030390725993e-04
-1.550608937176976626e-04
8.697365083721067221e-05
5.385237483420027797e-05
2.692109388318551723e-04
4.097758429278881061e-04
4.351998536388622797e-04
4.239462621777041035e-04
4.120357087912317022e-04
3.976345212701818668e-04
3.885617939218548485e-04
1.537769073725265342e-04
-4.944179026282636226e-06
-4.927463919068944168e-05
-2.342568222169554514e-04
-2.451278788861584981e-04
-2.400634508796221532e-04
-2.354460064615116323e-04
-2.319325075571411607e-04
-2.259741123737531404e-04
-2.222402401653215899e-04
-2.172132340406069176e-04
-2.132943314165014145e-04
-2.072114045263845361e-04
-2.020405320559998000e-04
-1.981334796944711517e-04
-1.920817377058723339e-04
-1.871771842944520005e-04
-1.833611918453561921e-04
-1.771601781281575061e-04
-1.720414883929796788e-04
-1.672887015022806638e-04
-1.630101330139999605e-04
-1.559504950083367796e-04
-1.493147637639760281e-04
-1.412532588222086580e-04
-3.517511361699120166e-04
-5.731576999679835601e-04
-5.248772354376904847e-04
-3.252314959189358981e-04
-1.428503415786212935e-04
-9.799065284551832921e-05
1.500904362144024574e-04
1.193726845210622915e-04
3.368655431786147115e-04
4.792703564642143308e-04
5.080041247229741871e-04
4.971704899355928672e-04
4.861414297653648357e-04
4.740021871010931969e-04
4.649253017658970858e-04
2.326684712329678782e-04
7.593045351162782807e-05
3.371981821281408491e-05
-1.501085234572829515e-04
-1.532525852283358602e-04
-3.643435994029131457e-04
-5.869123205308918482e-04
-5.371848765701598945e-04
-3.357907035729581764e-04
-1.530646442218535535e-04
-1.080610891430804982e-04
1.394224972037538303e-04
1.114506800387524539e-04
3.301483153916199903e-04
4.755156943214373976e-04
5.018191192552213945e-04
4.946611448601045697e-04
4.828503831584900706e-04
4.724263100777128209e-04
4.639315429041875895e-04
2.333524600729311254e-04
7.711797456143633931e-05
3.514600770890765496e-05
-1.464382684479482609e-04
-1.515097650321620528e-04
-3.617698055309541806e-04
-5.820142119991186195e-04
-5.313969588484040562e-04
-3.308364622184523573e-04
-1.464461686229995155e-04
-9.744865925713407854e-05
-8.804952993958445339e-05
-8.344497528076807416e-05
-7.758554018486410778e-05
-7.469178922332965411e-05
1.709117633606513462e-04
1.393761356501636297e-04
3.578425869331104919e-04
5.022515498896055293e-04
2.817140053471711854e-04
-3.931522114253163338e-05
-4.309794969667486318e-04
-8.107783335620226840e-04
-8.388863247969863485e-04
-6.373445432659324318e-04
-2.296851156544047888e-04
5.532721277666206047e-05
3.589444534534160354e-05
3.807967534438526548e-05
3.969110315549623328e-05
4.216884753077949861e-05
2.857451736167417608e-04
2.552650508729693737e-04
4.720749601872757792e-04
6.143529548733686098e-04
3.936532488430401883e-04
7.126186585502763092e-05
-3.193541814794948895e-04
-7.000719331728351468e-04
-7.282235832699241775e-04
-5.262140282160990539e-04
-1.174591789639128502e-04
1.700017879343537232e-04
1.595733489673639694e-04
-2.912066893692750059e-04
-6.963630088856180176e-04
-1.094689834969501127e-03
-6.462343191920200168e-04
2.210136340389437363e-04
1.271104901850720085e-03
2.299616217811984147e-03
-3.108614932994042263e-03
4.788129779086158560e-04
-3.534808587074482304e-03
-4.187799634928753532e-03
8.767364792661986109e-03
-1.308067326123384154e-03
3.960773551877123759e-03
-5.385383012960445748e-03
-5.636712529261833464e-03
-2.201737206913900995e-03
6.231678870358128494e-04
3.602188764287882639e-03
3.699028278468697358e-03
-3.915389125201142878e-03
1.303871917372485117e-02
1.467648783165143023e-02
-5.620330060997667625e-03
3.555411412010761520e-03
-1.549773181816292006e-02
-2.404626176190535758e-02
9.454680022120491231e-03
-8.893663643810213043e-03
-1.602982939779876506e-02
3.249570687855768240e-03
-2.128889276967663342e-03
2.740113346722051688e-02
1.605731369100336578e-02
2.178535640184448702e-02
5.277919842329138744e-02
-4.897276934399441388e-03
-2.495893987966786229e-02
-1.068594309379171034e-02
-3.149903742603981510e-02
-1.259576883256202824e-02
3.902312256497894767e-03
-1.238497968823414584e-03
-6.586438310027817669e-03
-1.486898183375537190e-02
-2.012991629972432639e-02
1.996534317944624257e-02
2.615789539336635036e-02
1.692049097508950203e-02
2.055363595161766727e-02
3.672022153754039148e-02
3.388842458035518090e-02
-8.849131604442395105e-03
-8.138531648517055442e-04
-7.112444438900462733e-03
-3.366576438351608080e-02
-7.107870653344476597e-02
-4.160627190739332737e-02
-4.396301886478642951e-02
-4.569315720100956824e-02
1.019174556446750951e-02
1.856337395686504660e-02
1.778603831169101382e-02
2.518451066731531435e-02
5.874570168107409729e-02
7.704354659647985604e-02
1.063662936952445258e-02
-2.324480979289067495e-02
8.475869123205310995e-03
-1.034760770225487750e-02
-7.709115554613080179e-02
-6.323487220427359556e-02
-5.357441341200244386e-03
2.215666462925310054e-02
-1.455561515336734751e-02
-7.780321079746031591e-03
9.009920956669619646e-03
-2.373981812965434909e-02
-1.069394721851468603e-02
8.818882249969854648e-02
1.886632488014602926e-02
2.521174548130777210e-02
7.919447320385363670e-03
-2.443648882956828139e-02
-1.772325270996794391e-02
-5.403428675972241774e-02
-1.155982719406572178e-02
6.562051717040677523e-02
1.389565947750737163e-02
3.515910536754525417e-02
-6.924316323009052643e-02
-7.055875027546663902e-02
2.772483274497819505e-02
-2.877243753664226328e-03
-4.612434043933290317e-02
-3.746242219367072052e-02
9.409357965247547306e-02
6.472821318830275505e-02
1.415409915135488160e-02
3.552978989692351375e-02
8.850566109912226531e-02
9.873867468326535946e-02
-4.838025621515087797e-03
-3.167595976731905905e-02
-6.700491889846613147e-02
-1.347023505099771146e-01
-4.997027039388610148e-02
-3.952727847285458437e-03
-2.037392775913613938e-02
-3.349383162647972395e-02
4.800998748445953201e-02
3.650816420721744032e-02
-4.525927127122132687e-02
9.212227807784583930e-03
5.923031505066507496e-02
6.858266701593757064e-02
7.170365195986712348e-02
1.137404834075534110e-01
3.368946490866982224e-02
-9.467237142465104172e-02
-6.712570841701283320e-02
1.023272252506226762e-02
-7.170905734279692245e-02
-1.308185828749152957e-01
1.800892719780790990e-02
-2.753585224177862098e-02
2.962690383823768370e-02
9.469191396293570595e-02
7.233400276921926608e-02
1.217745456359849016e-01
1.193970087442463995e-01
-1.767429241458455536e-02
-7.976349370688688711e-02
-7.474168506575856741e-02
-1.553685847460093694e-01
-6.836021471844191955e-02
5.041309599544284772e-03
-9.845011039455138502e-02
-5.765194323516326796e-02
3.182772628804038384e-02
-2.033789880291558480e-02
-2.324959147779011390e-03
7.210032390717710515e-02
1.440349520376214831e-02
-5.494239109192893683e-02
-8.190839123330049404e-03
1.346474650833052733e-01
1.521862694957609452e-01
4.127051446771531212e-02
3.838445578188864893e-02
3.849630562866682842e-02
-3.679859959002249742e-03
-7.333711710138421380e-02
-6.725335861389350467e-02
-6.659639668857926520e-02
-8.946657186456605237e-02
3.195080269936508011e-02
-4.883701107271903874e-02
-4.779751435544966898e-02
-6.993713123853955230e-03
2.340011060245072161e-01
2.539594429960790323e-01
2.098972561444651108e-01
2.088473644600230550e-01
3.829339586945584850e-02
-1.786312738824371027e-01
-4.100024532122528015e-02
-5.837730404447383226e-02
-2.287391736416896637e-01
-3.268406368372688831e-01
-3.644558650483781803e-01
-3.142502525977023398e-01
-1.348632646018103898e-01
-6.814690999205824662e-02
-3.164581436251824587e-02
-1.362098286493611341e-03
-2.776121513008262265e-01
-2.933896324755406737e-01
-8.724288048698343456e-02
-7.344356156523258565e-03
5.971991800449895360e-02
3.725161225940848975e-01
4.309545490455341521e-01
8.662812212839032799e-02
7.717473108219925770e-02
1.767254606009954487e-01
1.477580134801934342e-01
1.687579261624692073e-01
2.501237001093550849e-01
1.258152772753543813e-01
8.614829044369878841e-02
-1.771237957430530502e-02
-9.069504908503500662e-03
2.305021600741785082e-01
2.116602425769539553e-01
-1.023717157101217967e-01
-3.714059401000412153e-02
2.526767040469686532e-02
-1.785302348015185281e-01
-1.431626063924890391e-01
-8.666970199708110001e-02
-7.500135134573245044e-02
7.494771331512135870e-02
3.125371620076424217e-01
-4.938233105059854772e-02
-2.904520147525374574e-01
-4.415262306601636655e-01
-4.920540870931930377e-01
-2.280281578870774206e-01
2.071367686620846083e-01
3.268281628766617208e-01
3.439777797181716584e-02
-2.202963813040278648e-02
-7.040968644621020678e-02
-5.275217150864238563e-02
2.143504600812470851e-01
3.868611772924021586e-01
1.337636849742828704e-01
-1.654408921376626651e-01
-2.041517498887738813e-01
-3.322418617802005425e-01
-3.377075355196028639e-01
-2.328472646683382163e-01
1.061972715290165209e-01
3.699485657024295659e-01
2.076419640666775090e-01
1.171571012178743709e-01
2.992191300659872710e-01
3.091255337815643212e-01
1.682221695543885582e-04
-9.391437041841822764e-02
-1.584205471079122296e-01
-1.305560060041330572e-01
-1.025956233030216325e-01
-1.043631835210664521e-01
-2.032927098016224787e-01
-2.973106140930807384e-01
-2.684146843464268462e-01
-6.410451515794114707e-02
6.188040798167159656e-02
8.587282381362240646e-02
-1.164751913713456682e-01
-2.718845243886719998e-01
-3.935638521253550515e-01
-4.274826300098544807e-01
-2.731610263574787978e-01
-1.372013006182926653e-01
-4.351686687373441942e-02
-4.728088448696679547e-02
-8.695805838645162544e-02
4.063850046361554280e-02
1.930690516879347840e-01
3.098656554442601463e-01
5.277732732920029646e-01
4.930727938761169660e-01
3.276805501848225610e-01
5.114427798637012357e-01
5.326984087384252220e-01
3.843539112103484534e-01
5.033658903705182652e-01
4.873534829377009214e-01
2.570093263645473747e-01
1.621889306073571735e-01
5.883988008365870215e-02
-9.835572409262333116e-02
-8.173666637560760007e-02
-1.330944569877048345e-01
-3.418592854083767341e-01
-4.438754932411924092e-01
-1.300865692866142176e-01
4.094868628404871869e-01
5.917251903318490047e-01
5.142119991185069017e-01
4.367778096556771406e-01
4.111167936931655609e-01
3.893060735714197196e-01
3.859401832009015099e-01
2.885642887139762691e-01
-1.545604799980041834e-02
-1.321285566380181464e-01
-2.124024432330842982e-01
-4.924366218851481403e-01
-8.636492155957772310e-01
-9.573702396247834034e-01
-8.292418742541612930e-01
-7.512089346821844149e-01
-8.093770919871435821e-01
-6.338393603353000838e-01
-2.389054515365840736e-01
-2.382838324996569834e-01
-2.080490309811601768e-01
-2.256061305358398120e-02
3.527428160381869682e-01
5.542097538055975603e-01
6.637436018977053154e-01
4.904428671814254903e-01
3.003251545731618899e-01
3.209612434043933593e-01
2.653855909123039036e-01
2.943459694554285133e-01
1.771533174498235164e-01
6.217832774084100164e-03
-1.623677240427274793e-01
-5.321661864191833402e-01
-8.069633806096442319e-01
-6.887268660005572141e-01
-2.458534475948125353e-01
-8.156015983301524719e-02
-1.005253616409079453e-01
3.675618812395790858e-02
2.980652887098182990e-01
4.775427129201126331e-01
4.464326551656750408e-01
3.634517112194960431e-01
4.417216560430102246e-01
4.907360052556954955e-01
5.786878225038565304e-01
5.459623868507823552e-01
3.809984158070029436e-01
3.847801048644288735e-01
5.595444509586239290e-01
5.593822894707299875e-01
-7.283337699219546435e-01
-7.015230705901431829e-01
-5.967833813580817326e-01
-5.388896511864816885e-01
-4.104265678728987177e-01
-3.451045941596916911e-01
-4.247113317616143524e-01
-6.003363811377083747e-01
-4.750146569037135280e-01
-2.550945734113372332e-01
-2.696766333611918739e-02
3.642105438231026948e-01
3.630899663618862849e-01
2.584978856636770961e-01
3.002669427569948368e-01
4.895218730899248416e-01
4.584783431253924846e-01
4.493806678558510126e-01
3.529216094735573295e-01
-5.251828474725677154e-01
-6.357894561768974162e-01
-6.083342688803788922e-01
-3.153936989866986673e-01
-2.761734878441254523e-02
3.614330085945589022e-01
4.621602404979605616e-01
1.068654600188772702e-01
3.476513611170016504e-02
5.849351977746455183e-02
2.194439939958669761e-01
3.515245258855473343e-01
2.216768329445615859e-01
2.394979646654276095e-01
-3.899921414048174717e-01
-7.758845077567245729e-01
-1.000000000000000000e+00
-6.722009471894088151e-01
-4.261458372314460563e-01
-3.682936869285367010e-01
-4.281499869023414617e-01
-5.747751568600546479e-01
2.787077808408281454e-01
2.300780454135326059e-01
1.296830366609702245e-01
1.447831817747119790e-02
2.513586222094710970e-02
4.387507744250544565e-03
-1.156082511091430093e-01
-2.019128818591190977e-01
-2.897929738337886585e-01
-4.487985496941801489e-01
-4.283350173180153209e-01
-2.151591885272826632e-01
-1.204161313258572813e-01
7.784957235105052775e-02
3.978091567186831101e-01
4.150959871268727341e-01
3.880482825435238037e-01
4.243267179762246766e-01
3.642521236917934391e-01
2.926640637668866951e-01
3.980877418389113243e-01
4.655011829472642804e-01
3.031567436310036445e-01
2.232527099679419424e-01
2.217433607344668212e-01
1.726487623752084588e-01
2.325374946465919579e-01
2.039542455124927212e-01
1.839830187816267060e-01
2.066729452268389888e-01
4.482788013355454293e-02
-1.571136918349612110e-01
-2.414397445332867875e-01
-1.019515511370015226e-01
4.334555781472843039e-02
2.932711298497719596e-02
-7.079014224473080541e-02
-1.024157903709340123e-01
-8.119571228394062423e-02
-9.479357674188466920e-02
-1.199703951334921831e-01
-2.220614467299512618e-01
-5.290851181491970090e-01
-5.809331354131584968e-01
-6.214028216098894664e-01
-5.139167820508023787e-01
-5.040810641119995994e-01
-4.501436584463266444e-01
-4.288027908407865407e-01
-4.686342260531141668e-01
-3.279258714100981575e-01
6.260784778441670639e-02
1.531879285325217221e-01
3.714225720475175518e-01
6.742965725714239467e-01
5.637169907817430881e-01
4.120689726861843094e-01
3.868487033317948853e-01
4.450064656695814636e-01
4.763992665311163610e-01
5.055945713323437563e-01
6.464131126273903183e-01
5.902179200918084012e-01
5.651743651793548207e-01
4.739730811930096266e-01
2.435520018627781447e-01
-5.002141363237575522e-01
-6.166190577170157505e-01
-5.009230730849352220e-01
-3.088552646350742892e-01
-2.585498604995405958e-01
-4.570667065833406428e-01
-5.709789148485869825e-01
-4.609689772599698809e-01
-1.935740391931842497e-01
-3.746179849564035269e-01
2.647535769082041135e-01
4.845322888470318667e-01
3.597365499519752929e-01
4.160647980673677360e-01
6.689660334052666135e-01
4.618359175221725121e-01
2.728138344539108306e-01
3.383748924120897894e-01
3.778321088062004396e-01
3.203520983280735424e-01
2.654541976956437122e-01
3.243645556567332777e-01
2.381507769198465130e-01
4.282497785871992868e-02
-9.656799763826347249e-02
1.481189267404293686e-01
2.162548180672845821e-01
-4.494201687311071697e-02
-3.125454779813805484e-01
-4.543224352497495233e-01
-5.162702026187001580e-01
-5.929310065238814209e-01
-3.707697681090723618e-01
-3.390859081667020325e-01
-4.776237936640596593e-01
-6.884607548409362732e-01
-6.619120086818767179e-01
-5.179957671693673493e-01
-5.198585452867140466e-01
-5.934757028037306315e-01
4.663452542816870494e-01
5.132993210007443796e-01
5.398397511860658637e-01
5.941555336568247192e-01
6.393923517989531513e-01
5.932636454734075970e-01
6.101513091421658652e-01
4.567652525353325665e-01
3.331025650620995648e-01
4.597673190548065003e-01
5.695277774312790253e-01
6.410742574874950250e-01
5.146922466018852838e-01
-1.343399819543370233e-01
-5.024199483578031256e-01
-4.959293308551732116e-01
-4.340335383220860765e-01
-3.792770092432048989e-01
-3.250630974507383031e-01
-3.608009945904591120e-01
-4.678525245217275974e-01
-5.880495299395845088e-02
-2.407931775751452619e-02
1.676941052220157213e-01
1.863164810125529924e-01
3.261088311483112956e-01
3.178198843248053462e-01
-7.124253121608642436e-02
-3.272398035767002944e-01
-5.353574413412003352e-01
-7.291300244073829484e-01
-8.192938906698933321e-01
-7.575810495590455940e-01
-7.264439648899588819e-01
-7.563689963867095134e-01
-6.529411520118419965e-01
-5.828728362875830182e-01
-4.629627319636925309e-01
-4.131209433640609108e-01
-4.050066319890562316e-01
2.298909360044241179e-01
3.912436954524097787e-01
6.252219325491370494e-01
8.255932407765457226e-01
7.442027268077887614e-01
6.509494763015538643e-01
6.972050012266062247e-01
6.921676001347188967e-01
6.474983472002195928e-01
5.996295233699652227e-01
5.909954636363259350e-01
5.832616080598418407e-01
5.353387304002894531e-01
5.079625448542833821e-01
8.338572396788371255e-02
-2.543960316173322078e-01
-2.991671552301238268e-01
-3.775161018041505168e-01
-2.235957438846408393e-02
3.575390538916678462e-02
-9.871934004432414422e-02
-1.935665548168199190e-01
-2.461756915771660392e-01
-3.161296626625253459e-01
-4.017218223624850482e-01
-3.919734221479329039e-01
-4.189192560529894638e-01
-2.253712042777369085e-01
2.306747165292452328e-01
5.082265770204698052e-01
6.527914644845552727e-01
-9.839564076656648339e-03
-1.214809917630280262e-01
-6.965397233275537336e-02
-5.148585660766483857e-02
-1.342728304664013994e-01
-1.731391969264161335e-01
-1.653591876956852780e-01
6.966540679664534087e-03
-4.648213520941701232e-02
-1.121232344148257315e-01
-1.006245296277354512e-01
1.502981276585128693e-02
1.735639352850923967e-01
3.179279919834013812e-01
1.731724608213687511e-01
-1.395940141621032915e-01
-3.708071899908940150e-01
-3.046806458185205013e-01
-4.163912000365903310e-02
1.696990864902848950e-01
3.136286335607752496e-01
4.136157438014810839e-01
4.845842636828953109e-01
4.988960544862599544e-01
4.932016914690584009e-01
4.331915459810978253e-01
5.098669028403208792e-01
3.465786005047796769e-02
-1.323009051937414082e-01
-3.759714096822882601e-01
-5.190685277815892951e-01
-4.956299558005996531e-01
-3.769610105571287173e-01
-7.262693294414576672e-02
-2.788969692433711511e-01
-3.377990112307226178e-02
-3.590650350726192763e-01
-4.447320385362223405e-01
-4.985800474842100871e-01
-3.736055151537832075e-01
4.808753393956782807e-01
5.925131288435391275e-01
6.159558588113979161e-01
5.166756063384352338e-01
3.660338210651931101e-01
1.616209496010411750e-01
1.332335416484754786e-02
-5.630621078498634913e-02
-1.477800508105995836e-01
-2.534729585323969858e-01
-3.789027904249878675e-01
-3.450671722778699824e-01
-1.528557053816824163e-01
-2.497182963896200369e-01
-4.570064157737390165e-01
-3.908777926079310405e-01
-3.022981193425391955e-01
1.845445549082956327e-01
2.511631968266244685e-01
3.781252468804704447e-01
5.249541581947685387e-01
4.886341428933768105e-01
2.718512604937193822e-01
2.208784994656987355e-01
1.201155088752229871e-01
1.115398688570941599e-01
1.292917700965900418e-01
-5.714861892466144289e-02
-8.218073937322506461e-02
-5.738791106897684485e-02
-2.726475149791477426e-01
-2.539552850092099412e-01
3.609319711768351202e-01
4.758524912578326882e-01
4.546384422517993906e-01
1.303930129188652365e-01
-1.228005288959297669e-01
-2.764333620234427635e-01
-3.901771718204914419e-01
-4.125471411761282292e-01
-3.374289503993747052e-01
-3.485661182281986625e-01
-2.856786458268365525e-01
-1.707003297283587462e-01
-1.533438530401121103e-01
-2.814645261350264827e-01
-2.380613802021613601e-01
-2.511382489054099845e-02
2.913896407915144149e-01
3.595411245691286783e-01
2.864270834632704488e-01
-8.732063484143517962e-02
-2.960424280980120670e-01
-4.621831094257404689e-03
1.489453266306585144e-01
3.765244219358755695e-02
-1.550471723610296997e-02
-7.266518642334128530e-02
-1.975422139616883344e-01
-3.499839917505540576e-01
-3.573602604562974849e-01
-3.336243924141688022e-02
5.225591577581798625e-02
1.094197113525515602e-01
1.227626912154211603e-01
1.161298705618687699e-01
2.973875368501586736e-01
4.587361383112752433e-01
3.603041151596043656e-01
2.283940607315562421e-01
1.180512762940694738e-01
1.462187267412609903e-01
1.418191608350901078e-01
1.259768150652180452e-01
7.088265745256777661e-02
-6.702986681968058601e-03
-1.586945584425844546e-01
-2.767202631174091043e-01
-1.860110768770192602e-01
-9.998399175055407151e-02
-1.439162415125093131e-01
-2.727285957230947133e-01
-4.043101691884857796e-01
-3.580442492962607748e-01
4.623494289005036090e-02
2.234377403836158849e-01
1.547758637178223984e-01
6.353299986278644618e-02
4.339399836175317909e-02
9.977255811826148124e-02
1.801851135754113375e-01
2.378867447536600899e-01
2.789676550201454774e-01
9.485178855805175002e-02
-2.070064157737390165e-01
-4.314389545157817363e-01
-3.198427449366115227e-01
-2.360946524130876911e-01
2.760612221986603054e-01
2.512442775705714393e-01
2.469033392792545911e-01
4.526363715743386001e-02
-2.314647340343699566e-01
-4.276468704911830510e-01
-4.339670105321807858e-01
-2.194855738645577758e-01
5.189354722017788801e-02
-2.097891484858691036e-02
-9.399711435711285978e-02
-7.159949438879673056e-02
7.422110510975007958e-02
1.495860724071833570e-01
1.013569590147234412e-01
6.203300609976674512e-02
8.161026357478763649e-02
1.416357936141637852e-01
2.015056070452929671e-01
1.941045983176785117e-01
1.832971588475723890e-01
3.092960112431965003e-01
2.930237296310618245e-01
2.792067392651174651e-01
2.048201462779780935e-01
6.760512430301744702e-02
-3.120028606949659666e-02
-6.526480139375720468e-03
4.632974499066532664e-02
-5.651036794025805082e-02
-2.509116386210452632e-01
-3.457657140718750077e-01
-2.008066494526010715e-01
5.421827767867910125e-02
2.293919775801348537e-01
2.667078307366705925e-01
1.939129151230140624e-01
1.015390788395890420e-01
7.244023933372418893e-03
-9.593140984860772102e-02
-1.374848753227637388e-01
-1.428343333291753614e-01
-1.362324896777976357e-01
-1.300740953260069721e-01
-1.848171109475636453e-01
-1.940513760857543457e-01
-1.229843119155429876e-01
-3.059717007413690834e-02
-5.246360721992840426e-02
-9.760998914765428580e-02
-1.359295803343853193e-01
-1.877638762416788398e-01
-2.185999226614442625e-01
-1.314742974041688273e-01
-6.853152377744792245e-02
-7.404522226518808758e-02
-1.561581864524472013e-03
1.626382010885609741e-01
2.832670134427716091e-01
3.338135808167118634e-01
3.177658304955073287e-01
1.677914021147521584e-01
1.205535527918802884e-02
-1.067883293624558860e-01
-2.028956220556255852e-01
-1.895148045122473646e-01
-3.553935326672238298e-02
2.117246913734246658e-02
1.414145887127288628e-02
-9.164473328593228385e-03
-1.515157941131222048e-02
-6.815397856973568445e-03
3.839630604446551531e-03
4.011438621876832478e-02
8.512334668047119579e-02
3.321462280822116975e-02
-5.600974632122112523e-02
-1.543430172847514159e-01
-2.372027559136968555e-01
-2.326372863314497830e-01
-1.130159541956166636e-01
-4.954262144440148286e-02
-4.034286759722412880e-02
-3.318905118897634825e-03
6.549286697352610376e-02
1.215331744982349471e-01
1.478927322547515522e-01
1.387796724337944654e-01
6.359661706188332597e-02
-2.969426322551673922e-02
-6.637560758583124776e-02
-4.391873630463075801e-02
3.117596184631249434e-02
8.978257886661594744e-02
5.110165862096208156e-02
-2.678138552438451628e-02
-5.259770229645614747e-02
-5.394884012956287916e-02
-4.558317844832246446e-02
-3.858674184306926363e-03
4.656862133629382366e-02
5.500372139824782902e-02
4.973492833709631383e-02
5.617627369532767617e-02
1.231005276485337002e-01
1.774909459835926073e-01
1.636656396439100380e-01
8.183791335586963755e-02
8.842250136174070740e-02
1.250341994419981728e-01
3.753477116519265966e-02
-7.135833115039023899e-02
-9.972785975941889092e-02
-6.267832566184756982e-02
6.866374775988458995e-03
8.175329832308389499e-02
6.518122585768874877e-02
1.427335021476002516e-04
-7.095147213525100638e-02
-1.400842408139675310e-01
-1.961405565881223223e-01
-2.069411353798945030e-01
-1.681558496638267952e-01
-1.254414742558243034e-01
-1.041513340900869639e-01
-1.065856275025883620e-01
-6.107355062972711496e-02
-4.294950956544879399e-03
3.811397873605515407e-02
9.041584026677644548e-02
1.479777630862241788e-01
1.360289562205562464e-01
7.034960353595204330e-02
7.684500272348140058e-03
-6.864566051700408955e-02
-1.205169625074324069e-01
-1.193373416326751341e-01
-1.085116070203450411e-01
-4.941413965014698761e-02
7.045292950964861418e-03
1.533380318584954194e-03
4.641955750703739836e-02
1.695747626828994492e-01
2.473316119267695845e-01
2.322963314081854524e-01
1.676223799485241361e-01
1.040584030835630808e-01
6.711302655706213871e-02
4.332435208169613250e-02
1.221660200997085402e-02
1.403486887788408556e-03
3.623145018108032966e-02
7.955372326934193050e-02
5.429915052328265074e-02
-2.584625427752899537e-02
-8.282689053267970614e-02
-1.282146435981555144e-01
-1.666090785485299652e-01
-1.581078664953576296e-01
-1.508147575269957463e-01
-1.605363387262423169e-01
-1.705529290938499476e-01
-1.562658783123563044e-01
-7.777472858740712425e-02
5.246028083043314388e-02
1.186689452434709358e-01
1.394058652562775447e-01
1.419407819510106195e-01
9.111604525552909062e-02
2.743169467070823500e-02
-2.992212090594218235e-02
-1.101427852690841369e-01
-1.118932977409657498e-01
-1.275000935547045654e-02
9.113808258593519840e-02
1.397599178381794816e-01
1.303083978860794800e-01
1.389453682105272203e-01
1.912039866778100783e-01
2.066303258614309302e-01
1.586714816154610741e-01
4.313724267258764455e-02
-8.653165683302774247e-02
-1.602043234747465017e-01
-1.812271050848021647e-01
-1.783395911035713099e-01
-1.791316876021305515e-01
-1.878322751256751855e-01
-1.748724537527910627e-01
-8.793102731381574610e-02
7.431112552546559856e-03
6.058561087064087691e-02
8.869609689772600669e-02
1.164394326842715932e-01
7.460696629120044943e-02
1.817023629839377083e-02
4.152997284834575309e-02
6.358913268551898146e-02
4.335262639240585608e-02
3.517345042224356844e-02
3.576825044386510583e-02
1.062646309162955729e-02
-1.437135396526417926e-02
-3.043376119018216183e-02
5.031101741780699861e-03
5.724446052199367446e-02
8.984765136111701189e-02
1.066665003471919115e-01
9.295429125034823659e-02
4.284971788059093595e-02
1.151716624878898736e-03
-7.733813996615399554e-03
1.920235258897052839e-03
-3.377574313620317764e-02
-8.740150768603874298e-02
-1.003226597810404214e-01
-8.194123932956620671e-02
-1.554575656650076555e-02
6.949097924748753874e-02
1.166383923559569519e-01
6.124070170186403372e-02
-2.534334576571407524e-02
-5.649768608030736328e-02
-6.931010681868267354e-02
-6.439266364796820963e-02
-6.012864811372926194e-02
-9.976819223204894116e-02
-1.258917842337454185e-01
-1.063827177433773891e-01
-7.745456359848816585e-02
-3.703061525731701775e-02
1.113458987696517091e-02
2.156643839318755917e-02
1.901060702450301995e-02
2.564771040453054513e-02
3.534870956877518566e-02
4.134244764055035326e-02
6.171679119837340799e-02
8.797822046477977997e-02
1.054606841551594537e-01
1.124431915044012409e-01
9.128382002569637721e-02
6.319952931588641853e-02
3.697385873655411465e-02
-7.445977355603511372e-03
-4.704034494659066479e-02
-3.618321753339903690e-02
-2.795684841227271886e-02
-4.064889543078822887e-02
-6.521823194082353170e-02
-6.810886441220619092e-02
-2.717556267957306135e-02
2.312568346909160688e-02
5.337441424359982284e-02
8.002336788620423302e-02
7.645519145450539733e-02
5.426006544671332227e-02
6.146772778491566697e-02
6.851218913850670722e-02
5.748562376040017297e-02
3.775493656991031621e-02
2.013846096274028025e-02
1.019284743098781455e-02
1.150119957921173081e-02
5.822241903360069609e-03
-8.994889834137905285e-03
-2.370301994586301517e-02
-4.574305304343849465e-02
-5.044823098448655840e-02
-3.519569565199313216e-02
-6.968557303296036946e-03
8.962686225836900486e-03
1.400376713610338580e-02
1.357507868990149788e-02
7.757971900324739031e-03
4.233599860291641960e-03
1.664321562072507144e-02
2.577536060141122354e-02
1.822805310580829369e-02
-1.392231217333815725e-03
-2.141529557049659180e-02
-3.516097646163633683e-02
-4.342102527640218090e-02
-4.645510829476801051e-02
-4.511145483802563028e-02
-3.964723639402747274e-02
-3.141255129916300376e-02
-2.170178086577602763e-02
-1.338144124140856241e-02
-7.387516060224282380e-03
-4.040253470879539947e-03
-5.269541498787947559e-03
-8.637032694250751721e-03
-1.155660475424218764e-02
-1.010702658201005633e-02
-9.438838092149307024e-03
-1.204267341923734302e-02
-1.153573166015941891e-02
-9.475698645743676693e-03
-9.900104365470414197e-03
-1.002981276585128596e-02
-7.357848823913415090e-03
-4.799543453041775834e-03
-4.212373337325001424e-03
-4.230855588958051111e-03
-4.067197225791161636e-03
-3.309653598113937358e-03
-2.534979064536114438e-03
-1.902041987351404126e-03
-1.404081479910686660e-03
-8.093978819214889655e-04
-6.140930806940511763e-04
-6.418060631764526498e-04
-7.165500351349890365e-04
-7.349886279059131408e-04
-7.097288576762675371e-04
-4.962307849031813607e-04
-1.221502197496060591e-04
3.936449328693020569e-04
9.004744263017618608e-04
1.292131841447645034e-03
1.592419574138985135e-03
1.858310360455881893e-03
2.107829073475786519e-03
2.348929942079243209e-03
2.583107762545686168e-03
2.808990399208319971e-03
3.028137097143047702e-03
3.238884661602239173e-03
3.439881746853443775e-03
