-3.365758973724391426e-03
-5.815333387194259081e-03
-5.775551298951655393e-03
-5.771634450674812886e-03
-5.763207602162755648e-03
-5.328120413938253891e-03
-6.055171313535012007e-03
-5.484109152232450636e-03
-6.018999270832161956e-03
-5.230321928112028652e-03
-5.788825630709727547e-03
-5.791269825848539658e-03
-4.745921313279343606e-03
-5.695649639455650434e-03
-5.907977587037380532e-03
-7.998848467060124326e-03
-6.881564939401346379e-03
-6.027702241807600218e-03
-6.458218069249468951e-03
-6.236665586039248123e-03
-4.660732419947495944e-03
-9.251933112912611931e-03
-3.581962862551351691e-03
-9.445525640016078084e-03
-4.436858462693298727e-03
-4.569499512694986595e-03
-1.000781324303788057e-02
-5.162538976731058382e-03
-1.363983608552433134e-02
-4.489444451830437201e-03
2.130458659865191139e-03
-8.927059694608555779e-03
-1.461444611367859660e-03
6.291705997073102552e-04
-1.231352785308648806e-02
-7.857463539051387155e-03
-1.052098172785165524e-03
-5.891788629276958683e-04
-7.194974162096158575e-04
-1.351138800626286614e-02
1.229501742128208917e-02
1.231393692340260713e-02
-1.607441807190842717e-02
1.052926540175307298e-02
1.195160289089992412e-03
-1.339214400911408647e-04
8.721409819937474966e-03
2.141339930273964895e-02
6.020932128075825659e-03
2.809586971928572721e-02
7.668687814920226338e-03
-1.319630159527196813e-03
3.594500867740408473e-02
2.252842271690186707e-02
2.873289446906252681e-02
6.410765912579628745e-02
3.710247313686368398e-02
5.708637621992438543e-02
6.287093729258856623e-02
7.955896083867597390e-02
8.406957467936558570e-02
-7.195761622454688658e-03
-1.002741793793789776e-01
-1.789754220327317846e-01
-1.260141108805545307e-01
-6.325587246005684450e-02
-6.485349657966082287e-03
3.980489391272689498e-02
9.116581972066634121e-02
1.609855322055946808e-02
-1.019191533880737799e-01
-1.390215242573584198e-01
-1.381778167303623350e-01
-1.018090112054586410e-01
-1.718289636101273665e-02
2.621486213819008981e-02
6.103370023531770605e-02
-1.721286076166847825e-02
6.505915668108980601e-03
7.812240815604397370e-02
2.342837741236435400e-01
2.948159541513989956e-01
2.223419889203304967e-01
1.792321136560966477e-01
1.002120006913288369e-01
-4.173498993175685234e-02
-5.660336644416651131e-02
-9.499839951238818123e-03
-8.058480692392418210e-02
1.961666020676459260e-02
1.897493114835241967e-01
1.560521441931957409e-01
1.256439022444665599e-01
2.115957117158761419e-02
-4.089854340287187723e-02
-4.472938464575022116e-02
2.976487660905252283e-02
-4.374301384600753212e-02
-1.803396715369896819e-01
-1.245025960624936839e-01
-1.532469445004075448e-01
-1.077266223984406357e-01
-3.730291759176214417e-02
8.320173200371845657e-02
1.643961559662394378e-01
9.132494807363675249e-02
3.420615303115991102e-02
-5.909665002091371924e-03
-8.387117557604771567e-02
-1.699738297265262765e-01
-2.084018952227745802e-01
-3.760470921747916841e-03
-7.157135157855122436e-03
-1.018738488505635531e-01
1.295137074349552719e-01
1.161074504999350665e-01
6.503952130591608705e-02
7.477641750534604059e-02
9.928146798973642995e-02
8.963313551374631205e-02
9.064599361645771236e-02
2.611095827789578286e-02
-1.164889085697163179e-01
-1.096645930210558700e-01
-4.804438822000211412e-02
-1.601530741122918489e-01
-1.564387156419284886e-01
-2.144275009792120934e-02
3.597487081048079266e-02
-4.799376576838234459e-02
5.662944467681911044e-03
8.832288329121613935e-02
3.037326643670096998e-02
-6.480808977457158671e-02
-1.535486338585455302e-01
-4.359963470020771122e-03
2.641970409898683828e-02
-1.620787726254235492e-02
-1.568375592001448326e-01
7.456523495464945084e-02
2.058799767238990164e-01
-5.511005525517295722e-02
-3.051654331492176242e-01
-2.617896621795062218e-01
-1.951336995194446755e-01
2.118247910929029476e-01
7.077652795433140298e-01
1.397660322326955695e-01
1.366008506617223672e-01
1.667299021197001241e-01
-1.676983760931126041e-02
-2.079007840855284506e-01
-1.094835794061730788e-01
1.696547548799532401e-01
1.170524029301706903e-01
-2.884682055210175539e-02
2.747213975478280182e-02
1.288499908470516937e-02
-3.525725920842848887e-02
-8.306213675834274446e-02
-2.128914419421840676e-01
-9.171683743647905673e-02
4.170308244709953864e-03
-3.887313400018613252e-02
-1.418246785985660119e-01
-1.655292807418899392e-01
-1.192419517971993054e-01
1.352948936775114769e-02
8.809595153334895401e-02
-9.908859133568617694e-02
-1.291486121778187834e-01
-5.732782997401381087e-02
7.706894982445770814e-02
2.877206295183095189e-03
-9.499349066859476276e-02
-1.837104109418128128e-01
-2.710009030227228735e-02
5.991438158283623333e-02
-2.784439374245137669e-02
-7.005728007101462429e-02
-1.835007624048016865e-03
7.751514327176484837e-03
-3.385046639129416640e-02
-2.202434581986384074e-02
-2.796108105012441031e-02
-8.393908124852351993e-02
-6.452787660802986047e-02
-7.684344981269693176e-02
4.304544668944507158e-02
1.466333001645485634e-01
6.791446748760261720e-02
-4.838228030111665912e-02
-1.207749428068564251e-01
-1.318208640178682167e-01
-1.645014915726401572e-01
-1.621575186612765063e-01
1.343949389820489788e-02
1.832686150004039782e-01
1.697294102126449822e-01
6.414232783508740099e-02
1.092197290522761294e-01
8.210388954283324991e-02
-2.162437731827818524e-02
-3.295214797709615506e-02
-3.002524986526246623e-02
-1.041349850229130597e-02
6.073518117212962919e-02
1.214468408010824091e-01
2.096771719332765627e-02
1.264702242830275658e-01
1.892645631589228161e-01
1.164162985886051521e-01
2.053809109382334630e-01
2.431442371707878969e-01
1.201214529768558359e-01
1.609262170097573719e-01
9.743860621561893642e-02
-1.006877494689756153e-01
-8.207689090196937376e-02
3.166930346574598539e-03
2.216537281134597567e-02
-9.301870371752876676e-02
-1.320029003085412822e-01
-7.154251212126480630e-02
-3.511715262515762576e-02
-4.559088673149749860e-02
-1.110809989906190037e-01
-4.512372843048924331e-02
-4.371396985356305193e-02
-8.141317431406577820e-02
-8.648646437457750691e-02
-4.865451659649406430e-02
2.539886912511108916e-02
-5.175496278994137084e-02
-6.654142297154813646e-02
-2.453204912525426204e-02
-1.184831263607979794e-02
-1.255068636885665889e-01
-1.288336280344069273e-01
-3.773489584558414184e-02
-6.814446727284069472e-02
-1.372584311948841802e-03
1.093680170418693809e-01
9.873413190676880169e-02
1.957196927472855744e-02
6.329330239398175961e-02
1.141551624162556455e-01
1.206706298762460078e-01
1.584585003277675930e-01
1.952952822943117839e-01
1.153547611182755284e-01
3.603970845558570474e-02
2.287101910665179094e-02
2.971946980396327972e-02
5.685719457531854260e-02
-9.344894342250725794e-02
-2.016778019015633694e-01
-8.974808427257584265e-02
-2.946093736417587303e-02
-2.261637283486752081e-01
-1.304177528335789728e-03
7.318789520027572937e-02
3.371608679244897204e-03
1.491296517686666601e-01
2.274359370318062568e-01
1.578745524515073051e-01
6.815684164990330751e-02
-2.038141716274964946e-02
-1.018727239071942348e-01
-1.270807617298356507e-01
-6.684965745474405474e-02
-4.361507710464121446e-02
-1.082870487315240882e-01
-4.094620009469977784e-02
1.605028292325738626e-01
1.100399150360953510e-01
6.000478612269859874e-02
2.699874313145372504e-02
-5.309998598934167341e-02
5.905267496193089723e-03
1.567260875390023012e-01
1.825394471619213033e-01
-4.840160887355329788e-02
-9.345569308272323739e-02
1.183102941522375627e-02
1.642212784060984379e-02
-1.359647463201568360e-02
7.217759378704005635e-02
1.373606987739139917e-01
1.689378591509541339e-01
2.169555555328294416e-01
1.702397254320038300e-01
1.800369595030613945e-01
8.372472840287700779e-02
-1.520125748215175043e-01
-2.989905167273965714e-01
-3.167267829585396766e-01
-1.623947794446256865e-01
-1.273844964395542401e-01
-1.655057591987130761e-01
-2.240559935448704215e-02
1.501645996684485007e-01
8.334081591119901766e-02
4.780457074717716498e-03
1.479934589656452804e-01
3.281827971614611483e-01
6.877760585461437093e-02
-3.797041808008983499e-01
-1.170462668754288990e-02
1.356896465325665990e-01
-2.928176456571561503e-02
-6.824489403544799215e-02
-1.056158195672649847e-01
-1.732729818260285437e-01
-1.440796787161737480e-01
-1.315784898555674987e-01
-1.160338178430335987e-01
4.692537637025772507e-02
2.720808486572778295e-01
2.453624209599448713e-01
1.139414231760833007e-01
6.963818753215038349e-02
9.953815961310130689e-02
2.852447314299973516e-02
-2.518819791230964000e-01
-3.986748167109315233e-01
-2.067114121414115324e-01
-9.795526202487761513e-02
-1.511985248924400949e-01
-1.087769104350769650e-01
6.201475312095084541e-02
1.229082445054186512e-01
5.882564093648467995e-02
9.207978507445591099e-02
2.093979814425251107e-01
2.475274256080063351e-01
1.628324846828733685e-01
1.315519002850197572e-01
-1.430416627890209597e-02
-1.792975649066757271e-01
-7.100049395240670691e-02
-1.953351666501334377e-02
-6.842713486127914579e-02
-1.110482733653294640e-01
-1.293664421211523086e-01
-1.588491624796615487e-01
-1.815321115084774783e-01
-1.317748436073047646e-01
-5.008953526544061841e-02
4.883982544969611012e-02
6.718509511396188183e-02
-4.965111415413974577e-02
-6.598099663846468399e-02
-3.208583931513447896e-02
7.910796081515443501e-02
5.025009536451745251e-02
-8.533329515343715532e-02
2.167223854526414278e-02
-1.689245643656802146e-02
-1.494354318299658500e-02
8.478851575994526824e-02
6.608326421749451118e-02
2.086207478418984195e-03
-1.332873811011559342e-02
-3.764152554592990058e-02
5.710887508731094658e-02
5.145889814865001882e-02
3.857287638815454917e-02
8.658331177191875769e-03
-9.370338515913347391e-03
4.941712593331950426e-03
4.620019696735721410e-02
9.082189385238903512e-02
4.465442251032136073e-02
8.835509757861054192e-02
6.198366377692577506e-02
-3.772466908768116328e-02
-4.010658327086488728e-02
-4.462885561556390046e-02
-7.115522479947884726e-02
-6.688821233203828820e-02
-6.845894007835742756e-02
4.037861503108423206e-02
7.907257623281009618e-02
6.114854672656819951e-02
1.962964818930137967e-02
4.668177499700867233e-02
5.615696846170130374e-02
1.244412355150757883e-02
1.111352008075048164e-01
1.898290801951674767e-01
1.461260529725606078e-02
-1.622331966697585642e-02
5.828362276762658750e-02
-1.485947923303406748e-01
-1.114072325677241682e-01
-1.950181371551409568e-02
1.201194076252752457e-01
1.078268446258898727e-01
-1.441921730531065537e-01
-1.641670765892126183e-01
3.541096737971032027e-02
1.806065899182575374e-01
1.574736635417103570e-01
-1.195201196121604414e-01
-1.026357423143357817e-01
8.216709090667369264e-02
7.930349642625945938e-02
4.419616148868869832e-02
-1.217485301592203910e-02
-1.113683708876928163e-01
1.270817844056259562e-02
1.605703258347335530e-02
-1.264129544387708748e-01
-8.230648161689133047e-02
1.632630311905889503e-02
1.631771264242038999e-01
1.457302774417151489e-02
2.806181461546879488e-02
1.012659703608102535e-01
-2.474773144942817027e-02
-2.214512383069806856e-02
1.219326118014740952e-02
-1.220993079552927102e-01
-1.952216496374103161e-01
-9.216998507916022987e-02
9.380370965416172380e-02
1.281105962506660090e-01
-9.123219137945670631e-02
-1.937796767730897429e-01
-2.156741427675857026e-01
-1.463397922127329387e-01
-2.415918153211150943e-02
2.498304914877580996e-01
7.708561943983956999e-01
5.298043518945581010e-01
2.882554889566354972e-01
-4.787063560323043254e-01
-7.881649821491940600e-01
-3.050150998080438103e-01
-1.330593243999194375e-01
-1.249310972186286617e-01
1.087257766455620436e-03
8.813726763527700292e-02
3.393780290378564102e-01
6.056306483662243778e-01
3.094739662537442926e-01
-5.554060176288853068e-01
-6.418190538817194479e-01
-7.955190437572290385e-02
1.296415419087425525e-01
-1.517139534907504172e-03
4.104775180067640195e-01
9.564145804932775441e-01
7.258206206210301437e-01
5.435849081688274298e-01
-7.411403039596983766e-02
-5.162313988057193326e-01
-2.091791288234012836e-01
1.332188618232059418e-01
2.128638296958459963e-02
-4.025824609056612852e-02
-1.076478763625876578e-01
-1.683876595757736461e-01
-1.657624508220779669e-01
-1.916637605629625818e-01
-2.127963330936863406e-02
-4.881262227367418743e-02
-3.852460609085247428e-02
-3.664993909965669205e-02
-4.921862456242259709e-02
-5.008851258965031639e-02
-5.614991199874824757e-02
-5.886133232156608858e-02
-4.323525531612442546e-02
-2.047529880029903271e-01
-4.434976739239149812e-01
-5.030900149003862953e-01
-5.059156681089804763e-01
-3.848461946745181383e-01
-1.217884145150420344e-01
3.325833710871146606e-04
1.687343466686847676e-02
1.390010707415524627e-01
3.731611010945699580e-01
7.073009847345185230e-01
7.328556073824920025e-01
3.452379613162656069e-01
-8.856689373478131289e-02
-9.432916047521697905e-03
6.526962335873319476e-02
-3.275211259251381013e-01
-4.731593625457264363e-01
-2.399637154629602198e-01
-2.679778733866011176e-01
-3.491200386162378599e-01
-9.641368053858198617e-02
1.566187065810210055e-01
1.395819505904418723e-01
-1.926526880521810259e-02
-3.818415732026218118e-02
1.212044666387817188e-01
1.594443597896151310e-01
1.002557712151536107e-01
-1.391544721100971931e-02
-1.123174140210896205e-01
-8.382075765958600655e-02
-5.621904488217241425e-02
-3.009755304363655529e-02
5.644137459898326131e-02
8.824955743705176214e-02
1.161166545820477569e-01
1.354452270186853324e-01
-1.031000371231311913e-01
-2.825366859372875350e-01
-5.192104533828581503e-02
7.320282626681406946e-02
9.727058058327291146e-02
8.334715650109887630e-02
1.213343464641496033e-01
1.971289399863166147e-01
2.364723003148818947e-01
2.564594759604715835e-01
1.693234079238965517e-01
-3.714317563331755168e-02
-1.159376863187455559e-01
3.469161722881450305e-02
1.390419777731643769e-01
1.351650138521436062e-01
7.221778494559875916e-02
3.264166360716159315e-02
3.389955482922848984e-02
-3.086783244888922223e-02
4.373769593189797550e-02
2.483302261033904987e-02
1.505184454918917329e-03
-3.747237497021457114e-02
-6.454096685814567080e-02
-7.000410092991909972e-02
-9.209246625425562827e-02
-1.028085745228961845e-01
-9.795771644677433998e-02
-7.932098418227355452e-02
-3.019532084918907441e-02
-3.568443088603608093e-02
-8.474607471464788711e-02
-2.450361873828397347e-02
9.732662321658126781e-02
3.789739902866254284e-02
-6.614196580785762503e-02
-2.613151406128078058e-02
3.096099821338539615e-02
-2.444931465381913402e-02
-3.035690362405620013e-03
4.703725710171636348e-02
-1.989625976783214456e-02
-3.410081742475918470e-02
-3.465633491404921610e-03
-3.623319871511013895e-02
-1.115340443657211397e-02
1.125628562107612064e-02
-5.344922977172854306e-02
-3.242168604466844073e-02
-3.393279179241317882e-03
-1.211236752513481516e-03
-2.166865917999809960e-02
-8.357756535665307462e-02
-1.128410240257223529e-01
-5.556320289785412342e-02
-1.353582995765099592e-02
-9.515527797861994541e-03
-1.270183785066274565e-02
-6.456929497753692571e-03
-1.278815168736392033e-02
-9.958949793777427395e-03
-1.653953102133608882e-02
-1.672555574759134259e-02
-2.596174988009126647e-02
-5.814678874688467697e-02
-4.716693239192618070e-02
4.040643181258034289e-02
4.521628058951123602e-02
2.550185257719412776e-02
6.555075693348619281e-02
6.421647182988403368e-02
3.863352106251924378e-02
1.307122834611848788e-03
-1.062774908035879614e-03
-9.372516815346681671e-03
-2.659499072944396247e-02
1.801555898947359777e-02
5.604263330834596130e-02
1.351752406100465743e-02
4.561451054225338503e-02
9.041834598553732949e-02
5.099716002933034342e-02
3.443472107029157264e-02
9.687603226337584972e-02
8.601971514388538631e-02
4.183930286236726970e-02
4.635247339253262960e-02
1.217700063508166640e-02
-5.866487630224979065e-03
-2.892975955869494555e-03
2.623102041567680273e-02
6.456540880953380579e-02
4.302611811700843281e-02
-1.448057785272855195e-03
-4.439793542211455113e-02
-7.245085275820774273e-02
-5.464391962995499702e-02
-4.113907674875003952e-03
-6.663397513057013263e-03
-1.768963221510553739e-03
-7.527098351753429631e-03
-1.472203160681797608e-02
1.204313237413162131e-02
2.821030714022010333e-02
1.538738447598603926e-02
2.057705504143371097e-02
2.307678147565980775e-02
-1.014834935014066915e-02
-4.510675201237029225e-02
1.196632942228021898e-02
6.015726708303207465e-02
3.217460757373237501e-02
-2.026299130623310935e-02
-2.188383016627686029e-02
-1.467376130951589773e-02
-3.460561019485042245e-02
-2.771512752255767334e-02
-7.233007474737351492e-03
5.229043583374155812e-02
6.290264024208781779e-02
1.885967558678580333e-02
-4.905479190081681214e-03
-2.889498858182480354e-02
-2.387129829714254581e-02
3.019613898982130909e-02
1.955243616713386173e-02
-4.486468465280669254e-02
-8.972129016687001302e-02
-5.000915294832317115e-02
1.787616827925594259e-02
1.591488064862189508e-02
-2.299210392022310936e-02
-4.887173293435342208e-02
-2.683777396206077706e-02
-2.332089418680400456e-02
-3.490402699045946217e-03
-7.028523450467209603e-03
-1.109378243799772311e-02
-9.316811665049135049e-03
-2.166681836357556290e-02
-3.965241295239342600e-02
-3.455928298154990752e-02
-1.586661035131981673e-02
1.231025529055753374e-02
2.324797740295573775e-02
2.936051060156858253e-02
1.791574583234048501e-02
4.007171002641572027e-02
4.255527818315510413e-02
-1.292058820220754953e-02
-8.619745619623921454e-03
6.457911266512379733e-02
2.831288152198702113e-02
-2.371288581722533900e-02
2.552680586647740335e-02
1.165052713823611086e-02
-1.896245450371078067e-03
-3.555864176382939057e-02
-3.425626414488452259e-02
-3.081956215158714041e-03
-2.886768313822383678e-02
-2.733591933951507250e-02
1.111331554559242228e-02
9.277653409038614032e-03
4.926198601593124830e-03
-2.144817027960978922e-02
-6.028009044544690304e-02
-5.239843039719705581e-02
-5.067031284675101860e-02
-3.008415599078365088e-02
5.015877041644380835e-04
-1.726041518591734519e-02
-4.525688081838607352e-02
-2.148089590489933587e-03
1.836490503943949415e-02
7.407803220815134537e-03
-2.446485932583166573e-02
-2.088641446799894066e-02
7.079514065371481958e-03
-6.839798860125564754e-03
-4.449723724135251635e-02
-4.477724587273618218e-02
-1.118592552670360021e-02
2.152609817483051857e-02
3.339537566461143331e-02
2.671771182427975719e-02
5.687417099343749366e-02
1.453907490793361276e-02
-2.163603582228758315e-02
-1.641098067449559342e-02
-1.374302407276542992e-03
9.364192234413653768e-03
4.729936890676981337e-02
7.708091513120420013e-02
3.953214627945434573e-02
-3.912880294776070050e-02
-3.950197734364054025e-02
1.571658381288305872e-02
4.496858851310098909e-02
1.681565348471662433e-02
8.449347379444421477e-03
7.878684061700075986e-03
1.883738125455730258e-02
1.376613654562616924e-02
-1.574215070764051552e-02
-2.009414753325486011e-02
1.082021666409293398e-02
-6.915558682670862149e-03
-1.188809472432240119e-03
1.173949993199206038e-02
1.459225404902912519e-02
4.608473687063253596e-03
-2.248731115013187509e-02
-1.672013556590276270e-02
2.353872413013754356e-02
2.789286857491151544e-02
2.140480882610114322e-02
6.896588046760828219e-03
1.686883262581213502e-02
4.328536642984904051e-03
-1.896245450371078067e-03
1.470873682154409841e-02
2.362585610747095638e-02
3.505405352889622017e-02
1.505685566056163410e-02
4.049315471959764184e-03
7.961500347198431290e-03
1.343346011104213852e-02
1.667554690144575731e-03
-4.197429606668664007e-03
-1.905684747915531094e-02
-2.670993948827348700e-03
-6.290519693156356590e-03
-3.501028300507145422e-03
-8.195437434229164639e-03
-1.227589338400351081e-02
-2.597473786262805180e-03
2.336098307778369798e-02
-9.135235578481674685e-04
-7.511942296541208874e-03
1.142155002878832539e-03
-3.496303538355967095e-03
-3.189183771771489373e-02
-3.048228367594676969e-02
3.626162910208043100e-03
2.594313718070783564e-02
-2.162846802143937944e-02
-2.645703176533272666e-02
4.772183627574203696e-03
-2.268775560503033962e-03
-2.341242367003570218e-02
-2.110496028438568414e-02
-3.336019561742517049e-03
-2.283491865125426498e-03
-1.639277704542828340e-02
7.163976858892217615e-03
1.285902311963159350e-02
2.579208796648078256e-02
4.228314415535672915e-02
1.211850357987660602e-02
-1.133165682682110535e-02
-2.843764796840341034e-03
-9.591860318849860373e-03
2.390872823106746439e-03
8.377003294038721376e-03
-4.869184426283995441e-03
-1.699042877727859752e-02
-3.158319416420287545e-02
-1.084005657442472029e-02
-7.511379824856544499e-03
-3.747073868895009398e-03
1.430150732184732112e-02
9.747910417691473678e-03
4.602603528026941865e-03
-1.287446552406509501e-02
-1.834291750994808054e-02
-1.530863844013307176e-02
-1.566606362884232287e-02
7.943746695478853120e-03
2.318007173047993350e-02
1.311039682888691035e-02
-1.924911052773138793e-03
-1.437882161159387100e-02
-1.518816723203593455e-02
-1.452353023592107932e-02
-3.811287681767838373e-03
2.112981130608993126e-03
8.120056001726277603e-03
4.507474226013395528e-03
1.692364804817212201e-02
2.728447874726306482e-02
1.152391987539718408e-03
-7.545833772231693359e-04
2.106579180161726253e-02
-1.706150474470432762e-02
-8.021643910425873755e-03
2.993024328434375561e-02
3.609503521584084273e-02
3.264094773410838868e-02
2.550134123929897936e-03
-1.423073815715868076e-03
-7.062333112094470490e-03
-1.052568603648702675e-03
1.192214982813933309e-02
-1.167363961109685148e-03
-5.092168655600633025e-03
-3.645338081276136132e-03
-7.787430700931760250e-03
-2.249273133182045498e-02
-2.165802335177899676e-02
-1.044469011389540306e-02
-2.170864580339876282e-02
-1.596141239708046694e-02
-8.842750302456365424e-03
-1.622383100487100396e-02
-2.760079236920232396e-02
-2.565873104342588154e-02
-3.393279179241318055e-02
-2.786055201993808961e-02
3.735159695938034246e-03
1.370313971694379560e-02
2.357042707963678818e-02
1.854581638674326211e-02
1.160532486830492729e-03
-5.822860281010854358e-03
-5.984933940257326432e-03
-4.336963491496963023e-03
7.315813533477804470e-03
1.309577256508564526e-02
2.174208730174151741e-02
2.117163874591313291e-02
6.532771134362213780e-03
1.023187128193433137e-03
-6.525755578440767778e-04
5.264581567087020519e-03
-1.735327414767643241e-04
-1.119247065176150885e-02
3.091477326766391316e-03
-4.141468787423542748e-04
-2.882667383903287847e-03
-1.607912238054379998e-03
-7.593797266796683924e-03
-5.260388596346797854e-04
-8.617311651243011669e-03
8.192625075805842760e-03
2.238003245972958535e-02
-6.853993600094905256e-03
-1.076969648005219812e-02
-2.603753015615236635e-04
-1.146961579093234290e-02
-1.987509037897296910e-02
-2.428251623242148188e-03
-7.378022901801648686e-03
-1.668485325113747142e-02
1.029466357545864592e-03
6.694118693797573849e-03
1.263607979734656522e-02
1.107128357061116196e-02
1.142318631005280125e-02
1.065014568016632926e-02
1.464788761202135033e-02
1.642223010818887052e-02
1.542808697243991216e-02
8.604630471443313472e-03
2.616516009478159557e-02
2.090308408338080459e-02
1.733578639166232990e-02
1.747446122882678060e-02
1.003141660027796409e-02
1.428084927088329667e-02
1.233950381816006393e-02
2.010509016421105355e-02
3.341787453199799446e-03
-3.823795006683186615e-03
2.095503601352795547e-03
-3.549441772419865992e-04
-6.033562174086009840e-04
-1.382944017704563350e-02
-1.469820326090402578e-02
1.381205468861056466e-03
6.454219406909402629e-03
-1.249852990355144761e-03
-2.162846802143937597e-03
-5.190345531469268622e-03
2.216557734650403521e-03
-1.569520988886582459e-03
-1.047383637391890478e-02
-5.396578331340820414e-04
-9.496792377383728861e-03
-8.292755262433948449e-03
-3.585000209648537325e-03
5.184833308959560863e-03
5.578154417908281213e-04
-7.359185213744354973e-04
-1.662666299866949991e-03
-5.934096726721598512e-03
6.997188664252470408e-03
1.423370391695054533e-02
1.238133125798326212e-02
6.799566794535230087e-03
4.305516210945290433e-03
-3.182260256671169685e-03
1.221524870963882270e-03
1.935352572592084525e-04
-7.952429212938484995e-03
-4.434056331027881777e-03
-1.259507049815560518e-03
4.525411959375226847e-03
9.491965347653522067e-03
1.234103783184551176e-02
-5.753666037039272419e-04
-1.299156190205424943e-02
-1.069248445788467845e-02
-1.187572034725979274e-03
-4.113744046748556323e-03
-2.029888722647257837e-02
5.082545276413925547e-03
-3.473109251432002220e-03
-1.323710635930486733e-02
-1.453897264035458256e-02
-7.581003592660051464e-03
-4.031152749924066074e-03
1.756905873942936802e-04
-1.548280012722087024e-03
-4.717010268687611002e-03
-1.111403141864563023e-02
-6.802512100811289146e-03
-3.821821242407910570e-03
-4.440652589875305513e-03
-1.018317146080032626e-02
-1.701098456066359437e-03
-2.002163981972271672e-03
-9.441659925528750243e-04
-3.469110589091935464e-03
-1.216319451191263945e-02
1.424802137801472026e-03
-4.202481625072737592e-03
-3.799383735568766414e-03
-2.996961630227024023e-03
-3.412495257341022388e-03
-7.682360990236515239e-03
-3.598274541406609045e-03
-2.891820332226457090e-03
7.439332315430030942e-03
5.679399321147810507e-03
-2.900063099096261612e-03
-1.880639417811126330e-03
-3.015809545042221363e-03
2.739513226777334168e-03
4.950640552981253745e-03
4.797556213931503284e-03
8.048693685079263277e-03
4.785376145269051168e-03
9.287767672604665264e-03
1.154099856109516362e-02
-1.674089588444581823e-03
-1.914029782364365167e-03
4.204854232906229949e-03
5.355906515160657744e-04
-6.807134595383437271e-03
-5.743654041052252690e-03
-7.456441681401720922e-04
4.946948693378276944e-04
8.980831987662439564e-04
-1.733527505376718019e-03
-5.908161668679633681e-03
-4.840549504155642994e-03
-3.341848813747217307e-03
-3.031231495959919517e-03
-7.163966632134315506e-04
-1.217014870728666672e-03
3.179662660163812705e-04
4.507136743002597076e-03
-9.794196723960373497e-05
-1.149109198252860897e-03
-6.711493955474742311e-04
7.334702355324613284e-04
3.286266384544505540e-03
2.297226400989132392e-03
3.440414306416165590e-03
3.617807649001306483e-03
2.718804042023793745e-03
2.157978865382118028e-03
1.953995952249222220e-03
9.348575975095799922e-04
3.726129468709700617e-04
2.228052610533356041e-05
-4.650965866150147767e-04
-2.362370848831132691e-04
3.710799558613129146e-04
3.221091256428795660e-04
1.132695251818573287e-04
1.424975992685822821e-05
5.717371273241586132e-05
1.099386701328558264e-04
1.478216494328751459e-04
1.170728564459766447e-04
1.107905590661742835e-04
1.834792862132054352e-04
2.391373934243992304e-04
2.922592646756533102e-04
3.265117449201136897e-04
3.578925515454165515e-04
3.965670819071267649e-04
4.405912293278872434e-04
4.832613540022928861e-04
5.246009774735203770e-04
5.639453604778758974e-04
6.030391879136084857e-04
6.410786366095434048e-04
6.772905636682153901e-04
7.123887967912525491e-04
7.457709799381690048e-04
7.778257299092785270e-04
8.083127178938606184e-04
