4.965730748076276069e-03
6.735263020179743307e-03
-2.960278639589463637e-03
4.018286724302733495e-03
7.670518564402697623e-03
8.878032434972525774e-04
1.282484367240357449e-03
-1.889067481189958889e-03
-1.513360602775716025e-02
-8.373138353260319022e-03
-1.396855826173324690e-02
3.608404043424629296e-03
-5.582430433552093736e-03
-1.202860087468694307e-02
-4.054825463108823608e-03
1.025435607982185839e-02
-1.305590413687409031e-02
2.048932807168374511e-03
-4.569998985405864791e-04
-1.897077434892426376e-02
5.444912878403563097e-03
1.047457640694836670e-02
1.028291156477115567e-02
-2.270541526269978169e-02
2.054926922522387969e-02
1.043405939113671924e-02
-3.182848553135363308e-03
-2.013261813346719012e-02
1.336861272941842517e-02
-1.880643679879530263e-03
8.237049239855393987e-03
1.768544377813496132e-03
-1.686081904446592311e-02
1.741497434144830816e-03
3.405111418456001349e-02
4.263938654434577119e-02
2.151673813325358925e-02
5.621906155382421855e-04
2.591860819044465927e-02
4.475187833414323579e-02
-3.859382592768613451e-02
-4.319474333438352680e-03
2.994441092130487383e-02
1.542436734715673524e-02
-4.726446731137893750e-03
-2.377794806346019210e-02
-3.914517774087265811e-02
-9.270266517859527058e-03
-2.020871269364063125e-02
-2.547445625764283364e-02
-1.184844366599560953e-02
-1.004996876118056069e-02
-3.628161929224048982e-02
1.146774391644016233e-02
-1.424143068453064334e-02
-7.453782567136761975e-03
-1.506872540276717274e-03
2.480655961808540810e-03
-9.180715235465939164e-03
-1.860164898246888243e-02
6.432366620920931984e-03
-1.186769425472720789e-02
-5.612908307389983392e-02
-4.687157908227290726e-02
-6.645818537168855789e-02
-6.065924588955876745e-02
-3.409743841680595161e-02
-1.184445203906721485e-02
-1.900681914058536745e-03
-1.499890530632733100e-03
-1.412141487822200434e-02
1.041865358018230622e-03
-8.905252927638078117e-03
-4.848732024328899354e-02
-7.426068127326224122e-02
1.924044279024067494e-02
3.141770840564541561e-02
3.651898092029028098e-02
-2.702478279675543660e-02
-6.241222425734378569e-04
1.428081295690110906e-02
-3.564990094357255168e-02
-7.491202400850123511e-02
-7.358918015453870531e-02
-5.918020793839811423e-05
2.046703370054521118e-02
1.899707369691403316e-02
1.337809117463301112e-02
9.973073205636871080e-03
-5.909076345538723588e-03
-3.536247710488233525e-02
-4.637856643188602301e-02
2.666940785082262330e-02
3.965794827705895753e-02
5.917072949318352704e-02
5.640943145348620291e-02
6.854304282121248537e-02
7.475983488815435285e-02
3.031140030010626846e-02
8.345517362909643522e-03
4.173012329988733116e-02
4.689761143180592139e-03
-6.153072885238723352e-03
-2.947836511504963938e-02
-2.592261316729589302e-02
1.731111194177297526e-03
1.794363128581116795e-02
-5.295046644630393984e-02
-6.986068020526840783e-02
-1.144904067454490101e-03
1.272945847373002301e-02
2.128017750057404830e-02
1.074767577843400209e-03
-5.701298146496713154e-02
-4.583509107317359360e-02
-2.354819589142774852e-02
1.480132644833312937e-04
3.502018508333022348e-03
7.610363812097165753e-03
2.803710744551896755e-02
3.685967095110190273e-02
1.180631130952063124e-02
-2.494406382331110141e-03
-5.714287621417548507e-02
-6.588654167578911203e-02
-6.564143709249360692e-02
-1.208439020222463328e-02
4.199712175663624508e-02
2.729405074038672094e-02
3.759805518324104562e-02
1.813386768624477424e-02
-1.876131405960473550e-02
2.036076831475914367e-02
2.410114969535476215e-02
-1.433247715828202609e-02
-3.489509630634335391e-02
-4.827091799409399808e-02
-6.033324077386833378e-02
-7.482164503089172233e-03
-8.660535492104855584e-03
-3.785410670326325860e-02
-1.845546732739884732e-02
5.696145076281458608e-02
1.128570436862875032e-01
1.193337587508744163e-01
9.238280102741006083e-02
1.383412453876016468e-01
1.740229191475273218e-01
1.731404892479721513e-01
2.003449620061196201e-01
2.319322144318005929e-01
2.836591604500526276e-01
3.339856995626565572e-01
3.469297847458441830e-01
3.685967095110190828e-01
3.657278110932519199e-01
3.276404812380184772e-01
3.578687115188474155e-01
3.578713815034149093e-01
3.347132703572973100e-01
3.881022817688113968e-01
4.030074706168197962e-01
3.771419951192682141e-01
2.485595433258395714e-01
7.118432505460119131e-02
6.359943289527786314e-02
8.457202817367714953e-02
-1.115267238755359991e-01
-5.248415364159195740e-01
-6.991341240047632688e-01
-8.576671276840019953e-01
-9.366319212674951711e-01
-1.000000000000000000e+00
-9.796093278580849661e-01
-8.781792841237376912e-01
-7.041336701073868110e-01
-6.001177463194262707e-01
-4.813635077189253875e-01
-4.574471209556408846e-01
-5.322320536987296125e-01
-5.142216727987312108e-01
-4.849426220316446767e-01
-3.921379634425712912e-01
-1.484164321530221653e-01
8.252548500269668574e-02
2.917104989133162962e-01
5.045963784329327018e-01
5.117492670892361817e-01
5.386880763829184904e-01
6.781560552580006007e-01
5.136930158543683289e-01
3.702267350894711817e-01
2.779560734138956657e-01
2.758694804744028506e-01
3.760099216626527907e-01
4.525944240042292788e-01
4.946400059807654070e-01
4.005884645986746428e-01
4.298007657515739988e-01
3.292037572022833980e-01
5.988655235572738766e-02
-1.520275862805512967e-01
-2.378462302487891478e-01
-2.972907666593687104e-01
-1.562688567660078798e-01
-5.281710071715785444e-03
7.121209289410307397e-02
1.446998136350771853e-02
-8.564482797289431348e-02
-1.637688434160850803e-01
-3.668225047659224303e-01
-3.119022572049534037e-01
-3.122306653067545290e-01
-2.218583626586638491e-01
-7.327251998483448603e-02
1.156235481958914346e-01
1.876425104262897381e-01
2.821946739147847619e-02
-1.045819605162682242e-01
-2.022726908638468324e-01
-2.809451211371998269e-01
-2.699367747654418670e-01
-1.035912627425013416e-01
5.977067502549835570e-02
2.657021792414039907e-01
4.185521207687419865e-01
4.962419967212590155e-01
3.896054830803078461e-01
1.870697987365633197e-01
1.548177201535775316e-01
1.920626698777680996e-01
3.034490860642825583e-01
3.494862949692150722e-01
3.621820715876262753e-01
3.452129846689486192e-01
6.979166110419882108e-02
-2.716188650429600671e-01
-3.943941004020997121e-01
-4.277755824571334298e-01
-4.110094143655849686e-01
-2.468093684418504186e-01
-8.995471706173537724e-03
1.559751584635840904e-01
7.145666348048508587e-02
3.936585196537564085e-02
-2.663750153524112596e-01
-3.108062285399990632e-01
-2.289912264307112089e-01
-1.075732777264547524e-01
-1.114137835283312145e-01
-2.620710002296186905e-02
8.195437530371074697e-02
2.196462804444990480e-01
2.338692882355140057e-01
1.959701922922885697e-01
1.666871365483507672e-01
-1.093501524561188154e-01
-3.379946813907415692e-01
-3.846152819236705045e-01
-1.143350136436211556e-01
1.114125820352758478e-01
2.301807045555276654e-01
2.563799281240154437e-01
3.756187689235156446e-01
1.990513544831711001e-01
1.402382694228027360e-01
9.784959442934419716e-02
1.179381578174478196e-01
1.529954556862661297e-01
1.727987312233335293e-01
8.469458046532490902e-02
-8.512458147991905366e-02
-2.709113191325754344e-01
-2.421409004255955788e-01
-1.694412256297158637e-01
-8.649775454297874144e-02
-1.124434630767834203e-01
-1.498235140200889493e-01
-1.863862826872860479e-01
-1.517499078855324146e-01
-2.187678555217950904e-01
-2.478052726855239085e-01
-2.856349490299946448e-01
-2.696550913935717442e-01
-1.787875066082117992e-01
-1.912630094998050978e-01
-1.433180966214015473e-01
-1.798661803734774300e-01
-8.554670604003909717e-02
-2.852237714066012744e-02
4.624066172897520893e-02
3.927654098159312490e-02
1.013838530013296407e-01
1.457371026395467561e-01
1.890162174862629330e-01
2.265655454511472933e-01
2.035569534408091241e-01
2.153462702985576849e-01
2.029121521677604567e-01
1.160510127251464518e-01
4.801793695632439185e-02
5.110270362637303956e-03
-1.647313728526648979e-02
1.138298525634521847e-03
-4.809536650878157987e-02
-7.446466809421840860e-02
-6.819527733129703007e-02
-2.836471455194989125e-02
5.877450378336813303e-02
1.528486065350542211e-01
1.644336695733898679e-01
1.402289244768165355e-01
7.007387847298242323e-02
-9.437220652864626580e-02
-2.724772650814078490e-01
-3.000849055092461581e-01
-2.672160604911703596e-01
-2.048025012415428114e-01
-1.214481195298691141e-01
-4.294590077269353628e-02
4.351727747013622166e-02
1.395227135587156220e-01
1.211393358146389959e-01
1.113565123593585754e-01
9.699439837237740225e-02
-5.800848521095548077e-02
-2.990249216359529283e-02
1.551207634019875596e-02
2.592581714877688001e-02
1.066877773446469474e-02
-1.561593873987408496e-02
1.008146122915409559e-01
1.940464684114125982e-01
2.540517015811648571e-01
3.008151462884544602e-01
3.144133776906769540e-01
3.788000555356790255e-01
3.205610171573208267e-01
1.740015592709874270e-01
-6.259164722027906434e-03
-1.139889836436745463e-01
-1.597051269043665012e-01
-1.882232320697186378e-01
-7.711235829056907465e-02
2.510319490353345607e-03
-3.662991877906945914e-02
6.433140916445503205e-03
1.756302498571558207e-02
1.997241905941783691e-02
6.210090405677454878e-02
1.619746137867323077e-01
1.297485675532795424e-01
-2.319509043237730217e-02
-7.742287749576808042e-02
-1.747211201119257540e-01
-2.275307448722946602e-01
-2.241518794021370720e-01
-1.091904873789829589e-01
2.557778466040466422e-02
1.285361275611827114e-01
1.648395072276482298e-01
1.684092765943813186e-01
1.223540452936182181e-02
-2.493351738426951847e-01
-3.293612862917652540e-01
-2.633966475673770735e-01
-1.357433504034346594e-01
-4.911423261973545812e-02
-8.711118349735938460e-02
-1.064127689341955590e-01
-1.105164017151980954e-01
-1.969313867365846682e-01
-2.330429280118760937e-01
-1.254237265508605370e-01
-9.445430855409656101e-02
-1.233879968173783870e-01
-6.994945719213743751e-02
2.012020270522836118e-03
6.449000624776389523e-02
6.101648982468881738e-02
4.559999893200617632e-02
-1.492307774461063691e-02
7.198959240015592731e-02
2.438777253867472905e-01
5.698734961311923142e-01
6.757116843864642286e-01
2.477291781253504466e-01
4.241457384376318140e-02
7.883503233351310535e-03
-2.579885938259277034e-01
-4.540001708790123436e-01
-2.819436953654407829e-01
-1.037421168705644943e-02
1.936820155179503067e-01
3.476386656485125348e-01
5.415916846000630169e-01
4.361713489296032420e-01
3.680106478984551677e-01
-1.813320019010290218e-01
-3.614211259858918224e-01
-4.415033081108791224e-01
-3.188856018412213889e-01
-7.282102559447206636e-02
3.694818093951417193e-02
1.736998510148611563e-01
1.674307272503965105e-01
1.411714290291402052e-01
1.441965215441054771e-01
3.194356186621240962e-02
1.145650328141103458e-01
1.086403370588518158e-01
8.417112999086866221e-02
9.948923195223931260e-02
4.162879738555111571e-03
-1.345512022940507368e-01
-1.793909231204643684e-01
-9.146672932230452691e-02
1.737692706136158630e-02
-3.285856557749096407e-02
-1.915940875861737724e-01
-2.295439132361815071e-01
-1.822237767465704206e-01
-5.324616723715336342e-02
1.493148819599822708e-01
2.000112139351834795e-01
2.216247390090085312e-01
2.624407930922159626e-01
1.544759621289388818e-01
-5.732817314315923757e-02
-2.406243491912616606e-01
-2.365245878878819985e-01
-1.657152621657846936e-01
2.627825511168545292e-02
1.393945542994761422e-01
1.133969145658338118e-01
1.972117351161710164e-01
2.067142101918651165e-01
1.589788911020094397e-01
-1.434369109346547884e-02
-1.329145017541798479e-01
-1.164049191795671484e-01
-6.532157294130840064e-02
-2.675671634617952238e-02
-1.084705260403594912e-01
-2.200988428286884402e-01
-2.665952890792291363e-01
-2.961893980252794378e-01
-3.393109837825137309e-01
-3.710010306140431036e-01
-4.223835486230889669e-01
-3.729674742479988647e-01
-2.740031612617279122e-01
-1.974239988892864117e-01
-1.386456236282954391e-01
-9.620114595737637442e-02
-8.319324814302574145e-02
-1.233006883220214983e-01
-2.146480693341592805e-01
-2.388541494230163320e-01
-1.578935423753250744e-01
-7.038640016660703547e-02
1.486300309184213075e-01
2.416482882728938075e-01
3.024411668900554018e-01
3.315653585522275737e-01
3.138099611784244125e-01
2.787584037764261891e-01
2.566202267350894961e-01
2.485408534338671704e-01
2.477812428244164644e-01
2.380277891993784478e-01
9.132989261322069230e-02
-1.091009093967437033e-01
-1.995987013195063831e-01
-1.342828688450180830e-01
1.905421136665830240e-02
1.130320611746864073e-01
1.773550598877538520e-01
2.123598925598209897e-01
1.224187924193798210e-01
5.063024985715582765e-02
-1.302698820400818025e-01
-2.532693961028905094e-01
-2.282142609215718765e-01
-4.615789220738304027e-02
1.099207281581912471e-01
2.057423358092990429e-01
2.596613391574597030e-01
2.658156535855222824e-01
2.284492195635109135e-01
1.533745934948496092e-01
7.985857091746009773e-02
4.444656559885083735e-02
2.183606828752529538e-02
2.080718973444333278e-02
7.795981139229015040e-03
-2.200654680215948476e-03
7.388621593767189227e-04
-1.580150266731458406e-02
-3.425897248313904825e-02
-1.140960500248308640e-01
-1.649943663325625920e-01
-2.109074209551068946e-01
-1.396375228951176606e-01
-6.104852963949868733e-02
1.539673300688322068e-02
8.175679644571655358e-02
1.360303737444397698e-01
1.416760561123956708e-01
4.098306161790384733e-02
-9.520417371987589805e-02
-2.132409874670924688e-01
-2.625823022742928559e-01
-2.997311325540538141e-01
-2.669330421270165177e-01
-1.001318972376339794e-01
6.923737230798805709e-02
1.480773441129510370e-01
2.039427662108112826e-01
2.361561300175684941e-01
2.012113719982698556e-01
1.323336466115225818e-01
8.026547656554544607e-02
9.020569561107937007e-02
8.791177836992103423e-02
7.429432307881260467e-02
3.915225319997650555e-02
4.304068522483940618e-02
4.400321466141925847e-02
4.823180272018027723e-03
-6.232852024115301259e-02
-1.382317760203345958e-01
-1.634604601985400474e-01
-1.508167482791949454e-01
-1.008215542514164231e-01
-3.458337560808898842e-02
1.420057992064805916e-02
-1.098694644544954448e-02
-3.216997655753549984e-02
-5.757821719790460341e-02
-8.516116026849365750e-02
-6.308946584288743775e-02
-6.551301083479738052e-02
-6.229180795335003545e-02
-9.879516946392050136e-02
-9.762478172876161431e-02
-7.285466740002242980e-02
-4.769940779742293246e-02
-5.101446063641752043e-02
-8.643888138326560888e-02
-1.460695157181991499e-01
-1.658821362012527778e-01
-1.905127438363406200e-01
-2.017520438731864318e-01
-1.898839624706969154e-01
-1.179039820149839490e-01
-2.328853989223942517e-02
5.593978116806485462e-02
1.232252612579899376e-01
1.677244255528202999e-01
1.669367801054109923e-01
1.349503649868903643e-01
8.670814932689689669e-02
7.237660666321349412e-02
5.946576278789108411e-02
6.645871936860205109e-02
7.950733444760689494e-02
8.251840954359283831e-02
1.133628722625983354e-01
1.448573427245590517e-01
1.614339419118157593e-01
1.388445374785733655e-01
7.071293927921097622e-02
3.793073526035019294e-02
2.072215072596880411e-02
3.868353740915377818e-04
-3.197947315864514001e-02
-4.700267532453662744e-02
-2.233802538621326716e-02
2.052377087260435704e-02
7.516380355321546081e-02
1.223544457913033345e-01
1.473430983568914943e-01
1.366471401795297802e-01
8.907228716218019982e-02
1.206647460577678008e-02
-7.543987995749384945e-02
-1.459587113586483520e-01
-1.478357105095932655e-01
-8.590782145279200754e-02
-2.321458131971997421e-02
1.672117885158623876e-02
5.221515269641741758e-02
8.681775219339232796e-02
1.149752759429050614e-01
8.890568012516887608e-02
4.424418076863515718e-04
-1.010330170291615787e-01
-1.413836928022556005e-01
-1.423488922234029674e-01
-1.075551218313958168e-01
-5.711657686618571567e-02
-1.761655817629374093e-02
1.640478568033876955e-02
4.221058702280700708e-02
7.300111605354921152e-02
1.032050494748140423e-01
1.101508808279088175e-01
5.113087196356005254e-02
-2.829796493776266103e-02
-8.027148403082230710e-02
-1.108485477953937426e-01
-8.832122050334549612e-02
-6.193589901050371854e-02
-5.100164471049357245e-02
-4.119692738175973618e-02
-9.057935995129948528e-03
1.519354718129729311e-02
3.043608857940801465e-02
5.403835165832741178e-02
8.578259917657675426e-02
1.111226217112465109e-01
1.334838759631969407e-01
1.383906401021002264e-01
9.557663656704064314e-02
4.907204686356913398e-02
6.933776372772565422e-03
5.601053575910331511e-04
1.302543961295903746e-02
2.432462740365360504e-02
1.418456001324312245e-02
-1.269342703199175491e-02
-2.701343536234360534e-02
1.297780708827503057e-02
7.040455606166597102e-02
9.297220012068330153e-02
4.923131144301986367e-02
-4.233353981213988128e-03
-5.427197530798272274e-02
-1.083513112294210989e-01
-1.277548900767353501e-01
-1.110689550214399857e-01
-5.263607576348208750e-02
2.920188821308612737e-02
8.120464363715977629e-02
9.545742175610225089e-02
7.600071021589495379e-02
4.703965461079635119e-02
7.651454874590824483e-03
-3.812110516001217253e-02
-5.905178168070188138e-02
-5.666147799665718215e-02
-2.934339739516305529e-02
-1.030170825612627961e-02
-1.561687323447270501e-02
9.695154512006920466e-03
2.644245916258604334e-02
1.453819946920706895e-02
-1.400647204259159589e-02
-4.285191731591792008e-02
-3.984404620141295678e-02
-3.991173031019880357e-02
-4.545822275147249486e-02
-6.390955160279174208e-02
-6.192508557300539090e-02
-4.350432804498390038e-02
-1.947419993912435227e-02
1.863662578030298930e-02
1.480893590435047175e-02
-5.129427501909039275e-03
9.278957317626703588e-03
4.100468849290051648e-02
6.031121340118654472e-02
7.367235017381600082e-02
8.264042783832710459e-02
7.759602599496975839e-02
6.152325289559826271e-02
4.313827316078113622e-02
3.455013430022374488e-02
3.002410996064442533e-02
2.377394308660895836e-02
1.615327313408128698e-02
1.421967031030560609e-02
-9.057735746287386841e-03
-4.299703097716095490e-02
-7.336570244623986936e-02
-8.667610951208702674e-02
-8.697674977438631105e-02
-4.802514591465661953e-02
-5.646550112940347359e-03
2.827353457897013519e-02
3.827583076569817527e-02
2.317853652805887052e-02
1.112754783277352701e-02
-1.692076019800605640e-03
-2.383068025866810422e-02
-4.528454025535732369e-02
-6.120098575830232313e-02
-5.703006936619905987e-02
-3.790750639461303723e-02
-2.226606930211943655e-02
-1.372131769078374641e-02
-1.797687259367640933e-03
2.790814719090923754e-02
4.849092472245510738e-02
4.010930916819301084e-02
2.682666994184773786e-03
-3.750287023341005582e-02
-6.739962193018524117e-02
-6.594634933010087852e-02
-5.851765126797568023e-02
-6.652373349282041104e-02
-8.541787928465773005e-02
-9.117997297975617699e-02
-5.941930505641677962e-02
2.534175802463861909e-03
4.616029519349378746e-02
6.360610785669659761e-02
6.283968878659881852e-02
4.761837376579963060e-02
3.941631467370118602e-02
3.071616996053763010e-02
3.334770675025498787e-02
4.240255891320948711e-02
4.435511862741433470e-02
3.145669018033075970e-02
1.201804108572252471e-02
2.605571189798522921e-03
-2.015571349997597253e-02
-3.686461042255175652e-02
-3.750033374807093534e-02
-3.092095777686405117e-02
-3.883065355882243247e-02
-2.671666657766718148e-02
-1.228550678977075560e-02
-1.635312147895785079e-02
-2.697765756913925173e-02
-4.056614352769041115e-02
-4.968961429402938418e-02
-6.233773168791084673e-02
-8.810161427266950673e-02
-9.894936107269300396e-02
-7.647396498048240898e-02
-3.901835347391692521e-02
-1.106122541611709656e-02
-1.996734608873960981e-02
-5.116918624210352318e-02
-6.303753464304977239e-02
-4.002200067283611523e-02
-1.923950829564205316e-03
1.889107530958471226e-02
2.349573069467658648e-02
2.618574014642195691e-02
5.367710274634612810e-02
9.254113111226217048e-02
1.042113666583007192e-01
8.879794624787068491e-02
4.372206528646264273e-02
9.470582110035404358e-03
-1.741764432601579718e-02
-3.412800974010370136e-02
-3.899338911821089576e-02
-3.166307998739767426e-02
-1.799235850416784632e-02
-3.418447991370609541e-03
2.083028510095211866e-02
5.470958577859420108e-02
8.076115920049982411e-02
9.653155654760316173e-02
9.709986276279324036e-02
6.866586211131699147e-02
2.284692444477671308e-02
-2.684629432841878494e-02
-6.542410034869998448e-02
-8.101307224444243005e-02
-6.315100898716806410e-02
-1.368607389449289120e-02
3.226249152279899585e-02
5.210862031217460000e-02
6.614806666417467895e-02
7.114187229997810669e-02
5.215748102975965167e-02
2.008322341896863830e-02
-1.804962967314048886e-02
-3.401960836666363674e-02
-4.032090544516652580e-02
-4.108612302220893131e-02
-3.447297174622331040e-02
-1.934216920226201203e-02
1.887545589986490066e-02
5.840350942771550813e-02
9.181315981993623532e-02
1.101297879498256554e-01
1.066399846208888891e-01
8.401813987515152626e-02
7.285052892394282276e-02
6.651265305686533680e-02
6.100888036867146980e-02
5.156274196735143034e-02
2.720447275814745838e-02
1.978578713815033925e-03
-2.450872283958198741e-02
-4.635627206074748735e-02
-5.629101763791805740e-02
-4.028646264424591561e-02
-7.206101448733626125e-03
1.455061489744589355e-02
1.937981598466360922e-02
-1.594955331158185840e-03
-1.522478600073691631e-02
-8.403642926943882124e-03
-9.157873517491069495e-03
-1.962705655561310797e-02
-4.237412357756572406e-02
-5.816855078577645721e-02
-6.599801353148179728e-02
-5.704942675431336208e-02
-4.011691862421035149e-02
-2.425934628097849849e-02
-1.670702793337854736e-02
-1.074559319047135864e-02
-4.192182819183305417e-03
7.308068159366039492e-03
1.191303059268317491e-02
1.028272466585143305e-02
8.883772901792628268e-03
2.718418087543453959e-02
4.395622293303145384e-02
5.511075095985944888e-02
5.124554780073371785e-02
4.584804049832592182e-02
2.990529564739115992e-02
1.974066439895977298e-02
2.909348683964606622e-02
3.268434908446229276e-02
2.368463210282644588e-02
7.280540618475225302e-03
-4.872334687905504128e-03
-1.109530776912109537e-02
-2.086272541344710851e-02
-1.192503217331403881e-02
1.410632946541569115e-02
3.554884202769308110e-02
5.673423507612126299e-02
7.061455034789898555e-02
7.669997917412037236e-02
5.831179545782225887e-02
3.034063663112027132e-02
7.744290238002424220e-03
-1.279991936646606050e-02
-3.684939151051706829e-02
-5.905058018764651473e-02
-5.594672312794032182e-02
-5.011854731479652159e-02
-5.830151601723741750e-02
-6.625593404070125036e-02
-5.906820208579194320e-02
-3.726497460844676451e-02
-5.521755034255901654e-03
4.296659315309157672e-03
-2.038025920210181224e-02
-5.065935268894146415e-02
-5.838241654963233912e-02
-4.173119129371432451e-02
-2.611979152760496997e-02
-2.747667768480298311e-02
-3.467722556563623132e-02
-1.892004464214196852e-02
1.584942889030101568e-02
3.841346847015224275e-02
3.932913967757266371e-02
2.572863878846780653e-02
4.352088194930233030e-03
1.085121777996123126e-03
1.092334741305195193e-02
1.825308249718316650e-02
9.020649660644962722e-03
-1.394866687670545322e-03
-1.313715176726278425e-02
-2.305598423641111450e-02
-3.045090699375757951e-02
-4.452212616211078527e-02
-4.299943396327169515e-02
-3.528611554625214058e-02
-3.097916344043531722e-02
-2.415454938670454424e-02
-1.655830979296939870e-02
-1.879962833814820614e-02
-2.341830114221939846e-02
-2.315437316772309129e-02
-1.666043670267585916e-02
-2.764769019635066397e-03
1.652253199976504161e-02
3.430342772618773933e-02
4.640953825286889961e-02
3.860650835438171613e-02
1.240055642478386441e-02
-7.554053837568819665e-03
-2.299350659753186810e-02
-2.807074925106933100e-02
-1.692116069569117934e-02
-2.033713895133685851e-03
8.699944464320995968e-03
1.075370994355652650e-02
3.409476843223846042e-03
-1.329289196708442929e-03
-1.298153171674667691e-02
-1.917943364287354527e-02
-1.890162174862629330e-02
-1.069510378230013881e-02
-6.572273812257365538e-04
1.653401293340524617e-02
3.481726625620103904e-02
3.609805785322561106e-02
1.307296533826034571e-02
-5.176873127673322673e-03
-9.313079720399216124e-03
-5.538389038111360754e-03
3.936371597772165241e-03
1.288774850881362066e-02
2.986030640742896522e-02
4.773798907442314970e-02
5.868492580112887047e-02
5.857906091302792634e-02
3.066023378384873099e-02
-5.633774236784911370e-03
-3.055690538108689694e-02
-4.163240186471722781e-02
-4.289089909060326417e-02
-4.243740221181521027e-02
-3.643420891027249892e-02
-2.960652437428911918e-02
-3.197132970571429922e-02
-4.328765879733215138e-02
-5.733671709377519826e-02
-6.944095863125911150e-02
-7.331617423251293730e-02
-6.397082774861562182e-02
-3.748418034143762706e-02
-2.030162815658925410e-02
-2.379316697549488380e-02
-3.938387436120619617e-02
-4.473145295220193329e-02
-4.122816620119935938e-02
-3.531615287263639713e-02
-3.142491736397763635e-02
-2.889323799708437557e-02
-1.727920562619147948e-02
1.936286158266005289e-03
1.521757704240469383e-02
1.730163349655839192e-02
1.331350424794544574e-02
1.042950706744914975e-02
1.431912723544457797e-02
1.743753571104358913e-02
1.494911009414365624e-02
1.335913428420383922e-02
1.308472662028013593e-02
1.337128271398591375e-02
1.274232779934532031e-02
6.921574543299139834e-03
2.478293025466312988e-03
2.054286126226190744e-03
1.053323596789610718e-02
2.119754147821025642e-02
3.225795254903426890e-02
4.829494785520139361e-02
6.204977385230713710e-02
6.112382320430187477e-02
4.272055407519743941e-02
1.414491074241591012e-02
-7.100570308703616114e-03
-1.055452909482183094e-02
8.254177190855836038e-03
2.762739831363774864e-02
4.128837435319623883e-02
4.017886226617610468e-02
2.978968531561887803e-02
2.239302706830354622e-02
1.507526686495752090e-02
9.374863163290916152e-03
7.228369120026486259e-03
2.940867851783816878e-03
2.111009948362498403e-03
3.510509059257637624e-03
8.253763343247875334e-03
1.179648576631227123e-02
1.485285715048567136e-02
1.587853172208664523e-02
1.313162489920808272e-02
5.855102607506928493e-03
-2.892487731420912127e-03
-7.379650445620423993e-03
-6.650264061473724897e-03
7.669103472581929350e-03
2.309563350723833203e-02
3.569141920359700237e-02
3.582037945820672892e-02
3.131985347124693897e-02
1.804455670246226176e-02
-6.367259047242707255e-03
-2.041069702617118869e-02
-1.549966091195992962e-02
-1.432660319223354824e-04
1.677391104679414741e-02
2.688340711390688198e-02
3.603090774135325747e-02
4.549133056010935816e-02
5.157969636935499230e-02
4.199511926821062474e-02
1.695947497423464997e-02
-1.817912392466371554e-02
-4.241323885147943451e-02
-3.837568818852227226e-02
-1.776300682982052265e-02
8.422439618299006059e-03
2.052844334559746423e-02
1.802453181820609304e-02
9.829307886600415281e-03
1.455034789898914521e-03
-8.014025428933022055e-03
-1.581979206160188597e-02
-1.845039435672062023e-02
-1.689486134770141340e-02
-9.963754959496334829e-03
-3.134281533852734634e-03
1.071095014070818637e-04
3.533724575071956440e-03
1.106378860130188477e-02
1.225721830327820838e-02
7.583076569817426109e-03
-7.162006653601542955e-03
-2.032352203004266639e-02
-3.494836249846475923e-02
-4.139730972354979666e-02
-3.824272295706130503e-02
-2.461218474157219477e-02
-4.757431902043605942e-03
8.789322197717696836e-03
1.718135069179300284e-02
1.270939353970534057e-02
-6.522038052620056717e-03
-2.580860482626410463e-02
-3.513285843207826498e-02
-3.336893312756652324e-02
-2.757693560531220001e-02
-2.094656292886627053e-02
-1.620920931077018262e-02
-1.521957953083031070e-02
-2.249435298263976341e-02
-2.858245179342863707e-02
-3.080988641885649970e-02
-3.394217881420645566e-02
-3.636145183080841808e-02
-4.358576257429232215e-02
-3.942806260579814065e-02
-2.085618395125676122e-02
7.880699749555448649e-03
3.732224577741941052e-02
5.581522638799147479e-02
5.285715048567019708e-02
3.528224406862928014e-02
1.505230499767711526e-02
3.897082774861561263e-04
-7.231586451430311235e-04
4.265447195715209132e-04
9.702844067561289644e-05
1.175973342874078167e-03
1.059424511526323338e-02
2.022686858869955639e-02
2.923886749934585111e-02
2.910056229874991365e-02
1.980113954941340598e-02
2.002208077237313533e-02
2.113039136633790629e-02
2.342938157817447617e-02
2.529850427464529206e-02
3.130984102911885114e-02
3.580676253691254113e-02
3.249371218634356656e-02
2.058144253926212294e-02
-4.326122595011401215e-03
-1.776193883599352930e-02
-1.468037614742586858e-02
-8.017830156941692377e-03
-8.242522708218747926e-03
-1.072907933592143898e-02
-4.384274858891316212e-03
4.518321434102111085e-04
5.575929021130257568e-03
8.466254065051503561e-03
5.820659806586317431e-03
1.749440638233111002e-03
9.519255928700733407e-03
1.971583354248212724e-02
2.098220722284225431e-02
1.892805459584443600e-02
1.007502656634644625e-02
4.278583519787255637e-03
1.422394228561358860e-03
3.183582798891422538e-03
2.084950898983803976e-03
-1.768170579974047852e-03
8.429101229794892141e-04
7.873570890760251892e-03
2.065673610406532079e-02
3.266018572412651699e-02
4.279664863537088748e-02
3.243470552740205376e-02
1.595155580000747614e-02
3.783741929971644585e-03
7.423424842604409938e-04
-4.721293660922640072e-03
-2.084230003150581989e-02
-4.170862992411903530e-02
-5.094517453689117320e-02
-5.141228833697341488e-02
-4.359604201487715658e-02
-3.384058590141349188e-02
-2.376660062904836432e-02
-2.134612611939102830e-02
-1.961824560654039720e-02
-1.979005911345832480e-02
-1.859297153262454150e-02
-1.891991114291359521e-02
-1.420365040290067112e-02
-5.592269326683291936e-03
-9.893587765062718600e-03
-2.343939402030256053e-02
-4.016190786417254271e-02
-5.153897910470077448e-02
-5.991658968211163727e-02
-6.247536939236491421e-02
-5.834009729423764168e-02
-5.280989175882563891e-02
-4.532285453390079433e-02
-3.916119764827759309e-02
-3.185785536159601444e-02
-2.858939375330410773e-02
-2.296934323719609233e-02
-2.528849183251720770e-02
-3.070909450143378613e-02
-3.428153385273433051e-02
-2.747747868017322986e-02
-1.582486503228011307e-02
-5.386173217918800368e-03
4.124965957696765176e-03
7.748936011149855883e-03
4.829147687526366348e-03
6.931573635504386863e-03
9.032237393667864184e-03
5.069085850683783048e-03
-2.430887449470542448e-03
-2.628546407001767626e-03
-2.426735623468096337e-04
3.680907474354798686e-03
6.207820918795089668e-03
8.097862944352182332e-03
1.304599849412870285e-02
1.641733460780596746e-02
1.953347359652261167e-02
1.649596565331852560e-02
1.374281106655203533e-02
1.177784927403119526e-02
1.185935055295380368e-02
1.366618250946509579e-02
2.125281015875728555e-02
2.397979889676237625e-02
2.201589174814569741e-02
2.221854357681812830e-02
2.448562747307320847e-02
2.928519173159179270e-02
3.094939311250781075e-02
3.338802351722407191e-02
3.372537606732633336e-02
3.201605194721974385e-02
2.667047584464961665e-02
1.972744797535070510e-02
1.540794694206667689e-02
8.313117100183162189e-03
9.988105218751834949e-03
9.632036076831475280e-03
7.576548457549915280e-03
1.034077013034864594e-02
1.106971596704170967e-02
3.175786443954354069e-03
-3.623476106308106022e-03
-4.431867333806811110e-03
-1.716760027127043351e-03
7.516553904318433108e-03
1.608225154458607295e-02
1.930599091137253503e-02
1.566573395205776015e-02
8.218612996416881436e-03
6.789543806436799597e-03
8.280463188922768114e-03
9.002787463888458838e-03
5.376374374556115894e-03
-6.867467306038971438e-03
-1.524881586184431877e-02
-6.217019015630089948e-03
4.605389630847934318e-03
4.375263660976039422e-03
-4.981123209107851321e-03
-1.524748086956057361e-02
-1.636340091954268522e-02
-1.483109677626063237e-02
-1.185953745187352804e-02
-1.045826280124100872e-02
-8.340377642617226306e-03
6.920346350398095918e-04
1.178563227904542640e-02
1.470894498229800319e-02
1.040739959523034018e-02
3.225274607912766330e-04
-6.703209855447036028e-03
-9.500552686805470784e-03
-1.099201941612777504e-02
-7.310698094165015868e-04
3.645703727832453299e-03
-1.542369985101486093e-03
-5.978309045373718031e-03
-4.992350494214143133e-03
1.135007769655091555e-03
9.600490209166590017e-03
1.599654503996967084e-02
2.117044113485024026e-02
2.488425616899934273e-02
2.599203276605061008e-02
2.009003187961573567e-02
1.072498090961034219e-02
7.073723613877511834e-03
1.310094677652763086e-02
1.595182279846422621e-02
1.010985651502934422e-02
-6.397817020617620979e-04
-5.842219931968793863e-03
6.572287162180202869e-03
1.738079853898444674e-02
2.343805902801882057e-02
2.448042100316660113e-02
2.660612921657313015e-02
2.983948052780255322e-02
2.600338020046244134e-02
2.064165069125900587e-02
1.525268733946717747e-02
1.080367870473708698e-02
4.590731415572418167e-06
-6.360250337753048204e-03
-1.037228929816785654e-02
-6.636874088867767384e-03
-1.812772672173954989e-03
-2.495260777392706644e-04
1.097853599406195448e-03
4.607886066418536201e-04
3.549303935023256050e-03
1.352961279883802513e-03
-1.007916504242605503e-02
-2.025984289810804986e-02
-2.107632417884624382e-02
-2.068850892041844067e-02
-2.633045330997986835e-02
-3.936198048775278041e-02
-4.871106495004458303e-02
-4.849185921705372743e-02
-4.228921806831956176e-02
-2.400342826018465534e-02
-4.801499997330015319e-03
5.506789770755126170e-03
2.770002189387345574e-05
-1.068352939920007294e-02
-1.553089973139955282e-02
-1.918477361200852244e-02
-1.808113549103686213e-02
-2.315303817543934439e-02
-2.688727859152974242e-02
-2.750511302044673922e-02
-3.352686271473351298e-02
-4.116942654071459318e-02
-4.364490273246220825e-02
-4.061433674913358938e-02
-3.183422599817373189e-02
-2.206608745801449251e-02
-1.540874793743692364e-02
-9.384261508968478119e-03
-5.907754703177815758e-03
-2.165210635082529412e-03
3.715764122883369585e-03
8.412253627174034673e-03
6.033964873683029737e-03
-3.081576038490497398e-04
-5.718345997960132612e-03
-1.872393427565988665e-03
1.726412021338516760e-03
-2.428617962588176370e-03
-8.800749731666552070e-03
-1.129188538290248726e-02
-3.541547629854699571e-03
8.252001153433333874e-03
1.648274922970945425e-02
2.201041827978234347e-02
2.203751862314235963e-02
2.084790699909754713e-02
2.291500905124768325e-02
1.903498747777238043e-02
1.749026790625150124e-02
1.673359427982506337e-02
1.561340225453496794e-02
1.722313595027420707e-02
2.723744706755594838e-02
3.774984380590280103e-02
4.140358418728339734e-02
4.027658370134620802e-02
3.433092856723288233e-02
2.976231797380211527e-02
2.687312767332204755e-02
2.357823321781200160e-02
2.321738480351583783e-02
2.630495495736034917e-02
3.063767241425344526e-02
3.446562928866270942e-02
3.228665488313477161e-02
2.634086624979307956e-02
2.616785124981977836e-02
2.801561406975067864e-02
2.570874740344000764e-02
1.535641623991413317e-02
9.208576524427688342e-03
7.701583834845434663e-03
4.641167424052289672e-03
5.210274634612611575e-03
4.602372548286670813e-03
-8.556139095516028395e-04
-3.806890696171776316e-03
-5.646790411551421904e-03
-3.318016521864503455e-03
1.086929357548313373e-03
1.145463429221379136e-03
-7.007467946835268038e-04
1.225412112117992079e-04
4.068522483940043184e-03
2.082427763567526891e-03
-8.074754227920562591e-03
-1.607490908702547891e-02
-1.797767358904665477e-02
-1.579803168737684699e-02
-8.604946413409730530e-03
-5.279013387302621332e-03
-4.367240357350734604e-03
-5.959832752166692622e-03
-2.051215643973577918e-03
7.153823150902188441e-03
7.443129328712480564e-03
6.944496360811034568e-05
-9.555300720361837100e-03
-1.670302295652731361e-02
-2.032605851538178340e-02
-2.288897670171466739e-02
-2.126602658236635690e-02
-1.924431426786353191e-02
-2.361988497706483600e-02
-2.905557305878771895e-02
-2.961680381487395014e-02
-2.565321172443623537e-02
-1.320926805043066803e-02
3.961149054558464589e-04
5.410697026171189250e-03
6.297519050339889495e-04
1.552822974683206467e-03
8.988476346606717737e-03
1.284768539037844416e-02
1.120509753453625100e-02
2.627625262325983604e-03
-8.923168524085931322e-03
-1.501065323842428259e-02
-1.318546513801150191e-02
-4.014789044519323502e-03
4.038538557247138778e-04
2.428925010813437566e-03
5.407039147313728693e-03
1.045444472330950107e-02
1.371464272936502408e-02
1.283595080820432860e-02
9.702590419027377552e-03
1.363948266379020431e-03
-4.067854987798170605e-03
-7.518049095676227096e-03
-8.485785002162687593e-03
-1.053227477345180900e-02
-7.210907420955107484e-03
-3.284521565465351942e-03
-4.834594456044043892e-03
-1.668193007844414807e-02
-2.961079634959709952e-02
-3.522777638345250817e-02
-3.374112897627451479e-02
-2.584772010017782201e-02
-2.440325844916616319e-02
-1.588787666807285962e-02
-9.225490876662733111e-03
-5.947911271072853570e-03
-4.259813528277806363e-03
-6.314740450800194159e-03
-5.877957675404636359e-03
-5.592376126065990577e-03
2.306319319474333523e-03
1.080459984941287144e-02
1.906582579952688025e-02
1.962144958802138073e-02
1.975254583028510091e-02
2.383415123860583781e-02
2.579966037796301709e-02
2.104802234243086101e-02
9.620501743499923139e-03
-2.132489974207949120e-03
-8.929963634810191356e-03
-7.155051343803233224e-03
-2.745411631520770258e-03
5.198793700972408321e-04
1.193764785039542423e-03
-5.327593756508087986e-04
-1.145100311320200546e-03
-1.778129622410782457e-03
-1.570444872828634939e-03
-4.391617316451911120e-03
-7.193325572578190136e-03
-1.356872807275173905e-02
-1.723194689934692131e-02
-1.202726588240319965e-02
-9.969562175930623757e-03
-4.599569064490807192e-03
-1.007957889003401573e-03
-8.587858512177800035e-04
-1.303676034752519145e-03
-1.461763151008987254e-03
-2.754809977198331792e-03
-2.733970747649078561e-03
-2.174782529756978406e-03
-2.170150106532384507e-03
-4.281253504354745089e-03
-6.665482973508413123e-03
-7.046142673295349192e-03
-4.843378705271083468e-03
2.681812599123177283e-04
7.273638708368265759e-03
1.541342041043002910e-02
1.942400422925555370e-02
1.888640283659160507e-02
1.716773377049880464e-02
1.711740456140163624e-02
1.506258443826194796e-02
1.298696513534151713e-02
1.364575712752380370e-02
1.396161630185777623e-02
1.200095318449059464e-02
9.817426455275089087e-03
7.640694836783843563e-03
3.626800237094629856e-03
-4.165082475823290130e-03
-9.332583957664723762e-03
-1.123433386555025906e-02
-8.112254161170949149e-03
-3.957838273694777760e-03
-1.103200243502592583e-03
-3.234285805828042253e-04
-8.444346841675255027e-04
-2.656514495346217180e-03
-4.445938152477478533e-03
-4.463132853092108970e-03
-2.879578356037102403e-03
-2.677567323660869428e-03
-2.841624525410243584e-03
-3.534805918821789291e-03
-1.240792558219013441e-03
-2.057556857321364823e-03
-2.365366028184357015e-03
-4.192035970032093918e-03
-9.785813837996017173e-03
-1.083682656314246401e-02
-1.293407274105955532e-02
-7.677153476052908827e-03
4.252778118942472543e-04
1.023678758136777923e-02
1.440082876320974981e-02
9.968400732643765624e-03
4.241297185302268964e-03
4.305283365462147550e-03
9.051528032167974538e-03
1.642374257076794145e-02
2.273638708368265829e-02
2.236846321028264362e-02
2.057450057938665228e-02
2.247646408603758486e-02
2.365179129264633265e-02
2.406910988054489220e-02
2.278671629277982669e-02
2.102385898209508525e-02
1.795604671404999256e-02
1.836241836522184770e-02
1.694932903287818884e-02
1.546134663341645898e-02
1.662158842721889185e-02
1.980007155558640916e-02
2.207756839165469706e-02
1.525909530242915320e-02
1.020145033561706098e-02
7.206168198347813643e-03
5.882950546545841208e-03
8.671642627905610341e-04
-6.399832858966075615e-03
-1.584822739724564555e-02
-2.254828667090304564e-02
-2.578364047055808211e-02
-2.560061302845669309e-02
-2.565574820977534892e-02
-2.323554069857476298e-02
-2.084924199138129056e-02
-1.886998243150154672e-02
-1.500998574228241088e-02
-8.125630783854070199e-03
-1.524494438422146179e-03
2.861021963293052580e-03
7.527020243822991029e-03
7.551677551303753212e-03
4.246476955363198171e-03
3.594787122130434134e-03
5.674157753368185529e-03
5.289853524646627968e-03
2.423625091446971521e-03
-2.774848211377338707e-03
-2.461752471070717367e-03
-1.603512631696988851e-03
-1.809742239689854804e-03
-5.489675169677519714e-03
-1.110311747398100117e-02
-1.660930649820844054e-02
-2.001100033641805762e-02
-2.267097246177917150e-02
-1.898545926404545531e-02
-1.715198086155061974e-02
-1.677457854293602085e-02
-1.904820390138145178e-02
-2.462994013894600001e-02
-2.932457400396225669e-02
-2.898121398858314809e-02
-2.436627916290643944e-02
-2.230959005056951105e-02
-2.132543373899298961e-02
-1.982263292518169490e-02
-2.207730139319795046e-02
-2.362976391996454012e-02
-2.437242012741166683e-02
-2.333246113837461957e-02
-1.945777953403429392e-02
-1.987122664430999650e-02
-1.726225122418792446e-02
-1.079239801993944411e-02
-4.430465591908878432e-03
-1.324906417040909445e-03
1.245403621567067525e-03
7.414386944843458704e-04
1.139273070001655406e-03
4.134577902139725293e-03
1.091519061019827208e-02
1.854491181040973657e-02
2.838674192463167684e-02
3.606214656079288067e-02
3.653860530686132285e-02
3.243710851351279401e-02
2.453622368062712694e-02
1.460348059188218070e-02
8.546206752924967801e-03
5.794947855201396623e-03
1.139058136243972438e-02
1.824827652496168601e-02
2.169269011625113083e-02
2.186143314091644474e-02
1.927595358498827849e-02
1.416733861278281909e-02
4.031156049918031663e-03
-1.288634676691568755e-03
-4.692618026667805947e-03
-6.170200836239166271e-03
-3.730315538776185665e-03
2.026010989656479939e-04
-1.699178178750126761e-04
-3.532576481707935638e-03
-4.861868348400946206e-03
-7.632711582927050736e-03
-1.006158319404913855e-02
-1.225107733877298273e-02
-1.247076366898599263e-02
-1.120453683777707793e-02
-7.055233970747649096e-03
-1.778743718861305065e-03
2.405242247699808291e-03
5.775710616392637324e-03
5.760932251811584463e-03
8.419128837435318688e-03
1.549779192276268779e-02
2.219304522419860218e-02
2.592568364954850671e-02
2.614195239951513233e-02
2.433877832186129644e-02
1.841475006274463644e-02
1.194668574815637568e-02
4.695808658225955612e-03
9.436152659037631710e-04
-2.289204718396727935e-03
-3.877471738213353249e-03
-1.662452541024313050e-03
1.706547336156397305e-03
4.350499554112576862e-03
3.463851078940763644e-03
9.195987547191977144e-04
-4.099360805694543335e-04
-1.460174510191331087e-03
-3.467909455483347576e-03
-6.591284102377888490e-03
-1.236966470333801527e-02
-1.808620846171509269e-02
-2.226687029748968330e-02
-2.438456855719373789e-02
-1.746089807600912161e-02
-1.041099072447361322e-02
-4.224956879749234596e-03
2.357035676333790785e-04
2.881407295465832682e-03
3.595307769121094781e-03
-3.938093737818195578e-03
-8.043235060101353723e-03
-1.150021092878083032e-02
-1.378900179956959841e-02
-1.575170745513090886e-02
-1.288481152578938027e-02
-3.967343418755040103e-03
3.852600831967191615e-03
1.031903645596928508e-02
1.312723277459456293e-02
1.371157224711241213e-02
1.289116608906000494e-02
8.526315367897174119e-03
2.927184180875434631e-03
1.554291466195325362e-03
4.525370193360282560e-03
4.759901637768533707e-03
2.922137910042879594e-03
7.702197931295956838e-04
5.042038907015117949e-03
7.593823257701571433e-03
4.931368046692690722e-03
1.625366455381887848e-03
-5.839816945858052858e-05
2.740525559762264484e-03
2.478052726855238877e-03
1.452551704251149644e-03
3.725896714316991325e-04
1.397776970849108451e-03
5.617113533083778476e-03
6.741737732755904815e-03
4.949924439436740112e-03
3.936251448466628403e-03
3.017696657713318537e-03
2.866935979110040583e-03
1.818686687990943263e-04
-3.872919414525784199e-03
-6.930465591908878918e-03
-7.469749074850347628e-03
-5.940702312740632832e-03
-3.768643167242493631e-03
-5.782425627579872510e-03
-8.106473644582334881e-03
-9.513582211494817781e-03
-1.045433792392679896e-02
-7.123932673669146863e-03
-2.564146379233927901e-03
2.676619479139410746e-03
6.354723469698344944e-03
9.470248361964467634e-03
9.218215168716325722e-03
9.010824117436600986e-03
8.793220375186231938e-03
8.936651946151751014e-03
7.763327227968622700e-03
4.350179155964478336e-03
1.001427106751323105e-03
1.093227851143020431e-03
1.014093513539491729e-03
9.765882403199709766e-04
-8.188055023041967495e-04
4.073061457704774688e-04
1.445035697693667276e-03
-4.361032643231322519e-04
-2.369010557118979808e-03
-7.129112443730075202e-03
-8.961082304944276850e-03
-7.185716116560846023e-03
-8.340377642617226306e-03
-5.940648913049283511e-03
-5.148491191720912415e-03
-4.893854763519466834e-03
-3.773996486300309431e-03
2.251971783603090853e-04
3.120090565876529505e-03
-6.242690917246498982e-04
-1.214457165437583721e-03
-3.592731234013467724e-04
3.060322961333283680e-03
7.764809069403579359e-03
1.265600719827839407e-02
1.592392145973396331e-02
1.554117917198438552e-02
1.427120101245814808e-02
1.190227055487619139e-02
1.015132137536245080e-02
9.132642163328296911e-03
7.684068736082704833e-03
6.189785173041699624e-03
4.653315853834365072e-03
1.034091697949986004e-03
-6.444541750548682044e-04
1.140784281266854364e-03
1.047770028889233188e-03
3.269182504125126010e-03
3.036706947833841923e-03
5.864020355962342671e-04
-3.309819669242311611e-03
-7.630415396199009999e-03
-1.146857161165608374e-02
-1.760961621641827027e-02
-2.302461191774311453e-02
-2.527714439810537991e-02
-2.419286366524801488e-02
-2.298469564845915039e-02
-1.923310033268007743e-02
-1.640144819962940578e-02
-1.294361793588833139e-02
-1.137576294809015953e-02
-1.052220893163237532e-02
-1.064357308014759855e-02
-9.216533078438806509e-03
-5.098428981080489752e-03
1.006526777275227246e-03
5.217590392327531822e-03
5.629462211708417298e-03
3.898537916450842827e-03
1.749293789081899069e-03
3.118662124132922601e-03
6.293754372099729863e-03
6.815736355043867760e-03
5.278639589463172618e-03
7.621177249595497728e-03
1.138092936822825314e-02
1.537897760950941717e-02
1.428468443452396951e-02
9.369469794464587928e-03
2.498571558256393148e-03
-1.682063577672521064e-03
-4.600503559089428977e-03
-1.116383292304570611e-02
-1.387457480495762722e-02
-1.292941361798928893e-02
-1.100510234050847309e-02
-8.313664447019496195e-03
-6.291351385988988749e-03
-8.868433840452402336e-03
-1.234297820758596155e-02
-1.257720260376895063e-02
-1.369194786054136678e-02
-1.275941570057725211e-02
-1.053387676419230250e-02
-9.609848505075639993e-03
-9.075544543352539670e-03
-2.471444515050703200e-03
1.645858586937367458e-03
2.732822654285058193e-03
1.683692268258689655e-03
1.524147340428372126e-03
4.083995044508642418e-03
1.393972242840436394e-03
-2.243054035147676838e-03
-4.972512508877698773e-03
-5.643012383388423640e-03
-2.291767903581517444e-03
2.121623137018268258e-03
7.261717227274425840e-03
9.895683702948196783e-03
1.000134834220658270e-02
1.220259041902737977e-02
1.673693176053442713e-02
1.917569566447906160e-02
1.996534360031399294e-02
1.816243652111690712e-02
1.915073130877303562e-02
2.298442865000240379e-02
2.427216220690244300e-02
2.274960350729172964e-02
2.025009745443671558e-02
2.090090619276220585e-02
1.760521074188191315e-02
1.662586040252687566e-02
1.465287530638072905e-02
1.538138059562015741e-02
1.947246444915548547e-02
1.999137594984700880e-02
1.364068415684557486e-02
5.111632054766723776e-03
5.859735030731522826e-03
9.728689518174585271e-03
7.264947908601088362e-03
1.106968926719603501e-02
1.159412763594226334e-02
6.773323650189302285e-04
-2.430794000010680269e-03
-5.195763268488308786e-03
-7.334167258513246343e-03
-7.836685053960387726e-03
-9.235730267479053818e-03
-1.047103867739644471e-02
-1.113898871664521784e-02
-8.907642563825981033e-03
-5.583792125681513556e-03
-6.005930035724394399e-03
-8.783808679585832641e-03
-8.927080051477303754e-03
-1.219484746378166062e-02
-1.368233591609840406e-02
-1.732045688775919051e-02
-2.118859702990916541e-02
-2.123265177527274006e-02
-2.053925678309579186e-02
-2.214284951432980708e-02
-2.432489440211035858e-02
-2.439738448311768934e-02
-2.149524475748530034e-02
-1.495271457330976661e-02
-8.956236282954284367e-03
-6.966016436424997925e-03
-6.466195325391018919e-03
-6.280844996715919705e-03
-2.256110259682698928e-03
4.050727036797727360e-04
3.719341902203805294e-03
9.388026187208638185e-03
1.469933303785504047e-02
1.659742506688311262e-02
1.675375266330960886e-02
1.057503457630014874e-02
2.102425947978020515e-03
-6.045592656474445790e-03
-1.321161763685005895e-02
-1.651478904451932420e-02
-1.345431923403482902e-02
-9.858584267382935334e-03
-1.091241382624808486e-02
-7.125828362712063359e-03
-5.027086993437178061e-03
-4.417369317605343917e-03
-7.415508338361804196e-03
-1.385521741684333195e-02
-1.966043136270672481e-02
-1.905487886280017237e-02
-1.639303774824181492e-02
-1.354589970469970671e-02
-9.262496862768133249e-03
-7.969596885730000427e-03
-8.250786310455126421e-03
-9.901918116913283746e-03
-9.751264237692706602e-03
-9.597326277454116747e-03
-7.004717862730753739e-03
-4.508722839581986996e-03
-3.239639124885858052e-03
2.230945655134113428e-03
6.642267457694094740e-03
1.028976007518676676e-02
1.043227050147650312e-02
8.148966448973924553e-03
8.943099958882238729e-03
6.995412966513053082e-03
6.882178921005836780e-03
9.247064351968046006e-03
1.184929806105720906e-02
1.604246877453048559e-02
1.907503724628471786e-02
2.037505273219520838e-02
2.215553194102538176e-02
2.222415054440985208e-02
2.156199437167253055e-02
2.058825099990922031e-02
1.959942221533959514e-02
2.015664799457459258e-02
2.214151452204606366e-02
2.305251325647337743e-02
2.154811045192158575e-02
1.859857850021626874e-02
1.566119497829302626e-02
1.240954092285346567e-02
7.936262128404897309e-03
4.344291839993164560e-03
1.383359054184666757e-03
2.930268013050884787e-03
5.802664110601441112e-03
1.179972979756177195e-02
1.231327462927264173e-02
1.073495330196991455e-02
9.993031340278853147e-03
8.721077392172673498e-03
7.527674390042025411e-03
6.315768394858678123e-03
7.551797700609290918e-03
8.120477713638815653e-03
8.249090870254769878e-03
9.285952677193525309e-03
1.026650450960393465e-02
1.110717585052358597e-02
9.676210971500585900e-03
7.563625732243267792e-03
4.752665979590637441e-03
2.136201252756758998e-03
7.110689550214399982e-04
-2.014797054473025078e-03
-6.648782220038769106e-03
-8.088024051220983265e-03
-1.141092664484399249e-02
-1.492534723149300212e-02
-1.607651107776597241e-02
-1.470200302242253079e-02
-9.502848873533512389e-03
-7.702318080601493894e-03
-3.692828955448637738e-03
-2.163461795190823982e-03
1.002961012885345563e-04
-1.238360202278030895e-03
-4.120226735089471334e-03
-9.285325230820165587e-03
-1.411487341603165704e-02
-1.436505097000539272e-02
-1.197448028750393995e-02
-1.054562469628925539e-02
-9.203436804135272861e-03
-9.902625662823669184e-03
-1.048354755509513063e-02
-1.366271152952736045e-02
-1.952372815285127738e-02
-2.311459039766750392e-02
-2.344193050564168102e-02
-2.083001810249536859e-02
-1.559698184944490959e-02
-1.141170094036856458e-02
-8.594253125216937128e-03
-3.242335809299022598e-03
-2.194580465324910614e-04
-3.558849129852029516e-04
-6.773937746639825327e-03
-1.109279798362765648e-02
-1.023862987071934641e-02
-7.512054980322213811e-03
-3.925678309579370105e-03
-1.186698670881682375e-03
-2.919935172774701469e-03
-4.196334645185750660e-03
-5.605125302375752773e-03
-6.348702654498657866e-03
-7.832573277726455341e-03
-1.113477014102858507e-02
-1.396295129414151966e-02
-1.492000726235802321e-02
-1.302979168780404526e-02
-1.036702942856990335e-02
-7.901298680493627768e-03
-6.456583380948058802e-03
-5.992339814275873464e-03
-3.049015576689967019e-03
1.729842951507740319e-03
5.205041464860333048e-03
1.043710317354365653e-02
1.267369584603801093e-02
1.634884950364986697e-02
1.658701212706990488e-02
1.830835117773019216e-02
1.791786593473489869e-02
1.578267927611378546e-02
1.235391179438983036e-02
1.029706248297884881e-02
7.382881126947086516e-03
6.311456369782183183e-03
5.999401923456882703e-03
3.972843586964066968e-03
3.381855852873170542e-03
2.127083255458783566e-03
1.135836799863296784e-03
9.042276535641624938e-04
8.454933330485350437e-04
1.088536688257941932e-03
2.099662513950669319e-03
1.694185307608922020e-03
-2.352496702569059281e-03
-2.270621625807003018e-03
-3.487093294600757554e-03
-5.000627446373359826e-03
-4.712789760075187032e-03
-2.301459947561502843e-03
1.221543304479700198e-03
8.856752657969638046e-04
2.281995760064506763e-03
2.879538306268589545e-03
4.169901797967607952e-03
3.880755819231365093e-03
4.292320590386987204e-03
5.005072970678229802e-03
5.021773724147874686e-03
5.515453870676628040e-03
4.175695664479059550e-03
4.645212450672035406e-03
3.769257263693016023e-03
1.638355930302723071e-03
7.283944848798773984e-04
-6.110526681155783275e-04
5.799633678117340494e-04
1.042386005008891052e-03
5.558974619126701676e-03
5.817148776880069240e-03
5.640422498357959905e-03
3.853161528726364252e-03
1.895395344614908247e-03
-2.970664879556996277e-04
-3.512404748300554987e-03
-3.369640673476907624e-03
-4.253365515547320383e-03
-1.059415166580337164e-03
1.694171957686084690e-03
1.793855831513293999e-03
5.393008378411572826e-04
-2.145479449128784018e-04
7.013809160183054076e-04
1.428241494764160213e-03
1.356272060747488800e-03
1.285257146213694950e-03
1.894287301019400085e-03
4.459955571456797503e-03
6.209676558069495041e-03
5.902481483657024373e-03
2.511213935183454968e-03
-9.518962230398308891e-04
-2.510052491896596835e-03
-2.432195741908611646e-03
-7.379637095697588072e-05
2.484340540511676028e-03
6.866185713446576466e-03
8.618897082774861981e-03
8.230854875658819014e-03
7.572169682859233690e-03
5.738531081290350160e-03
4.957787543987996100e-03
2.967407498384659528e-03
2.078142438336706612e-04
-4.143949547971612600e-03
-8.393029738288112704e-03
-9.227066167557551948e-03
-8.565363892196703119e-03
-8.881022817688113968e-03
-1.070312708592544362e-02
-1.343149086598279494e-02
-1.571419417195768845e-02
-1.619172091185312745e-02
-1.526750575381674233e-02
-1.140019330688268710e-02
-5.404983259196761633e-03
-3.306428788841600259e-03
-3.391601296544506129e-03
-7.976832543907895826e-03
-1.163041272621444244e-02
-1.451537110115503661e-02
-1.403343888672323528e-02
-1.385908889446619066e-02
-1.436238098543790413e-02
-1.502360266357660561e-02
-1.288905680125168943e-02
-1.390047365526227326e-02
-1.204518147885105285e-02
-1.083545152109020859e-02
-8.861051333123294571e-03
-8.656156717414173127e-03
-6.279750303043249091e-03
-5.560042612953697630e-03
-6.204042890632093139e-03
-8.410691686202053166e-03
-1.095429253418915214e-02
-9.419011358114350377e-03
-9.328952778652940467e-03
-7.859953969466057164e-03
-3.203420784227867333e-03
-2.076540447596213115e-03
-1.364976210437503798e-04
1.917903314518842276e-03
2.781202774647962943e-03
3.881142966993651137e-03
6.110593430769970143e-03
7.687780014631514711e-03
8.582371693891609199e-03
7.055874767043847015e-03
6.802025984289811721e-03
8.910486097390358379e-03
8.313570997559634884e-03
8.280182840543182446e-03
6.304447660292524132e-03
9.272936502427017377e-03
9.753520374652234481e-03
1.122616371277374188e-02
1.266545894364730709e-02
1.309240282591166496e-02
1.362880272552024694e-02
1.556547603154853979e-02
1.363601168385246941e-02
1.171372959464294337e-02
1.149532485702232758e-02
1.255610972568578509e-02
1.525589132094816620e-02
1.576906235481959073e-02
1.512279259025882741e-02
1.191982570340743494e-02
6.841221357740553087e-03
5.668510736007946298e-03
4.647535337245750804e-03
4.981937554400935400e-03
5.804880197792456134e-03
6.053522510639889297e-03
8.148419102137590547e-03
1.025323468630351224e-02
1.489450890973850229e-02
1.875650808738325501e-02
1.844625588064100971e-02
1.836308586136372115e-02
1.438667784500205667e-02
1.197621577747280674e-02
1.161859804450330290e-02
1.089937095163590053e-02
1.072596880390031329e-02
1.121867440606193200e-02
1.530969150998307340e-02
1.716426279056107104e-02
1.611082037945820583e-02
1.528859863189990613e-02
1.184012666406788171e-02
6.002312206635445832e-03
3.047974282708645725e-03
3.963952538354328318e-04
2.534162452541024145e-03
2.699754895416704280e-03
2.455357858031580708e-03
-2.405389096851020332e-04
-2.574812967581047510e-03
1.365924054958962425e-04
-5.664799457459135986e-04
-4.683833777440766372e-04
-4.843205156274197200e-04
-2.766411060144072318e-03
-2.823628829425365964e-03
-1.341560445780623457e-03
-1.752871568402334778e-03
-1.682691024045881003e-03
-1.759947027506181131e-03
-1.229314294563377393e-03
-1.847068623943353468e-03
-3.573400545744845596e-03
-4.893454265834343460e-03
-7.494339632716922293e-03
-1.087687633165480318e-02
-1.195210581682837857e-02
-1.355911612830877806e-02
-1.255868626079341410e-02
-1.125999241724382795e-02
-9.688786598813458467e-03
-9.115674411401902821e-03
-1.116263142999033599e-02
-1.504896751696775323e-02
-1.843971441845066242e-02
-1.708082577282703587e-02
-1.828031633977155943e-02
-1.584796039878889548e-02
-1.370836826563142513e-02
-1.211741791132447260e-02
-1.319458313530947995e-02
-1.133819626522558806e-02
-9.128410237788825085e-03
-7.657222041256602288e-03
-7.306239219937309647e-03
-6.321722460444178550e-03
-4.455817095377188723e-03
-3.064221138801817915e-03
-1.858149059898433998e-03
-9.914747392760071658e-04
-8.553028563494904013e-04
-1.721606049117036050e-03
-2.812241345245024456e-03
-4.598153972670038052e-03
-7.769601691702221653e-03
-7.396337849167232414e-03
-7.330843127726722509e-03
-7.679823460620398279e-03
-8.776079074262950822e-03
-8.091241382624809325e-03
-4.049044946520209340e-03
-2.014263057559527101e-03
1.114829361286291806e-03
1.630586275211329261e-03
-2.963122173153839140e-04
3.584574431159788196e-04
6.896556787901765833e-04
7.958062552398446985e-04
1.524561188036333264e-03
1.394452840062584617e-03
2.453755867291087210e-03
4.142654605456380298e-03
4.584256702996256788e-03
4.660177714172812624e-03
3.630404716260740225e-03
3.757375832367688961e-03
5.185603977209012061e-03
6.162070733231161945e-03
5.929742026091089357e-03
2.513710370754057392e-03
2.229383714162132355e-03
2.763607576348208915e-04
-1.213115498192420547e-03
-1.178210789941634088e-03
-1.086394025642531793e-03
1.231629171183390523e-03
1.748239145177740879e-03
3.568941671517138724e-03
4.428770151708523624e-03
4.302426481974934609e-03
3.665394864017686161e-03
2.263973364233954483e-03
1.770907314155724171e-03
3.349388840532501691e-03
4.454442053324931573e-03
6.308252388301195321e-03
6.510049821912029279e-03
4.901998216450308490e-03
3.890794961205124546e-03
1.986094720372516293e-03
1.033862079277181800e-03
-3.042941361798928669e-04
2.634834220658204560e-04
-2.842492270394677200e-04
-1.547563105085252629e-03
-9.149957013248463319e-04
-1.259085957483165735e-03
-9.240255891320948642e-04
1.952212616211078302e-03
3.663659374048818061e-03
3.827235978576043994e-03
1.305610438571665330e-03
1.328299967426188220e-03
1.526857374764373785e-03
2.200521180987573874e-03
1.105310866303192783e-03
-6.620400284086357112e-04
-1.080002082587962556e-03
-4.565460011641132420e-04
4.846863035131657323e-04
-3.004012986804936399e-04
3.479310289586526415e-04
1.265842353431197165e-03
1.027418071523546628e-03
8.335411471321695466e-04
4.322584865459477713e-04
-2.290993608056945627e-04
1.541649089268264192e-04
-2.168761714557289702e-04
-2.130220487325583043e-03
-3.004947481403557642e-03
-3.495650595139559915e-03
-4.227279766322950862e-03
-4.438595694916883626e-03
-4.631662278992027329e-03
-3.842481590456407314e-03
-5.339755536213000933e-03
-5.971887732488906711e-03
-6.908798667143703845e-03
-5.483360656175407036e-03
-3.587084216653227842e-03
-2.379703845311774077e-03
-1.325629982858699202e-03
-3.120798111786913750e-04
4.940739692524577379e-04
8.601261834706595746e-04
-7.776490251886344299e-04
-2.167880619650018430e-03
-2.775021760374224867e-03
-2.897827700555891031e-03
-2.261089780901066448e-03
-1.281114665157235362e-03
-1.286168945943492450e-04
6.491893926853103697e-04
9.150731308773035408e-04
1.351359289143308799e-03
8.742156920333000406e-04
1.034197162340401693e-03
6.344190380579599938e-04
-2.353898444466991091e-04
-1.453486198849770670e-04
-7.704080270416037522e-04
-1.212868524619927771e-03
-1.768464278276471718e-03
-2.168267767412304474e-03
-2.086552889724297474e-03
-2.084550401298680602e-03
-1.208410985384504501e-03
-3.506971329705714231e-04
7.072415321439441444e-05
1.575758142117938748e-04
4.249453988155948926e-04
2.503511029706248134e-04
-2.136681849978907261e-05
-4.581560018583092785e-04
-8.034317311645937810e-04
-8.040511675842513433e-04
-2.867923873400011797e-04
3.549384034560280356e-05
4.318406339611357159e-04
1.127495768074460647e-03
1.234611543945276016e-03
1.252368276311362910e-03
1.547202657168641462e-03
1.661130898663405872e-03
2.356808727645554220e-03
2.223589847650680757e-03
2.272130167087634336e-03
2.809184212915249394e-03
2.979569278089573125e-03
2.598348881543464852e-03
2.447481403557487389e-03
2.113319485013376905e-03
1.914952981571766506e-03
1.853877084590451049e-03
2.068677343044957127e-03
1.865705116224428356e-03
1.546535161026769316e-03
1.626581298360095518e-03
1.698670881682303986e-03
1.640131470040103161e-03
1.605541819968280600e-03
1.448653526782615409e-03
1.482201882873117110e-03
1.695800648272253065e-03
2.027519530937111313e-03
2.034020943358947481e-03
1.828058333822830516e-03
1.473471033337427289e-03
1.218881329865913448e-03
1.079233127032525746e-03
6.654162238942259132e-04
3.883866351252489475e-04
2.058745000453897670e-04
1.265680819364864028e-04
9.236624712309163287e-05
6.807272503964927144e-05
2.988433626853636939e-05
-5.737930334762665450e-05
-9.776589041315341636e-05
-1.999738341512386061e-04
-3.098637239876753774e-04
-3.712693640630757735e-04
-4.856261380809218748e-04
-5.384077280033321752e-04
-6.361785578879354400e-04
-7.288590621946205430e-04
-7.814016884982405518e-04
-8.128100519578996446e-04
-8.255351984065531935e-04
-8.115284593655048900e-04
-7.663256206379126913e-04
-7.266977096872380111e-04
-6.966096535962022773e-04
-6.713275697266470358e-04
-6.580350515574019676e-04
-6.373720409896030782e-04
-6.089433803072618386e-04
-5.750078764544740931e-04
-5.390391793535433563e-04
-4.910021520075614175e-04
-4.356320120469703338e-04
-3.766346980514452460e-04
-3.149180047739324117e-04
-2.542252505780517023e-04
-1.950263527476811347e-04
